Region,Codigo region,Comuna,Codigo comuna,Defunciones,Fecha
Tarapacá,1,Iquique,1101,8,2020-01-02
Tarapacá,1,Iquique,1101,7,2020-01-03
Tarapacá,1,Iquique,1101,9,2020-01-06
Tarapacá,1,Iquique,1101,4,2020-01-07
Tarapacá,1,Iquique,1101,8,2020-01-08
Tarapacá,1,Iquique,1101,5,2020-01-09
Tarapacá,1,Iquique,1101,3,2020-01-10
Tarapacá,1,Iquique,1101,5,2020-01-13
Tarapacá,1,Iquique,1101,2,2020-01-14
Tarapacá,1,Iquique,1101,3,2020-01-15
Tarapacá,1,Iquique,1101,5,2020-01-16
Tarapacá,1,Iquique,1101,2,2020-01-17
Tarapacá,1,Iquique,1101,2,2020-01-19
Tarapacá,1,Iquique,1101,5,2020-01-20
Tarapacá,1,Iquique,1101,8,2020-01-21
Tarapacá,1,Iquique,1101,4,2020-01-22
Tarapacá,1,Iquique,1101,4,2020-01-23
Tarapacá,1,Iquique,1101,5,2020-01-24
Tarapacá,1,Iquique,1101,11,2020-01-27
Tarapacá,1,Iquique,1101,2,2020-01-28
Tarapacá,1,Iquique,1101,6,2020-01-29
Tarapacá,1,Iquique,1101,4,2020-01-30
Tarapacá,1,Iquique,1101,4,2020-01-31
Tarapacá,1,Iquique,1101,8,2020-02-03
Tarapacá,1,Iquique,1101,6,2020-02-04
Tarapacá,1,Iquique,1101,4,2020-02-05
Tarapacá,1,Iquique,1101,1,2020-02-06
Tarapacá,1,Iquique,1101,3,2020-02-07
Tarapacá,1,Iquique,1101,8,2020-02-10
Tarapacá,1,Iquique,1101,10,2020-02-11
Tarapacá,1,Iquique,1101,2,2020-02-12
Tarapacá,1,Iquique,1101,3,2020-02-14
Tarapacá,1,Iquique,1101,6,2020-02-17
Tarapacá,1,Iquique,1101,5,2020-02-18
Tarapacá,1,Iquique,1101,7,2020-02-19
Tarapacá,1,Iquique,1101,6,2020-02-20
Tarapacá,1,Iquique,1101,1,2020-02-21
Tarapacá,1,Iquique,1101,10,2020-02-24
Tarapacá,1,Iquique,1101,5,2020-02-25
Tarapacá,1,Iquique,1101,2,2020-02-26
Tarapacá,1,Iquique,1101,6,2020-02-27
Tarapacá,1,Iquique,1101,3,2020-02-28
Tarapacá,1,Iquique,1101,10,2020-03-02
Tarapacá,1,Iquique,1101,6,2020-03-03
Tarapacá,1,Iquique,1101,4,2020-03-04
Tarapacá,1,Iquique,1101,7,2020-03-05
Tarapacá,1,Iquique,1101,9,2020-03-06
Tarapacá,1,Iquique,1101,9,2020-03-09
Tarapacá,1,Iquique,1101,5,2020-03-10
Tarapacá,1,Iquique,1101,1,2020-03-11
Tarapacá,1,Iquique,1101,8,2020-03-12
Tarapacá,1,Iquique,1101,3,2020-03-13
Tarapacá,1,Iquique,1101,12,2020-03-16
Tarapacá,1,Iquique,1101,7,2020-03-17
Tarapacá,1,Iquique,1101,6,2020-03-18
Tarapacá,1,Iquique,1101,4,2020-03-19
Tarapacá,1,Iquique,1101,3,2020-03-20
Tarapacá,1,Iquique,1101,5,2020-03-23
Tarapacá,1,Iquique,1101,6,2020-03-24
Tarapacá,1,Iquique,1101,5,2020-03-25
Tarapacá,1,Iquique,1101,5,2020-03-26
Tarapacá,1,Iquique,1101,5,2020-03-27
Tarapacá,1,Iquique,1101,5,2020-03-30
Tarapacá,1,Iquique,1101,3,2020-03-31
Tarapacá,1,Iquique,1101,2,2020-04-01
Tarapacá,1,Iquique,1101,3,2020-04-02
Tarapacá,1,Iquique,1101,4,2020-04-03
Tarapacá,1,Iquique,1101,12,2020-04-06
Tarapacá,1,Iquique,1101,3,2020-04-07
Tarapacá,1,Iquique,1101,2,2020-04-08
Tarapacá,1,Iquique,1101,4,2020-04-09
Tarapacá,1,Iquique,1101,6,2020-04-13
Tarapacá,1,Iquique,1101,3,2020-04-14
Tarapacá,1,Iquique,1101,2,2020-04-15
Tarapacá,1,Iquique,1101,9,2020-04-16
Tarapacá,1,Iquique,1101,1,2020-04-17
Tarapacá,1,Iquique,1101,4,2020-04-20
Tarapacá,1,Iquique,1101,1,2020-04-21
Tarapacá,1,Iquique,1101,2,2020-04-22
Tarapacá,1,Iquique,1101,3,2020-04-23
Tarapacá,1,Iquique,1101,3,2020-04-24
Tarapacá,1,Iquique,1101,7,2020-04-27
Tarapacá,1,Iquique,1101,8,2020-04-28
Tarapacá,1,Iquique,1101,4,2020-04-29
Tarapacá,1,Iquique,1101,8,2020-04-30
Tarapacá,1,Iquique,1101,6,2020-05-02
Tarapacá,1,Iquique,1101,2,2020-05-03
Tarapacá,1,Iquique,1101,14,2020-05-04
Tarapacá,1,Iquique,1101,7,2020-05-05
Tarapacá,1,Iquique,1101,2,2020-05-06
Tarapacá,1,Iquique,1101,7,2020-05-07
Tarapacá,1,Iquique,1101,2,2020-05-08
Tarapacá,1,Iquique,1101,1,2020-05-09
Tarapacá,1,Iquique,1101,6,2020-05-11
Tarapacá,1,Iquique,1101,4,2020-05-12
Tarapacá,1,Iquique,1101,3,2020-05-13
Tarapacá,1,Iquique,1101,10,2020-05-14
Tarapacá,1,Iquique,1101,5,2020-05-15
Tarapacá,1,Iquique,1101,9,2020-05-18
Tarapacá,1,Iquique,1101,3,2020-05-19
Tarapacá,1,Iquique,1101,6,2020-05-20
Tarapacá,1,Iquique,1101,12,2020-05-22
Tarapacá,1,Iquique,1101,8,2020-05-25
Tarapacá,1,Iquique,1101,5,2020-05-26
Tarapacá,1,Iquique,1101,13,2020-05-27
Tarapacá,1,Iquique,1101,4,2020-05-28
Tarapacá,1,Iquique,1101,2,2020-05-29
Tarapacá,1,Iquique,1101,1,2020-05-31
Tarapacá,1,Iquique,1101,17,2020-06-01
Tarapacá,1,Iquique,1101,4,2020-06-02
Tarapacá,1,Iquique,1101,6,2020-06-03
Tarapacá,1,Iquique,1101,16,2020-06-04
Tarapacá,1,Iquique,1101,7,2020-06-05
Tarapacá,1,Iquique,1101,1,2020-06-06
Tarapacá,1,Iquique,1101,17,2020-06-08
Tarapacá,1,Iquique,1101,2,2020-06-09
Tarapacá,1,Iquique,1101,7,2020-06-10
Tarapacá,1,Iquique,1101,8,2020-06-11
Tarapacá,1,Iquique,1101,11,2020-06-12
Tarapacá,1,Iquique,1101,16,2020-06-15
Tarapacá,1,Iquique,1101,2,2020-06-16
Tarapacá,1,Iquique,1101,12,2020-06-17
Tarapacá,1,Iquique,1101,10,2020-06-18
Tarapacá,1,Iquique,1101,6,2020-06-19
Tarapacá,1,Iquique,1101,3,2020-06-20
Tarapacá,1,Iquique,1101,15,2020-06-22
Tarapacá,1,Iquique,1101,6,2020-06-23
Tarapacá,1,Iquique,1101,4,2020-06-24
Tarapacá,1,Iquique,1101,7,2020-06-25
Tarapacá,1,Iquique,1101,8,2020-06-26
Tarapacá,1,Iquique,1101,3,2020-06-27
Tarapacá,1,Iquique,1101,1,2020-06-28
Tarapacá,1,Iquique,1101,1,2020-06-29
Tarapacá,1,Iquique,1101,10,2020-06-30
Tarapacá,1,Iquique,1101,4,2020-07-01
Tarapacá,1,Iquique,1101,8,2020-07-02
Tarapacá,1,Iquique,1101,8,2020-07-03
Tarapacá,1,Iquique,1101,8,2020-07-06
Tarapacá,1,Iquique,1101,3,2020-07-07
Tarapacá,1,Iquique,1101,2,2020-07-08
Tarapacá,1,Iquique,1101,5,2020-07-09
Tarapacá,1,Iquique,1101,7,2020-07-10
Tarapacá,1,Iquique,1101,1,2020-07-12
Tarapacá,1,Iquique,1101,11,2020-07-13
Tarapacá,1,Iquique,1101,9,2020-07-14
Tarapacá,1,Iquique,1101,1,2020-07-15
Tarapacá,1,Iquique,1101,8,2020-07-17
Tarapacá,1,Iquique,1101,18,2020-07-20
Tarapacá,1,Iquique,1101,5,2020-07-21
Tarapacá,1,Iquique,1101,7,2020-07-22
Tarapacá,1,Iquique,1101,2,2020-07-23
Tarapacá,1,Iquique,1101,11,2020-07-24
Tarapacá,1,Iquique,1101,8,2020-07-27
Tarapacá,1,Iquique,1101,6,2020-07-28
Tarapacá,1,Iquique,1101,5,2020-07-29
Tarapacá,1,Iquique,1101,5,2020-07-30
Tarapacá,1,Iquique,1101,9,2020-07-31
Tarapacá,1,Iquique,1101,12,2020-08-03
Tarapacá,1,Iquique,1101,5,2020-08-04
Tarapacá,1,Iquique,1101,8,2020-08-05
Tarapacá,1,Iquique,1101,5,2020-08-06
Tarapacá,1,Iquique,1101,7,2020-08-07
Tarapacá,1,Iquique,1101,1,2020-08-09
Tarapacá,1,Iquique,1101,14,2020-08-10
Tarapacá,1,Iquique,1101,3,2020-08-11
Tarapacá,1,Iquique,1101,1,2020-08-12
Tarapacá,1,Iquique,1101,7,2020-08-13
Tarapacá,1,Iquique,1101,3,2020-08-14
Tarapacá,1,Iquique,1101,17,2020-08-17
Tarapacá,1,Iquique,1101,8,2020-08-19
Tarapacá,1,Iquique,1101,4,2020-08-20
Tarapacá,1,Iquique,1101,6,2020-08-21
Tarapacá,1,Iquique,1101,15,2020-08-24
Tarapacá,1,Iquique,1101,4,2020-08-25
Tarapacá,1,Iquique,1101,3,2020-08-26
Tarapacá,1,Iquique,1101,7,2020-08-27
Tarapacá,1,Iquique,1101,4,2020-08-28
Tarapacá,1,Iquique,1101,11,2020-08-31
Tarapacá,1,Iquique,1101,6,2020-09-01
Tarapacá,1,Iquique,1101,6,2020-09-02
Tarapacá,1,Iquique,1101,4,2020-09-03
Tarapacá,1,Iquique,1101,7,2020-09-04
Tarapacá,1,Iquique,1101,9,2020-09-07
Tarapacá,1,Iquique,1101,3,2020-09-08
Tarapacá,1,Iquique,1101,2,2020-09-09
Tarapacá,1,Iquique,1101,6,2020-09-10
Tarapacá,1,Iquique,1101,5,2020-09-11
Tarapacá,1,Iquique,1101,1,2020-09-12
Tarapacá,1,Iquique,1101,1,2020-09-13
Tarapacá,1,Iquique,1101,12,2020-09-14
Tarapacá,1,Iquique,1101,4,2020-09-15
Tarapacá,1,Iquique,1101,4,2020-09-16
Tarapacá,1,Iquique,1101,2,2020-09-17
Tarapacá,1,Iquique,1101,1,2020-09-19
Tarapacá,1,Iquique,1101,13,2020-09-21
Tarapacá,1,Iquique,1101,9,2020-09-22
Tarapacá,1,Iquique,1101,4,2020-09-23
Tarapacá,1,Iquique,1101,4,2020-09-24
Tarapacá,1,Iquique,1101,8,2020-09-25
Tarapacá,1,Iquique,1101,5,2020-09-28
Tarapacá,1,Iquique,1101,6,2020-09-29
Tarapacá,1,Iquique,1101,4,2020-09-30
Tarapacá,1,Iquique,1101,4,2020-10-01
Tarapacá,1,Iquique,1101,3,2020-10-02
Tarapacá,1,Iquique,1101,5,2020-10-05
Tarapacá,1,Iquique,1101,5,2020-10-06
Tarapacá,1,Iquique,1101,2,2020-10-07
Tarapacá,1,Iquique,1101,5,2020-10-08
Tarapacá,1,Iquique,1101,1,2020-10-11
Tarapacá,1,Iquique,1101,7,2020-10-13
Tarapacá,1,Iquique,1101,10,2020-10-14
Tarapacá,1,Iquique,1101,8,2020-10-15
Tarapacá,1,Iquique,1101,5,2020-10-16
Tarapacá,1,Iquique,1101,13,2020-10-19
Tarapacá,1,Iquique,1101,7,2020-10-20
Tarapacá,1,Iquique,1101,4,2020-10-21
Tarapacá,1,Iquique,1101,5,2020-10-22
Tarapacá,1,Iquique,1101,2,2020-10-23
Tarapacá,1,Iquique,1101,9,2020-10-26
Tarapacá,1,Iquique,1101,2,2020-10-27
Tarapacá,1,Iquique,1101,6,2020-10-28
Tarapacá,1,Iquique,1101,1,2020-10-29
Tarapacá,1,Iquique,1101,5,2020-10-30
Tarapacá,1,Iquique,1101,9,2020-11-02
Tarapacá,1,Iquique,1101,3,2020-11-03
Tarapacá,1,Iquique,1101,10,2020-11-04
Tarapacá,1,Iquique,1101,4,2020-11-05
Tarapacá,1,Iquique,1101,8,2020-11-06
Tarapacá,1,Iquique,1101,10,2020-11-09
Tarapacá,1,Iquique,1101,5,2020-11-10
Tarapacá,1,Iquique,1101,5,2020-11-11
Tarapacá,1,Iquique,1101,6,2020-11-12
Tarapacá,1,Iquique,1101,4,2020-11-13
Tarapacá,1,Iquique,1101,5,2020-11-16
Tarapacá,1,Iquique,1101,3,2020-11-17
Tarapacá,1,Iquique,1101,7,2020-11-18
Tarapacá,1,Iquique,1101,7,2020-11-19
Tarapacá,1,Iquique,1101,3,2020-11-20
Tarapacá,1,Iquique,1101,1,2020-11-21
Tarapacá,1,Iquique,1101,14,2020-11-23
Tarapacá,1,Iquique,1101,11,2020-11-25
Tarapacá,1,Iquique,1101,4,2020-11-26
Tarapacá,1,Iquique,1101,6,2020-11-27
Tarapacá,1,Iquique,1101,8,2020-11-30
Tarapacá,1,Iquique,1101,4,2020-12-01
Tarapacá,1,Iquique,1101,7,2020-12-02
Tarapacá,1,Iquique,1101,4,2020-12-03
Tarapacá,1,Iquique,1101,4,2020-12-04
Tarapacá,1,Iquique,1101,10,2020-12-07
Tarapacá,1,Iquique,1101,7,2020-12-09
Tarapacá,1,Iquique,1101,2,2020-12-10
Tarapacá,1,Iquique,1101,4,2020-12-11
Tarapacá,1,Iquique,1101,1,2020-12-13
Tarapacá,1,Iquique,1101,7,2020-12-14
Tarapacá,1,Iquique,1101,6,2020-12-15
Tarapacá,1,Iquique,1101,5,2020-12-16
Tarapacá,1,Iquique,1101,4,2020-12-17
Tarapacá,1,Iquique,1101,3,2020-12-18
Tarapacá,1,Iquique,1101,6,2020-12-21
Tarapacá,1,Iquique,1101,4,2020-12-23
Tarapacá,1,Iquique,1101,3,2020-12-24
Tarapacá,1,Iquique,1101,3,2020-12-25
Tarapacá,1,Iquique,1101,1,2020-12-26
Tarapacá,1,Iquique,1101,3,2020-12-27
Tarapacá,1,Iquique,1101,18,2020-12-28
Tarapacá,1,Iquique,1101,4,2020-12-29
Tarapacá,1,Iquique,1101,6,2020-12-30
Tarapacá,1,Iquique,1101,4,2020-12-31
Tarapacá,1,Iquique,1101,2,2021-01-02
Tarapacá,1,Iquique,1101,12,2021-01-04
Tarapacá,1,Iquique,1101,4,2021-01-05
Tarapacá,1,Iquique,1101,8,2021-01-06
Tarapacá,1,Iquique,1101,11,2021-01-07
Tarapacá,1,Iquique,1101,4,2021-01-08
Tarapacá,1,Iquique,1101,15,2021-01-11
Tarapacá,1,Iquique,1101,3,2021-01-12
Tarapacá,1,Iquique,1101,8,2021-01-13
Tarapacá,1,Iquique,1101,3,2021-01-14
Tarapacá,1,Alto Hospicio,1107,2,2020-01-03
Tarapacá,1,Alto Hospicio,1107,4,2020-01-07
Tarapacá,1,Alto Hospicio,1107,1,2020-01-15
Tarapacá,1,Alto Hospicio,1107,3,2020-01-16
Tarapacá,1,Alto Hospicio,1107,1,2020-01-17
Tarapacá,1,Alto Hospicio,1107,1,2020-01-20
Tarapacá,1,Alto Hospicio,1107,1,2020-01-21
Tarapacá,1,Alto Hospicio,1107,1,2020-01-22
Tarapacá,1,Alto Hospicio,1107,2,2020-01-27
Tarapacá,1,Alto Hospicio,1107,1,2020-01-29
Tarapacá,1,Alto Hospicio,1107,2,2020-02-03
Tarapacá,1,Alto Hospicio,1107,2,2020-02-05
Tarapacá,1,Alto Hospicio,1107,1,2020-02-17
Tarapacá,1,Alto Hospicio,1107,3,2020-02-20
Tarapacá,1,Alto Hospicio,1107,1,2020-02-21
Tarapacá,1,Alto Hospicio,1107,2,2020-03-09
Tarapacá,1,Alto Hospicio,1107,1,2020-03-10
Tarapacá,1,Alto Hospicio,1107,1,2020-03-12
Tarapacá,1,Alto Hospicio,1107,2,2020-03-13
Tarapacá,1,Alto Hospicio,1107,2,2020-03-16
Tarapacá,1,Alto Hospicio,1107,1,2020-03-17
Tarapacá,1,Alto Hospicio,1107,1,2020-03-23
Tarapacá,1,Alto Hospicio,1107,1,2020-03-25
Tarapacá,1,Alto Hospicio,1107,1,2020-03-26
Tarapacá,1,Alto Hospicio,1107,2,2020-03-30
Tarapacá,1,Alto Hospicio,1107,1,2020-04-03
Tarapacá,1,Alto Hospicio,1107,2,2020-04-14
Tarapacá,1,Alto Hospicio,1107,1,2020-04-15
Tarapacá,1,Alto Hospicio,1107,1,2020-04-16
Tarapacá,1,Alto Hospicio,1107,1,2020-04-20
Tarapacá,1,Alto Hospicio,1107,1,2020-04-24
Tarapacá,1,Alto Hospicio,1107,1,2020-04-27
Tarapacá,1,Alto Hospicio,1107,1,2020-04-29
Tarapacá,1,Alto Hospicio,1107,2,2020-04-30
Tarapacá,1,Alto Hospicio,1107,1,2020-05-03
Tarapacá,1,Alto Hospicio,1107,1,2020-05-04
Tarapacá,1,Alto Hospicio,1107,1,2020-05-05
Tarapacá,1,Alto Hospicio,1107,2,2020-05-06
Tarapacá,1,Alto Hospicio,1107,1,2020-05-08
Tarapacá,1,Alto Hospicio,1107,1,2020-05-11
Tarapacá,1,Alto Hospicio,1107,1,2020-05-13
Tarapacá,1,Alto Hospicio,1107,1,2020-05-18
Tarapacá,1,Alto Hospicio,1107,1,2020-05-19
Tarapacá,1,Alto Hospicio,1107,1,2020-05-26
Tarapacá,1,Alto Hospicio,1107,1,2020-05-27
Tarapacá,1,Alto Hospicio,1107,1,2020-05-28
Tarapacá,1,Alto Hospicio,1107,2,2020-05-29
Tarapacá,1,Alto Hospicio,1107,1,2020-06-03
Tarapacá,1,Alto Hospicio,1107,1,2020-06-04
Tarapacá,1,Alto Hospicio,1107,5,2020-06-05
Tarapacá,1,Alto Hospicio,1107,1,2020-06-08
Tarapacá,1,Alto Hospicio,1107,1,2020-06-10
Tarapacá,1,Alto Hospicio,1107,1,2020-06-12
Tarapacá,1,Alto Hospicio,1107,2,2020-06-15
Tarapacá,1,Alto Hospicio,1107,1,2020-06-18
Tarapacá,1,Alto Hospicio,1107,1,2020-06-19
Tarapacá,1,Alto Hospicio,1107,2,2020-06-22
Tarapacá,1,Alto Hospicio,1107,3,2020-06-23
Tarapacá,1,Alto Hospicio,1107,1,2020-06-24
Tarapacá,1,Alto Hospicio,1107,2,2020-06-25
Tarapacá,1,Alto Hospicio,1107,4,2020-06-26
Tarapacá,1,Alto Hospicio,1107,1,2020-06-30
Tarapacá,1,Alto Hospicio,1107,5,2020-07-06
Tarapacá,1,Alto Hospicio,1107,1,2020-07-07
Tarapacá,1,Alto Hospicio,1107,1,2020-07-08
Tarapacá,1,Alto Hospicio,1107,1,2020-07-14
Tarapacá,1,Alto Hospicio,1107,2,2020-07-17
Tarapacá,1,Alto Hospicio,1107,3,2020-07-20
Tarapacá,1,Alto Hospicio,1107,2,2020-07-23
Tarapacá,1,Alto Hospicio,1107,3,2020-07-24
Tarapacá,1,Alto Hospicio,1107,1,2020-07-27
Tarapacá,1,Alto Hospicio,1107,1,2020-07-31
Tarapacá,1,Alto Hospicio,1107,1,2020-08-05
Tarapacá,1,Alto Hospicio,1107,2,2020-08-07
Tarapacá,1,Alto Hospicio,1107,1,2020-08-10
Tarapacá,1,Alto Hospicio,1107,1,2020-08-12
Tarapacá,1,Alto Hospicio,1107,2,2020-08-13
Tarapacá,1,Alto Hospicio,1107,2,2020-08-14
Tarapacá,1,Alto Hospicio,1107,3,2020-08-28
Tarapacá,1,Alto Hospicio,1107,3,2020-08-31
Tarapacá,1,Alto Hospicio,1107,1,2020-09-02
Tarapacá,1,Alto Hospicio,1107,1,2020-09-03
Tarapacá,1,Alto Hospicio,1107,4,2020-09-07
Tarapacá,1,Alto Hospicio,1107,1,2020-09-08
Tarapacá,1,Alto Hospicio,1107,1,2020-09-09
Tarapacá,1,Alto Hospicio,1107,1,2020-09-10
Tarapacá,1,Alto Hospicio,1107,1,2020-09-14
Tarapacá,1,Alto Hospicio,1107,1,2020-09-19
Tarapacá,1,Alto Hospicio,1107,1,2020-09-22
Tarapacá,1,Alto Hospicio,1107,1,2020-09-24
Tarapacá,1,Alto Hospicio,1107,1,2020-09-28
Tarapacá,1,Alto Hospicio,1107,1,2020-10-02
Tarapacá,1,Alto Hospicio,1107,2,2020-10-06
Tarapacá,1,Alto Hospicio,1107,1,2020-10-07
Tarapacá,1,Alto Hospicio,1107,2,2020-10-13
Tarapacá,1,Alto Hospicio,1107,2,2020-10-15
Tarapacá,1,Alto Hospicio,1107,1,2020-10-16
Tarapacá,1,Alto Hospicio,1107,3,2020-10-19
Tarapacá,1,Alto Hospicio,1107,1,2020-10-22
Tarapacá,1,Alto Hospicio,1107,1,2020-10-23
Tarapacá,1,Alto Hospicio,1107,2,2020-10-26
Tarapacá,1,Alto Hospicio,1107,1,2020-10-27
Tarapacá,1,Alto Hospicio,1107,1,2020-10-29
Tarapacá,1,Alto Hospicio,1107,1,2020-11-04
Tarapacá,1,Alto Hospicio,1107,1,2020-11-05
Tarapacá,1,Alto Hospicio,1107,1,2020-11-06
Tarapacá,1,Alto Hospicio,1107,1,2020-11-09
Tarapacá,1,Alto Hospicio,1107,1,2020-11-10
Tarapacá,1,Alto Hospicio,1107,1,2020-11-19
Tarapacá,1,Alto Hospicio,1107,1,2020-11-23
Tarapacá,1,Alto Hospicio,1107,1,2020-11-30
Tarapacá,1,Alto Hospicio,1107,1,2020-12-02
Tarapacá,1,Alto Hospicio,1107,2,2020-12-04
Tarapacá,1,Alto Hospicio,1107,2,2020-12-11
Tarapacá,1,Alto Hospicio,1107,1,2020-12-14
Tarapacá,1,Alto Hospicio,1107,1,2020-12-18
Tarapacá,1,Alto Hospicio,1107,3,2020-12-23
Tarapacá,1,Alto Hospicio,1107,1,2020-12-24
Tarapacá,1,Alto Hospicio,1107,1,2020-12-26
Tarapacá,1,Alto Hospicio,1107,2,2020-12-28
Tarapacá,1,Alto Hospicio,1107,1,2021-01-03
Tarapacá,1,Alto Hospicio,1107,2,2021-01-04
Tarapacá,1,Alto Hospicio,1107,1,2021-01-05
Tarapacá,1,Pozo Almonte,1401,1,2020-01-03
Tarapacá,1,Pozo Almonte,1401,1,2020-01-19
Tarapacá,1,Pozo Almonte,1401,1,2020-02-17
Tarapacá,1,Pozo Almonte,1401,1,2020-04-20
Tarapacá,1,Pozo Almonte,1401,2,2020-04-28
Tarapacá,1,Pozo Almonte,1401,1,2020-04-29
Tarapacá,1,Pozo Almonte,1401,1,2020-05-07
Tarapacá,1,Pozo Almonte,1401,2,2020-05-18
Tarapacá,1,Pozo Almonte,1401,1,2020-05-19
Tarapacá,1,Pozo Almonte,1401,1,2020-05-25
Tarapacá,1,Pozo Almonte,1401,1,2020-06-08
Tarapacá,1,Pozo Almonte,1401,1,2020-06-25
Tarapacá,1,Pozo Almonte,1401,1,2020-06-26
Tarapacá,1,Pozo Almonte,1401,1,2020-07-02
Tarapacá,1,Pozo Almonte,1401,1,2020-07-08
Tarapacá,1,Pozo Almonte,1401,1,2020-07-09
Tarapacá,1,Pozo Almonte,1401,1,2020-07-24
Tarapacá,1,Pozo Almonte,1401,1,2020-08-06
Tarapacá,1,Pozo Almonte,1401,1,2020-08-14
Tarapacá,1,Pozo Almonte,1401,1,2020-08-21
Tarapacá,1,Pozo Almonte,1401,1,2020-08-31
Tarapacá,1,Pozo Almonte,1401,1,2020-09-08
Tarapacá,1,Pozo Almonte,1401,1,2020-09-25
Tarapacá,1,Pozo Almonte,1401,1,2020-11-12
Tarapacá,1,Pozo Almonte,1401,1,2020-11-13
Tarapacá,1,Pozo Almonte,1401,1,2020-11-20
Tarapacá,1,Pozo Almonte,1401,1,2020-11-24
Tarapacá,1,Pozo Almonte,1401,1,2020-12-14
Tarapacá,1,Pozo Almonte,1401,1,2020-12-18
Tarapacá,1,Pozo Almonte,1401,1,2020-12-21
Tarapacá,1,Pozo Almonte,1401,1,2021-01-04
Tarapacá,1,Pozo Almonte,1401,1,2021-01-11
Tarapacá,1,Pozo Almonte,1401,1,2021-01-12
Tarapacá,1,Camiña,1402,1,2020-02-24
Tarapacá,1,Camiña,1402,1,2020-06-09
Tarapacá,1,Camiña,1402,1,2020-07-20
Tarapacá,1,Camiña,1402,1,2020-12-28
Tarapacá,1,Colchane,1403,1,2020-02-13
Tarapacá,1,Colchane,1403,1,2020-06-16
Tarapacá,1,Huara,1404,1,2020-03-11
Tarapacá,1,Huara,1404,1,2020-05-08
Tarapacá,1,Huara,1404,1,2020-05-22
Tarapacá,1,Huara,1404,1,2020-08-25
Tarapacá,1,Huara,1404,1,2020-08-31
Tarapacá,1,Huara,1404,1,2020-09-07
Tarapacá,1,Huara,1404,1,2020-11-12
Tarapacá,1,Huara,1404,1,2020-11-24
Tarapacá,1,Pica,1405,1,2020-01-09
Tarapacá,1,Pica,1405,2,2020-01-20
Tarapacá,1,Pica,1405,1,2020-02-24
Tarapacá,1,Pica,1405,1,2020-02-26
Tarapacá,1,Pica,1405,1,2020-03-17
Tarapacá,1,Pica,1405,1,2020-04-29
Tarapacá,1,Pica,1405,1,2020-05-07
Tarapacá,1,Pica,1405,1,2020-05-11
Tarapacá,1,Pica,1405,1,2020-06-01
Tarapacá,1,Pica,1405,1,2020-08-17
Tarapacá,1,Pica,1405,1,2020-08-28
Tarapacá,1,Pica,1405,1,2020-09-07
Tarapacá,1,Pica,1405,1,2020-09-08
Tarapacá,1,Pica,1405,1,2020-09-25
Tarapacá,1,Pica,1405,1,2020-12-28
Tarapacá,1,Pica,1405,1,2021-01-04
Los Lagos,10,Puerto Montt,10101,6,2020-01-02
Los Lagos,10,Puerto Montt,10101,7,2020-01-03
Los Lagos,10,Puerto Montt,10101,7,2020-01-06
Los Lagos,10,Puerto Montt,10101,5,2020-01-07
Los Lagos,10,Puerto Montt,10101,4,2020-01-08
Los Lagos,10,Puerto Montt,10101,10,2020-01-09
Los Lagos,10,Puerto Montt,10101,2,2020-01-10
Los Lagos,10,Puerto Montt,10101,12,2020-01-13
Los Lagos,10,Puerto Montt,10101,6,2020-01-14
Los Lagos,10,Puerto Montt,10101,7,2020-01-15
Los Lagos,10,Puerto Montt,10101,4,2020-01-16
Los Lagos,10,Puerto Montt,10101,4,2020-01-17
Los Lagos,10,Puerto Montt,10101,12,2020-01-20
Los Lagos,10,Puerto Montt,10101,7,2020-01-21
Los Lagos,10,Puerto Montt,10101,2,2020-01-22
Los Lagos,10,Puerto Montt,10101,7,2020-01-23
Los Lagos,10,Puerto Montt,10101,4,2020-01-24
Los Lagos,10,Puerto Montt,10101,10,2020-01-27
Los Lagos,10,Puerto Montt,10101,6,2020-01-28
Los Lagos,10,Puerto Montt,10101,2,2020-01-29
Los Lagos,10,Puerto Montt,10101,5,2020-01-30
Los Lagos,10,Puerto Montt,10101,5,2020-01-31
Los Lagos,10,Puerto Montt,10101,5,2020-02-03
Los Lagos,10,Puerto Montt,10101,9,2020-02-04
Los Lagos,10,Puerto Montt,10101,7,2020-02-05
Los Lagos,10,Puerto Montt,10101,5,2020-02-06
Los Lagos,10,Puerto Montt,10101,4,2020-02-07
Los Lagos,10,Puerto Montt,10101,17,2020-02-10
Los Lagos,10,Puerto Montt,10101,3,2020-02-11
Los Lagos,10,Puerto Montt,10101,4,2020-02-12
Los Lagos,10,Puerto Montt,10101,6,2020-02-13
Los Lagos,10,Puerto Montt,10101,1,2020-02-14
Los Lagos,10,Puerto Montt,10101,11,2020-02-17
Los Lagos,10,Puerto Montt,10101,9,2020-02-18
Los Lagos,10,Puerto Montt,10101,2,2020-02-19
Los Lagos,10,Puerto Montt,10101,5,2020-02-20
Los Lagos,10,Puerto Montt,10101,7,2020-02-21
Los Lagos,10,Puerto Montt,10101,12,2020-02-24
Los Lagos,10,Puerto Montt,10101,8,2020-02-25
Los Lagos,10,Puerto Montt,10101,13,2020-02-26
Los Lagos,10,Puerto Montt,10101,8,2020-02-27
Los Lagos,10,Puerto Montt,10101,3,2020-02-28
Los Lagos,10,Puerto Montt,10101,8,2020-03-02
Los Lagos,10,Puerto Montt,10101,5,2020-03-03
Los Lagos,10,Puerto Montt,10101,6,2020-03-04
Los Lagos,10,Puerto Montt,10101,3,2020-03-05
Los Lagos,10,Puerto Montt,10101,6,2020-03-06
Los Lagos,10,Puerto Montt,10101,9,2020-03-09
Los Lagos,10,Puerto Montt,10101,3,2020-03-10
Los Lagos,10,Puerto Montt,10101,4,2020-03-11
Los Lagos,10,Puerto Montt,10101,5,2020-03-12
Los Lagos,10,Puerto Montt,10101,6,2020-03-13
Los Lagos,10,Puerto Montt,10101,7,2020-03-16
Los Lagos,10,Puerto Montt,10101,1,2020-03-17
Los Lagos,10,Puerto Montt,10101,5,2020-03-18
Los Lagos,10,Puerto Montt,10101,2,2020-03-19
Los Lagos,10,Puerto Montt,10101,2,2020-03-20
Los Lagos,10,Puerto Montt,10101,8,2020-03-23
Los Lagos,10,Puerto Montt,10101,3,2020-03-24
Los Lagos,10,Puerto Montt,10101,2,2020-03-25
Los Lagos,10,Puerto Montt,10101,1,2020-03-26
Los Lagos,10,Puerto Montt,10101,6,2020-03-27
Los Lagos,10,Puerto Montt,10101,11,2020-03-30
Los Lagos,10,Puerto Montt,10101,7,2020-03-31
Los Lagos,10,Puerto Montt,10101,2,2020-04-01
Los Lagos,10,Puerto Montt,10101,9,2020-04-02
Los Lagos,10,Puerto Montt,10101,8,2020-04-03
Los Lagos,10,Puerto Montt,10101,9,2020-04-06
Los Lagos,10,Puerto Montt,10101,3,2020-04-07
Los Lagos,10,Puerto Montt,10101,2,2020-04-08
Los Lagos,10,Puerto Montt,10101,4,2020-04-09
Los Lagos,10,Puerto Montt,10101,22,2020-04-13
Los Lagos,10,Puerto Montt,10101,7,2020-04-14
Los Lagos,10,Puerto Montt,10101,7,2020-04-15
Los Lagos,10,Puerto Montt,10101,13,2020-04-16
Los Lagos,10,Puerto Montt,10101,6,2020-04-17
Los Lagos,10,Puerto Montt,10101,6,2020-04-20
Los Lagos,10,Puerto Montt,10101,5,2020-04-21
Los Lagos,10,Puerto Montt,10101,4,2020-04-22
Los Lagos,10,Puerto Montt,10101,8,2020-04-23
Los Lagos,10,Puerto Montt,10101,4,2020-04-24
Los Lagos,10,Puerto Montt,10101,12,2020-04-27
Los Lagos,10,Puerto Montt,10101,8,2020-04-28
Los Lagos,10,Puerto Montt,10101,3,2020-04-29
Los Lagos,10,Puerto Montt,10101,5,2020-04-30
Los Lagos,10,Puerto Montt,10101,10,2020-05-04
Los Lagos,10,Puerto Montt,10101,5,2020-05-05
Los Lagos,10,Puerto Montt,10101,9,2020-05-06
Los Lagos,10,Puerto Montt,10101,4,2020-05-07
Los Lagos,10,Puerto Montt,10101,6,2020-05-08
Los Lagos,10,Puerto Montt,10101,17,2020-05-11
Los Lagos,10,Puerto Montt,10101,4,2020-05-12
Los Lagos,10,Puerto Montt,10101,4,2020-05-13
Los Lagos,10,Puerto Montt,10101,7,2020-05-14
Los Lagos,10,Puerto Montt,10101,1,2020-05-15
Los Lagos,10,Puerto Montt,10101,9,2020-05-18
Los Lagos,10,Puerto Montt,10101,4,2020-05-19
Los Lagos,10,Puerto Montt,10101,6,2020-05-20
Los Lagos,10,Puerto Montt,10101,9,2020-05-22
Los Lagos,10,Puerto Montt,10101,13,2020-05-25
Los Lagos,10,Puerto Montt,10101,4,2020-05-26
Los Lagos,10,Puerto Montt,10101,5,2020-05-27
Los Lagos,10,Puerto Montt,10101,5,2020-05-28
Los Lagos,10,Puerto Montt,10101,6,2020-05-29
Los Lagos,10,Puerto Montt,10101,8,2020-06-01
Los Lagos,10,Puerto Montt,10101,11,2020-06-02
Los Lagos,10,Puerto Montt,10101,4,2020-06-03
Los Lagos,10,Puerto Montt,10101,4,2020-06-04
Los Lagos,10,Puerto Montt,10101,9,2020-06-05
Los Lagos,10,Puerto Montt,10101,16,2020-06-08
Los Lagos,10,Puerto Montt,10101,4,2020-06-09
Los Lagos,10,Puerto Montt,10101,12,2020-06-10
Los Lagos,10,Puerto Montt,10101,4,2020-06-11
Los Lagos,10,Puerto Montt,10101,7,2020-06-12
Los Lagos,10,Puerto Montt,10101,8,2020-06-15
Los Lagos,10,Puerto Montt,10101,3,2020-06-16
Los Lagos,10,Puerto Montt,10101,7,2020-06-17
Los Lagos,10,Puerto Montt,10101,6,2020-06-18
Los Lagos,10,Puerto Montt,10101,15,2020-06-19
Los Lagos,10,Puerto Montt,10101,13,2020-06-22
Los Lagos,10,Puerto Montt,10101,7,2020-06-23
Los Lagos,10,Puerto Montt,10101,7,2020-06-24
Los Lagos,10,Puerto Montt,10101,6,2020-06-25
Los Lagos,10,Puerto Montt,10101,10,2020-06-26
Los Lagos,10,Puerto Montt,10101,15,2020-06-30
Los Lagos,10,Puerto Montt,10101,7,2020-07-01
Los Lagos,10,Puerto Montt,10101,8,2020-07-02
Los Lagos,10,Puerto Montt,10101,8,2020-07-03
Los Lagos,10,Puerto Montt,10101,11,2020-07-06
Los Lagos,10,Puerto Montt,10101,5,2020-07-07
Los Lagos,10,Puerto Montt,10101,3,2020-07-08
Los Lagos,10,Puerto Montt,10101,7,2020-07-09
Los Lagos,10,Puerto Montt,10101,8,2020-07-10
Los Lagos,10,Puerto Montt,10101,11,2020-07-13
Los Lagos,10,Puerto Montt,10101,5,2020-07-14
Los Lagos,10,Puerto Montt,10101,5,2020-07-15
Los Lagos,10,Puerto Montt,10101,9,2020-07-17
Los Lagos,10,Puerto Montt,10101,1,2020-07-18
Los Lagos,10,Puerto Montt,10101,13,2020-07-20
Los Lagos,10,Puerto Montt,10101,7,2020-07-21
Los Lagos,10,Puerto Montt,10101,3,2020-07-22
Los Lagos,10,Puerto Montt,10101,5,2020-07-23
Los Lagos,10,Puerto Montt,10101,5,2020-07-24
Los Lagos,10,Puerto Montt,10101,18,2020-07-27
Los Lagos,10,Puerto Montt,10101,4,2020-07-28
Los Lagos,10,Puerto Montt,10101,8,2020-07-29
Los Lagos,10,Puerto Montt,10101,3,2020-07-30
Los Lagos,10,Puerto Montt,10101,6,2020-07-31
Los Lagos,10,Puerto Montt,10101,11,2020-08-03
Los Lagos,10,Puerto Montt,10101,10,2020-08-04
Los Lagos,10,Puerto Montt,10101,3,2020-08-05
Los Lagos,10,Puerto Montt,10101,2,2020-08-06
Los Lagos,10,Puerto Montt,10101,3,2020-08-07
Los Lagos,10,Puerto Montt,10101,11,2020-08-10
Los Lagos,10,Puerto Montt,10101,3,2020-08-11
Los Lagos,10,Puerto Montt,10101,7,2020-08-12
Los Lagos,10,Puerto Montt,10101,2,2020-08-13
Los Lagos,10,Puerto Montt,10101,5,2020-08-14
Los Lagos,10,Puerto Montt,10101,7,2020-08-17
Los Lagos,10,Puerto Montt,10101,6,2020-08-18
Los Lagos,10,Puerto Montt,10101,6,2020-08-19
Los Lagos,10,Puerto Montt,10101,6,2020-08-20
Los Lagos,10,Puerto Montt,10101,2,2020-08-21
Los Lagos,10,Puerto Montt,10101,12,2020-08-24
Los Lagos,10,Puerto Montt,10101,6,2020-08-25
Los Lagos,10,Puerto Montt,10101,6,2020-08-26
Los Lagos,10,Puerto Montt,10101,6,2020-08-27
Los Lagos,10,Puerto Montt,10101,4,2020-08-28
Los Lagos,10,Puerto Montt,10101,15,2020-08-31
Los Lagos,10,Puerto Montt,10101,6,2020-09-01
Los Lagos,10,Puerto Montt,10101,5,2020-09-02
Los Lagos,10,Puerto Montt,10101,5,2020-09-03
Los Lagos,10,Puerto Montt,10101,5,2020-09-04
Los Lagos,10,Puerto Montt,10101,11,2020-09-07
Los Lagos,10,Puerto Montt,10101,6,2020-09-08
Los Lagos,10,Puerto Montt,10101,9,2020-09-09
Los Lagos,10,Puerto Montt,10101,2,2020-09-10
Los Lagos,10,Puerto Montt,10101,6,2020-09-11
Los Lagos,10,Puerto Montt,10101,16,2020-09-14
Los Lagos,10,Puerto Montt,10101,3,2020-09-15
Los Lagos,10,Puerto Montt,10101,6,2020-09-16
Los Lagos,10,Puerto Montt,10101,2,2020-09-17
Los Lagos,10,Puerto Montt,10101,12,2020-09-21
Los Lagos,10,Puerto Montt,10101,4,2020-09-22
Los Lagos,10,Puerto Montt,10101,12,2020-09-23
Los Lagos,10,Puerto Montt,10101,8,2020-09-24
Los Lagos,10,Puerto Montt,10101,6,2020-09-25
Los Lagos,10,Puerto Montt,10101,14,2020-09-28
Los Lagos,10,Puerto Montt,10101,2,2020-09-29
Los Lagos,10,Puerto Montt,10101,8,2020-09-30
Los Lagos,10,Puerto Montt,10101,2,2020-10-01
Los Lagos,10,Puerto Montt,10101,6,2020-10-02
Los Lagos,10,Puerto Montt,10101,11,2020-10-05
Los Lagos,10,Puerto Montt,10101,2,2020-10-06
Los Lagos,10,Puerto Montt,10101,8,2020-10-07
Los Lagos,10,Puerto Montt,10101,6,2020-10-08
Los Lagos,10,Puerto Montt,10101,9,2020-10-09
Los Lagos,10,Puerto Montt,10101,15,2020-10-13
Los Lagos,10,Puerto Montt,10101,8,2020-10-14
Los Lagos,10,Puerto Montt,10101,2,2020-10-15
Los Lagos,10,Puerto Montt,10101,11,2020-10-16
Los Lagos,10,Puerto Montt,10101,16,2020-10-19
Los Lagos,10,Puerto Montt,10101,3,2020-10-20
Los Lagos,10,Puerto Montt,10101,5,2020-10-21
Los Lagos,10,Puerto Montt,10101,10,2020-10-22
Los Lagos,10,Puerto Montt,10101,4,2020-10-23
Los Lagos,10,Puerto Montt,10101,1,2020-10-25
Los Lagos,10,Puerto Montt,10101,13,2020-10-26
Los Lagos,10,Puerto Montt,10101,5,2020-10-27
Los Lagos,10,Puerto Montt,10101,3,2020-10-28
Los Lagos,10,Puerto Montt,10101,2,2020-10-29
Los Lagos,10,Puerto Montt,10101,2,2020-10-30
Los Lagos,10,Puerto Montt,10101,6,2020-11-02
Los Lagos,10,Puerto Montt,10101,13,2020-11-03
Los Lagos,10,Puerto Montt,10101,15,2020-11-04
Los Lagos,10,Puerto Montt,10101,12,2020-11-05
Los Lagos,10,Puerto Montt,10101,10,2020-11-06
Los Lagos,10,Puerto Montt,10101,18,2020-11-09
Los Lagos,10,Puerto Montt,10101,7,2020-11-10
Los Lagos,10,Puerto Montt,10101,2,2020-11-11
Los Lagos,10,Puerto Montt,10101,6,2020-11-12
Los Lagos,10,Puerto Montt,10101,4,2020-11-13
Los Lagos,10,Puerto Montt,10101,18,2020-11-16
Los Lagos,10,Puerto Montt,10101,7,2020-11-17
Los Lagos,10,Puerto Montt,10101,1,2020-11-18
Los Lagos,10,Puerto Montt,10101,6,2020-11-19
Los Lagos,10,Puerto Montt,10101,8,2020-11-20
Los Lagos,10,Puerto Montt,10101,12,2020-11-23
Los Lagos,10,Puerto Montt,10101,9,2020-11-24
Los Lagos,10,Puerto Montt,10101,7,2020-11-25
Los Lagos,10,Puerto Montt,10101,3,2020-11-26
Los Lagos,10,Puerto Montt,10101,14,2020-11-27
Los Lagos,10,Puerto Montt,10101,15,2020-11-30
Los Lagos,10,Puerto Montt,10101,4,2020-12-01
Los Lagos,10,Puerto Montt,10101,10,2020-12-02
Los Lagos,10,Puerto Montt,10101,11,2020-12-03
Los Lagos,10,Puerto Montt,10101,5,2020-12-04
Los Lagos,10,Puerto Montt,10101,17,2020-12-07
Los Lagos,10,Puerto Montt,10101,8,2020-12-09
Los Lagos,10,Puerto Montt,10101,7,2020-12-10
Los Lagos,10,Puerto Montt,10101,6,2020-12-11
Los Lagos,10,Puerto Montt,10101,12,2020-12-14
Los Lagos,10,Puerto Montt,10101,4,2020-12-15
Los Lagos,10,Puerto Montt,10101,7,2020-12-16
Los Lagos,10,Puerto Montt,10101,6,2020-12-17
Los Lagos,10,Puerto Montt,10101,3,2020-12-18
Los Lagos,10,Puerto Montt,10101,14,2020-12-21
Los Lagos,10,Puerto Montt,10101,6,2020-12-22
Los Lagos,10,Puerto Montt,10101,11,2020-12-23
Los Lagos,10,Puerto Montt,10101,5,2020-12-24
Los Lagos,10,Puerto Montt,10101,23,2020-12-28
Los Lagos,10,Puerto Montt,10101,6,2020-12-29
Los Lagos,10,Puerto Montt,10101,13,2020-12-30
Los Lagos,10,Puerto Montt,10101,5,2020-12-31
Los Lagos,10,Puerto Montt,10101,1,2021-01-02
Los Lagos,10,Puerto Montt,10101,19,2021-01-04
Los Lagos,10,Puerto Montt,10101,9,2021-01-05
Los Lagos,10,Puerto Montt,10101,6,2021-01-06
Los Lagos,10,Puerto Montt,10101,6,2021-01-07
Los Lagos,10,Puerto Montt,10101,14,2021-01-08
Los Lagos,10,Puerto Montt,10101,12,2021-01-11
Los Lagos,10,Puerto Montt,10101,10,2021-01-12
Los Lagos,10,Puerto Montt,10101,7,2021-01-13
Los Lagos,10,Puerto Montt,10101,10,2021-01-14
Los Lagos,10,Calbuco,10102,1,2020-01-08
Los Lagos,10,Calbuco,10102,1,2020-01-09
Los Lagos,10,Calbuco,10102,1,2020-01-15
Los Lagos,10,Calbuco,10102,1,2020-01-16
Los Lagos,10,Calbuco,10102,1,2020-01-17
Los Lagos,10,Calbuco,10102,1,2020-01-20
Los Lagos,10,Calbuco,10102,1,2020-01-29
Los Lagos,10,Calbuco,10102,1,2020-02-05
Los Lagos,10,Calbuco,10102,1,2020-02-12
Los Lagos,10,Calbuco,10102,2,2020-02-13
Los Lagos,10,Calbuco,10102,1,2020-02-17
Los Lagos,10,Calbuco,10102,1,2020-02-19
Los Lagos,10,Calbuco,10102,1,2020-02-21
Los Lagos,10,Calbuco,10102,1,2020-02-26
Los Lagos,10,Calbuco,10102,1,2020-02-28
Los Lagos,10,Calbuco,10102,1,2020-03-02
Los Lagos,10,Calbuco,10102,2,2020-03-04
Los Lagos,10,Calbuco,10102,2,2020-03-09
Los Lagos,10,Calbuco,10102,1,2020-03-12
Los Lagos,10,Calbuco,10102,1,2020-03-17
Los Lagos,10,Calbuco,10102,1,2020-03-19
Los Lagos,10,Calbuco,10102,1,2020-03-23
Los Lagos,10,Calbuco,10102,1,2020-03-24
Los Lagos,10,Calbuco,10102,1,2020-03-25
Los Lagos,10,Calbuco,10102,1,2020-03-26
Los Lagos,10,Calbuco,10102,2,2020-03-27
Los Lagos,10,Calbuco,10102,1,2020-04-02
Los Lagos,10,Calbuco,10102,1,2020-04-08
Los Lagos,10,Calbuco,10102,3,2020-04-13
Los Lagos,10,Calbuco,10102,1,2020-04-17
Los Lagos,10,Calbuco,10102,1,2020-04-22
Los Lagos,10,Calbuco,10102,1,2020-04-23
Los Lagos,10,Calbuco,10102,2,2020-04-27
Los Lagos,10,Calbuco,10102,4,2020-05-04
Los Lagos,10,Calbuco,10102,2,2020-05-06
Los Lagos,10,Calbuco,10102,3,2020-05-11
Los Lagos,10,Calbuco,10102,2,2020-05-15
Los Lagos,10,Calbuco,10102,1,2020-05-19
Los Lagos,10,Calbuco,10102,1,2020-05-20
Los Lagos,10,Calbuco,10102,2,2020-05-22
Los Lagos,10,Calbuco,10102,2,2020-05-23
Los Lagos,10,Calbuco,10102,1,2020-05-25
Los Lagos,10,Calbuco,10102,2,2020-06-01
Los Lagos,10,Calbuco,10102,1,2020-06-04
Los Lagos,10,Calbuco,10102,1,2020-06-05
Los Lagos,10,Calbuco,10102,2,2020-06-08
Los Lagos,10,Calbuco,10102,2,2020-06-09
Los Lagos,10,Calbuco,10102,1,2020-06-10
Los Lagos,10,Calbuco,10102,1,2020-06-12
Los Lagos,10,Calbuco,10102,2,2020-06-15
Los Lagos,10,Calbuco,10102,1,2020-06-19
Los Lagos,10,Calbuco,10102,1,2020-06-22
Los Lagos,10,Calbuco,10102,2,2020-06-30
Los Lagos,10,Calbuco,10102,1,2020-07-06
Los Lagos,10,Calbuco,10102,1,2020-07-08
Los Lagos,10,Calbuco,10102,1,2020-07-09
Los Lagos,10,Calbuco,10102,2,2020-07-10
Los Lagos,10,Calbuco,10102,1,2020-07-13
Los Lagos,10,Calbuco,10102,1,2020-07-17
Los Lagos,10,Calbuco,10102,3,2020-07-20
Los Lagos,10,Calbuco,10102,2,2020-07-22
Los Lagos,10,Calbuco,10102,1,2020-07-24
Los Lagos,10,Calbuco,10102,2,2020-07-27
Los Lagos,10,Calbuco,10102,1,2020-07-28
Los Lagos,10,Calbuco,10102,1,2020-07-29
Los Lagos,10,Calbuco,10102,3,2020-07-31
Los Lagos,10,Calbuco,10102,2,2020-08-03
Los Lagos,10,Calbuco,10102,1,2020-08-10
Los Lagos,10,Calbuco,10102,1,2020-08-13
Los Lagos,10,Calbuco,10102,1,2020-08-14
Los Lagos,10,Calbuco,10102,1,2020-08-17
Los Lagos,10,Calbuco,10102,3,2020-08-20
Los Lagos,10,Calbuco,10102,1,2020-08-24
Los Lagos,10,Calbuco,10102,1,2020-08-26
Los Lagos,10,Calbuco,10102,1,2020-08-27
Los Lagos,10,Calbuco,10102,2,2020-08-31
Los Lagos,10,Calbuco,10102,1,2020-09-02
Los Lagos,10,Calbuco,10102,3,2020-09-07
Los Lagos,10,Calbuco,10102,1,2020-09-09
Los Lagos,10,Calbuco,10102,2,2020-09-14
Los Lagos,10,Calbuco,10102,1,2020-09-16
Los Lagos,10,Calbuco,10102,1,2020-09-17
Los Lagos,10,Calbuco,10102,6,2020-09-21
Los Lagos,10,Calbuco,10102,1,2020-09-22
Los Lagos,10,Calbuco,10102,1,2020-09-28
Los Lagos,10,Calbuco,10102,1,2020-09-30
Los Lagos,10,Calbuco,10102,1,2020-10-07
Los Lagos,10,Calbuco,10102,3,2020-10-08
Los Lagos,10,Calbuco,10102,1,2020-10-09
Los Lagos,10,Calbuco,10102,1,2020-10-13
Los Lagos,10,Calbuco,10102,1,2020-10-14
Los Lagos,10,Calbuco,10102,1,2020-10-16
Los Lagos,10,Calbuco,10102,1,2020-10-19
Los Lagos,10,Calbuco,10102,1,2020-10-23
Los Lagos,10,Calbuco,10102,1,2020-10-26
Los Lagos,10,Calbuco,10102,1,2020-10-28
Los Lagos,10,Calbuco,10102,2,2020-10-30
Los Lagos,10,Calbuco,10102,1,2020-11-06
Los Lagos,10,Calbuco,10102,1,2020-11-10
Los Lagos,10,Calbuco,10102,3,2020-11-13
Los Lagos,10,Calbuco,10102,1,2020-11-16
Los Lagos,10,Calbuco,10102,1,2020-11-17
Los Lagos,10,Calbuco,10102,3,2020-11-23
Los Lagos,10,Calbuco,10102,1,2020-11-26
Los Lagos,10,Calbuco,10102,1,2020-11-27
Los Lagos,10,Calbuco,10102,3,2020-11-30
Los Lagos,10,Calbuco,10102,1,2020-12-07
Los Lagos,10,Calbuco,10102,1,2020-12-09
Los Lagos,10,Calbuco,10102,1,2020-12-10
Los Lagos,10,Calbuco,10102,4,2020-12-21
Los Lagos,10,Calbuco,10102,3,2020-12-28
Los Lagos,10,Calbuco,10102,2,2021-01-04
Los Lagos,10,Calbuco,10102,1,2021-01-07
Los Lagos,10,Cochamó,10103,1,2020-01-08
Los Lagos,10,Cochamó,10103,1,2020-03-04
Los Lagos,10,Cochamó,10103,1,2020-03-06
Los Lagos,10,Cochamó,10103,1,2020-03-18
Los Lagos,10,Cochamó,10103,2,2020-03-24
Los Lagos,10,Cochamó,10103,1,2020-04-06
Los Lagos,10,Cochamó,10103,1,2020-05-04
Los Lagos,10,Cochamó,10103,1,2020-06-05
Los Lagos,10,Cochamó,10103,1,2020-07-03
Los Lagos,10,Cochamó,10103,1,2020-09-21
Los Lagos,10,Cochamó,10103,1,2020-09-28
Los Lagos,10,Cochamó,10103,1,2020-11-11
Los Lagos,10,Fresia,10104,1,2020-01-03
Los Lagos,10,Fresia,10104,1,2020-01-07
Los Lagos,10,Fresia,10104,2,2020-01-20
Los Lagos,10,Fresia,10104,2,2020-01-27
Los Lagos,10,Fresia,10104,1,2020-02-03
Los Lagos,10,Fresia,10104,1,2020-02-05
Los Lagos,10,Fresia,10104,1,2020-02-07
Los Lagos,10,Fresia,10104,2,2020-02-10
Los Lagos,10,Fresia,10104,1,2020-02-13
Los Lagos,10,Fresia,10104,1,2020-02-17
Los Lagos,10,Fresia,10104,1,2020-02-27
Los Lagos,10,Fresia,10104,1,2020-02-28
Los Lagos,10,Fresia,10104,1,2020-03-02
Los Lagos,10,Fresia,10104,1,2020-03-04
Los Lagos,10,Fresia,10104,1,2020-03-13
Los Lagos,10,Fresia,10104,4,2020-03-31
Los Lagos,10,Fresia,10104,1,2020-04-06
Los Lagos,10,Fresia,10104,1,2020-04-13
Los Lagos,10,Fresia,10104,2,2020-04-15
Los Lagos,10,Fresia,10104,1,2020-04-20
Los Lagos,10,Fresia,10104,2,2020-05-06
Los Lagos,10,Fresia,10104,1,2020-05-11
Los Lagos,10,Fresia,10104,1,2020-05-18
Los Lagos,10,Fresia,10104,1,2020-06-05
Los Lagos,10,Fresia,10104,1,2020-06-10
Los Lagos,10,Fresia,10104,1,2020-06-12
Los Lagos,10,Fresia,10104,2,2020-06-15
Los Lagos,10,Fresia,10104,1,2020-06-19
Los Lagos,10,Fresia,10104,1,2020-06-22
Los Lagos,10,Fresia,10104,1,2020-07-13
Los Lagos,10,Fresia,10104,1,2020-07-15
Los Lagos,10,Fresia,10104,2,2020-07-17
Los Lagos,10,Fresia,10104,1,2020-07-22
Los Lagos,10,Fresia,10104,1,2020-07-27
Los Lagos,10,Fresia,10104,2,2020-08-10
Los Lagos,10,Fresia,10104,1,2020-08-14
Los Lagos,10,Fresia,10104,1,2020-08-24
Los Lagos,10,Fresia,10104,1,2020-09-07
Los Lagos,10,Fresia,10104,1,2020-09-14
Los Lagos,10,Fresia,10104,2,2020-09-16
Los Lagos,10,Fresia,10104,1,2020-09-19
Los Lagos,10,Fresia,10104,1,2020-09-21
Los Lagos,10,Fresia,10104,1,2020-09-23
Los Lagos,10,Fresia,10104,1,2020-10-02
Los Lagos,10,Fresia,10104,1,2020-10-21
Los Lagos,10,Fresia,10104,1,2020-10-30
Los Lagos,10,Fresia,10104,1,2020-11-11
Los Lagos,10,Fresia,10104,3,2020-11-13
Los Lagos,10,Fresia,10104,1,2020-11-23
Los Lagos,10,Fresia,10104,1,2020-11-25
Los Lagos,10,Fresia,10104,2,2020-12-09
Los Lagos,10,Fresia,10104,1,2020-12-11
Los Lagos,10,Fresia,10104,1,2020-12-14
Los Lagos,10,Fresia,10104,1,2020-12-18
Los Lagos,10,Fresia,10104,1,2020-12-21
Los Lagos,10,Fresia,10104,1,2020-12-28
Los Lagos,10,Fresia,10104,1,2020-12-30
Los Lagos,10,Fresia,10104,3,2021-01-04
Los Lagos,10,Frutillar,10105,1,2020-01-02
Los Lagos,10,Frutillar,10105,1,2020-01-24
Los Lagos,10,Frutillar,10105,1,2020-01-29
Los Lagos,10,Frutillar,10105,1,2020-02-10
Los Lagos,10,Frutillar,10105,1,2020-02-11
Los Lagos,10,Frutillar,10105,1,2020-02-18
Los Lagos,10,Frutillar,10105,1,2020-02-19
Los Lagos,10,Frutillar,10105,1,2020-02-25
Los Lagos,10,Frutillar,10105,1,2020-02-26
Los Lagos,10,Frutillar,10105,1,2020-03-02
Los Lagos,10,Frutillar,10105,2,2020-03-09
Los Lagos,10,Frutillar,10105,1,2020-03-10
Los Lagos,10,Frutillar,10105,1,2020-03-11
Los Lagos,10,Frutillar,10105,1,2020-03-19
Los Lagos,10,Frutillar,10105,1,2020-03-20
Los Lagos,10,Frutillar,10105,1,2020-03-23
Los Lagos,10,Frutillar,10105,1,2020-03-30
Los Lagos,10,Frutillar,10105,1,2020-03-31
Los Lagos,10,Frutillar,10105,2,2020-04-06
Los Lagos,10,Frutillar,10105,1,2020-04-09
Los Lagos,10,Frutillar,10105,1,2020-04-13
Los Lagos,10,Frutillar,10105,1,2020-04-16
Los Lagos,10,Frutillar,10105,2,2020-04-17
Los Lagos,10,Frutillar,10105,2,2020-04-21
Los Lagos,10,Frutillar,10105,1,2020-04-30
Los Lagos,10,Frutillar,10105,1,2020-05-06
Los Lagos,10,Frutillar,10105,2,2020-05-18
Los Lagos,10,Frutillar,10105,1,2020-05-25
Los Lagos,10,Frutillar,10105,2,2020-06-01
Los Lagos,10,Frutillar,10105,1,2020-06-02
Los Lagos,10,Frutillar,10105,1,2020-06-08
Los Lagos,10,Frutillar,10105,1,2020-06-09
Los Lagos,10,Frutillar,10105,1,2020-06-16
Los Lagos,10,Frutillar,10105,1,2020-06-24
Los Lagos,10,Frutillar,10105,2,2020-06-30
Los Lagos,10,Frutillar,10105,1,2020-07-08
Los Lagos,10,Frutillar,10105,1,2020-07-10
Los Lagos,10,Frutillar,10105,1,2020-07-17
Los Lagos,10,Frutillar,10105,1,2020-07-22
Los Lagos,10,Frutillar,10105,3,2020-08-05
Los Lagos,10,Frutillar,10105,1,2020-08-17
Los Lagos,10,Frutillar,10105,3,2020-08-24
Los Lagos,10,Frutillar,10105,1,2020-09-04
Los Lagos,10,Frutillar,10105,1,2020-09-09
Los Lagos,10,Frutillar,10105,1,2020-09-14
Los Lagos,10,Frutillar,10105,2,2020-09-21
Los Lagos,10,Frutillar,10105,1,2020-10-09
Los Lagos,10,Frutillar,10105,1,2020-10-13
Los Lagos,10,Frutillar,10105,2,2020-10-19
Los Lagos,10,Frutillar,10105,2,2020-10-20
Los Lagos,10,Frutillar,10105,1,2020-11-04
Los Lagos,10,Frutillar,10105,1,2020-11-09
Los Lagos,10,Frutillar,10105,1,2020-11-11
Los Lagos,10,Frutillar,10105,1,2020-11-16
Los Lagos,10,Frutillar,10105,1,2020-11-19
Los Lagos,10,Frutillar,10105,1,2020-11-23
Los Lagos,10,Frutillar,10105,1,2020-11-25
Los Lagos,10,Frutillar,10105,1,2020-11-26
Los Lagos,10,Frutillar,10105,1,2020-11-27
Los Lagos,10,Frutillar,10105,1,2020-11-30
Los Lagos,10,Frutillar,10105,1,2020-12-02
Los Lagos,10,Frutillar,10105,1,2020-12-07
Los Lagos,10,Frutillar,10105,1,2020-12-09
Los Lagos,10,Frutillar,10105,1,2020-12-14
Los Lagos,10,Frutillar,10105,1,2020-12-21
Los Lagos,10,Frutillar,10105,1,2020-12-28
Los Lagos,10,Frutillar,10105,1,2020-12-29
Los Lagos,10,Frutillar,10105,1,2021-01-12
Los Lagos,10,Frutillar,10105,1,2021-01-13
Los Lagos,10,Los Muermos,10106,1,2020-01-23
Los Lagos,10,Los Muermos,10106,1,2020-02-10
Los Lagos,10,Los Muermos,10106,1,2020-02-12
Los Lagos,10,Los Muermos,10106,2,2020-02-17
Los Lagos,10,Los Muermos,10106,1,2020-02-25
Los Lagos,10,Los Muermos,10106,1,2020-03-09
Los Lagos,10,Los Muermos,10106,2,2020-03-10
Los Lagos,10,Los Muermos,10106,1,2020-03-17
Los Lagos,10,Los Muermos,10106,1,2020-03-25
Los Lagos,10,Los Muermos,10106,1,2020-03-30
Los Lagos,10,Los Muermos,10106,1,2020-04-08
Los Lagos,10,Los Muermos,10106,1,2020-04-13
Los Lagos,10,Los Muermos,10106,1,2020-04-20
Los Lagos,10,Los Muermos,10106,2,2020-04-24
Los Lagos,10,Los Muermos,10106,1,2020-05-04
Los Lagos,10,Los Muermos,10106,1,2020-05-11
Los Lagos,10,Los Muermos,10106,1,2020-05-18
Los Lagos,10,Los Muermos,10106,1,2020-05-22
Los Lagos,10,Los Muermos,10106,1,2020-05-27
Los Lagos,10,Los Muermos,10106,2,2020-06-01
Los Lagos,10,Los Muermos,10106,1,2020-06-02
Los Lagos,10,Los Muermos,10106,1,2020-06-05
Los Lagos,10,Los Muermos,10106,1,2020-06-08
Los Lagos,10,Los Muermos,10106,1,2020-06-22
Los Lagos,10,Los Muermos,10106,1,2020-06-24
Los Lagos,10,Los Muermos,10106,2,2020-07-03
Los Lagos,10,Los Muermos,10106,3,2020-07-06
Los Lagos,10,Los Muermos,10106,1,2020-07-08
Los Lagos,10,Los Muermos,10106,1,2020-07-10
Los Lagos,10,Los Muermos,10106,2,2020-07-13
Los Lagos,10,Los Muermos,10106,1,2020-07-17
Los Lagos,10,Los Muermos,10106,1,2020-07-22
Los Lagos,10,Los Muermos,10106,2,2020-07-27
Los Lagos,10,Los Muermos,10106,2,2020-07-28
Los Lagos,10,Los Muermos,10106,2,2020-07-29
Los Lagos,10,Los Muermos,10106,1,2020-08-04
Los Lagos,10,Los Muermos,10106,1,2020-08-10
Los Lagos,10,Los Muermos,10106,1,2020-08-13
Los Lagos,10,Los Muermos,10106,2,2020-08-14
Los Lagos,10,Los Muermos,10106,1,2020-08-18
Los Lagos,10,Los Muermos,10106,1,2020-08-20
Los Lagos,10,Los Muermos,10106,1,2020-08-24
Los Lagos,10,Los Muermos,10106,1,2020-09-08
Los Lagos,10,Los Muermos,10106,1,2020-09-15
Los Lagos,10,Los Muermos,10106,1,2020-09-23
Los Lagos,10,Los Muermos,10106,2,2020-09-28
Los Lagos,10,Los Muermos,10106,1,2020-10-06
Los Lagos,10,Los Muermos,10106,1,2020-10-26
Los Lagos,10,Los Muermos,10106,1,2020-10-27
Los Lagos,10,Los Muermos,10106,1,2020-11-02
Los Lagos,10,Los Muermos,10106,1,2020-11-03
Los Lagos,10,Los Muermos,10106,1,2020-11-06
Los Lagos,10,Los Muermos,10106,1,2020-11-09
Los Lagos,10,Los Muermos,10106,1,2020-11-18
Los Lagos,10,Los Muermos,10106,2,2020-11-23
Los Lagos,10,Los Muermos,10106,1,2020-11-24
Los Lagos,10,Los Muermos,10106,2,2020-11-27
Los Lagos,10,Los Muermos,10106,1,2020-12-07
Los Lagos,10,Los Muermos,10106,1,2020-12-16
Los Lagos,10,Los Muermos,10106,2,2020-12-28
Los Lagos,10,Los Muermos,10106,2,2021-01-04
Los Lagos,10,Los Muermos,10106,1,2021-01-06
Los Lagos,10,Llanquihue,10107,1,2020-01-02
Los Lagos,10,Llanquihue,10107,3,2020-01-06
Los Lagos,10,Llanquihue,10107,1,2020-01-28
Los Lagos,10,Llanquihue,10107,1,2020-02-03
Los Lagos,10,Llanquihue,10107,1,2020-02-04
Los Lagos,10,Llanquihue,10107,1,2020-02-05
Los Lagos,10,Llanquihue,10107,2,2020-02-10
Los Lagos,10,Llanquihue,10107,2,2020-02-11
Los Lagos,10,Llanquihue,10107,1,2020-02-14
Los Lagos,10,Llanquihue,10107,1,2020-03-02
Los Lagos,10,Llanquihue,10107,1,2020-03-10
Los Lagos,10,Llanquihue,10107,1,2020-03-13
Los Lagos,10,Llanquihue,10107,1,2020-03-16
Los Lagos,10,Llanquihue,10107,1,2020-03-18
Los Lagos,10,Llanquihue,10107,1,2020-03-19
Los Lagos,10,Llanquihue,10107,1,2020-03-23
Los Lagos,10,Llanquihue,10107,1,2020-04-06
Los Lagos,10,Llanquihue,10107,2,2020-04-08
Los Lagos,10,Llanquihue,10107,1,2020-04-15
Los Lagos,10,Llanquihue,10107,1,2020-04-24
Los Lagos,10,Llanquihue,10107,1,2020-04-27
Los Lagos,10,Llanquihue,10107,1,2020-05-13
Los Lagos,10,Llanquihue,10107,1,2020-05-25
Los Lagos,10,Llanquihue,10107,1,2020-05-26
Los Lagos,10,Llanquihue,10107,1,2020-06-01
Los Lagos,10,Llanquihue,10107,1,2020-06-03
Los Lagos,10,Llanquihue,10107,1,2020-06-05
Los Lagos,10,Llanquihue,10107,1,2020-06-10
Los Lagos,10,Llanquihue,10107,2,2020-06-15
Los Lagos,10,Llanquihue,10107,1,2020-06-19
Los Lagos,10,Llanquihue,10107,2,2020-06-22
Los Lagos,10,Llanquihue,10107,1,2020-07-01
Los Lagos,10,Llanquihue,10107,1,2020-07-06
Los Lagos,10,Llanquihue,10107,1,2020-07-08
Los Lagos,10,Llanquihue,10107,2,2020-07-13
Los Lagos,10,Llanquihue,10107,1,2020-07-21
Los Lagos,10,Llanquihue,10107,2,2020-07-22
Los Lagos,10,Llanquihue,10107,2,2020-07-27
Los Lagos,10,Llanquihue,10107,2,2020-07-29
Los Lagos,10,Llanquihue,10107,2,2020-08-05
Los Lagos,10,Llanquihue,10107,1,2020-08-07
Los Lagos,10,Llanquihue,10107,2,2020-08-12
Los Lagos,10,Llanquihue,10107,1,2020-08-13
Los Lagos,10,Llanquihue,10107,1,2020-08-17
Los Lagos,10,Llanquihue,10107,2,2020-08-21
Los Lagos,10,Llanquihue,10107,2,2020-09-07
Los Lagos,10,Llanquihue,10107,2,2020-09-23
Los Lagos,10,Llanquihue,10107,1,2020-09-29
Los Lagos,10,Llanquihue,10107,1,2020-10-02
Los Lagos,10,Llanquihue,10107,1,2020-10-05
Los Lagos,10,Llanquihue,10107,1,2020-10-07
Los Lagos,10,Llanquihue,10107,2,2020-10-16
Los Lagos,10,Llanquihue,10107,1,2020-10-30
Los Lagos,10,Llanquihue,10107,1,2020-11-11
Los Lagos,10,Llanquihue,10107,1,2020-11-13
Los Lagos,10,Llanquihue,10107,1,2020-11-16
Los Lagos,10,Llanquihue,10107,1,2020-11-20
Los Lagos,10,Llanquihue,10107,1,2020-11-23
Los Lagos,10,Llanquihue,10107,2,2020-11-30
Los Lagos,10,Llanquihue,10107,1,2020-12-10
Los Lagos,10,Llanquihue,10107,1,2020-12-16
Los Lagos,10,Llanquihue,10107,1,2020-12-21
Los Lagos,10,Llanquihue,10107,1,2020-12-30
Los Lagos,10,Llanquihue,10107,1,2021-01-05
Los Lagos,10,Llanquihue,10107,1,2021-01-13
Los Lagos,10,Maullín,10108,1,2020-01-02
Los Lagos,10,Maullín,10108,1,2020-01-13
Los Lagos,10,Maullín,10108,1,2020-01-24
Los Lagos,10,Maullín,10108,1,2020-02-04
Los Lagos,10,Maullín,10108,1,2020-02-11
Los Lagos,10,Maullín,10108,1,2020-02-24
Los Lagos,10,Maullín,10108,1,2020-03-12
Los Lagos,10,Maullín,10108,2,2020-03-16
Los Lagos,10,Maullín,10108,1,2020-03-17
Los Lagos,10,Maullín,10108,1,2020-04-01
Los Lagos,10,Maullín,10108,1,2020-04-02
Los Lagos,10,Maullín,10108,2,2020-04-03
Los Lagos,10,Maullín,10108,1,2020-04-08
Los Lagos,10,Maullín,10108,1,2020-04-13
Los Lagos,10,Maullín,10108,2,2020-04-17
Los Lagos,10,Maullín,10108,2,2020-04-20
Los Lagos,10,Maullín,10108,1,2020-04-22
Los Lagos,10,Maullín,10108,1,2020-04-28
Los Lagos,10,Maullín,10108,2,2020-04-30
Los Lagos,10,Maullín,10108,1,2020-05-05
Los Lagos,10,Maullín,10108,1,2020-05-08
Los Lagos,10,Maullín,10108,2,2020-05-13
Los Lagos,10,Maullín,10108,2,2020-05-15
Los Lagos,10,Maullín,10108,1,2020-05-25
Los Lagos,10,Maullín,10108,1,2020-05-27
Los Lagos,10,Maullín,10108,1,2020-05-29
Los Lagos,10,Maullín,10108,2,2020-06-04
Los Lagos,10,Maullín,10108,2,2020-06-08
Los Lagos,10,Maullín,10108,1,2020-06-12
Los Lagos,10,Maullín,10108,1,2020-06-15
Los Lagos,10,Maullín,10108,1,2020-07-06
Los Lagos,10,Maullín,10108,1,2020-07-10
Los Lagos,10,Maullín,10108,1,2020-07-17
Los Lagos,10,Maullín,10108,1,2020-07-28
Los Lagos,10,Maullín,10108,1,2020-07-29
Los Lagos,10,Maullín,10108,1,2020-08-03
Los Lagos,10,Maullín,10108,1,2020-08-07
Los Lagos,10,Maullín,10108,1,2020-08-13
Los Lagos,10,Maullín,10108,1,2020-08-17
Los Lagos,10,Maullín,10108,2,2020-08-19
Los Lagos,10,Maullín,10108,1,2020-09-14
Los Lagos,10,Maullín,10108,1,2020-09-21
Los Lagos,10,Maullín,10108,1,2020-09-23
Los Lagos,10,Maullín,10108,1,2020-09-25
Los Lagos,10,Maullín,10108,2,2020-10-07
Los Lagos,10,Maullín,10108,1,2020-10-09
Los Lagos,10,Maullín,10108,1,2020-10-13
Los Lagos,10,Maullín,10108,1,2020-10-26
Los Lagos,10,Maullín,10108,1,2020-11-13
Los Lagos,10,Maullín,10108,1,2020-11-16
Los Lagos,10,Maullín,10108,1,2020-11-18
Los Lagos,10,Maullín,10108,1,2020-11-25
Los Lagos,10,Maullín,10108,2,2020-11-30
Los Lagos,10,Maullín,10108,2,2020-12-02
Los Lagos,10,Maullín,10108,1,2020-12-07
Los Lagos,10,Maullín,10108,1,2020-12-18
Los Lagos,10,Maullín,10108,1,2020-12-23
Los Lagos,10,Maullín,10108,1,2021-01-06
Los Lagos,10,Maullín,10108,1,2021-01-08
Los Lagos,10,Maullín,10108,2,2021-01-11
Los Lagos,10,Puerto Varas,10109,1,2020-01-02
Los Lagos,10,Puerto Varas,10109,2,2020-01-06
Los Lagos,10,Puerto Varas,10109,1,2020-01-07
Los Lagos,10,Puerto Varas,10109,1,2020-01-10
Los Lagos,10,Puerto Varas,10109,2,2020-01-14
Los Lagos,10,Puerto Varas,10109,1,2020-01-15
Los Lagos,10,Puerto Varas,10109,1,2020-01-17
Los Lagos,10,Puerto Varas,10109,2,2020-01-21
Los Lagos,10,Puerto Varas,10109,2,2020-01-24
Los Lagos,10,Puerto Varas,10109,1,2020-01-29
Los Lagos,10,Puerto Varas,10109,1,2020-01-31
Los Lagos,10,Puerto Varas,10109,1,2020-02-03
Los Lagos,10,Puerto Varas,10109,1,2020-02-04
Los Lagos,10,Puerto Varas,10109,1,2020-02-05
Los Lagos,10,Puerto Varas,10109,1,2020-02-10
Los Lagos,10,Puerto Varas,10109,1,2020-02-12
Los Lagos,10,Puerto Varas,10109,1,2020-02-18
Los Lagos,10,Puerto Varas,10109,1,2020-02-21
Los Lagos,10,Puerto Varas,10109,1,2020-02-24
Los Lagos,10,Puerto Varas,10109,1,2020-03-02
Los Lagos,10,Puerto Varas,10109,1,2020-03-06
Los Lagos,10,Puerto Varas,10109,1,2020-03-18
Los Lagos,10,Puerto Varas,10109,1,2020-03-20
Los Lagos,10,Puerto Varas,10109,2,2020-03-23
Los Lagos,10,Puerto Varas,10109,1,2020-03-25
Los Lagos,10,Puerto Varas,10109,1,2020-03-27
Los Lagos,10,Puerto Varas,10109,2,2020-04-01
Los Lagos,10,Puerto Varas,10109,3,2020-04-06
Los Lagos,10,Puerto Varas,10109,2,2020-04-09
Los Lagos,10,Puerto Varas,10109,2,2020-04-15
Los Lagos,10,Puerto Varas,10109,3,2020-04-20
Los Lagos,10,Puerto Varas,10109,1,2020-04-22
Los Lagos,10,Puerto Varas,10109,2,2020-04-27
Los Lagos,10,Puerto Varas,10109,1,2020-04-29
Los Lagos,10,Puerto Varas,10109,1,2020-04-30
Los Lagos,10,Puerto Varas,10109,1,2020-05-04
Los Lagos,10,Puerto Varas,10109,1,2020-05-06
Los Lagos,10,Puerto Varas,10109,1,2020-05-08
Los Lagos,10,Puerto Varas,10109,2,2020-05-11
Los Lagos,10,Puerto Varas,10109,2,2020-05-15
Los Lagos,10,Puerto Varas,10109,1,2020-05-18
Los Lagos,10,Puerto Varas,10109,3,2020-05-22
Los Lagos,10,Puerto Varas,10109,2,2020-05-25
Los Lagos,10,Puerto Varas,10109,1,2020-05-29
Los Lagos,10,Puerto Varas,10109,2,2020-06-03
Los Lagos,10,Puerto Varas,10109,3,2020-06-08
Los Lagos,10,Puerto Varas,10109,1,2020-06-12
Los Lagos,10,Puerto Varas,10109,1,2020-06-15
Los Lagos,10,Puerto Varas,10109,1,2020-06-16
Los Lagos,10,Puerto Varas,10109,2,2020-06-22
Los Lagos,10,Puerto Varas,10109,1,2020-06-24
Los Lagos,10,Puerto Varas,10109,2,2020-06-26
Los Lagos,10,Puerto Varas,10109,1,2020-06-30
Los Lagos,10,Puerto Varas,10109,1,2020-07-03
Los Lagos,10,Puerto Varas,10109,1,2020-07-06
Los Lagos,10,Puerto Varas,10109,2,2020-07-08
Los Lagos,10,Puerto Varas,10109,4,2020-07-10
Los Lagos,10,Puerto Varas,10109,2,2020-07-13
Los Lagos,10,Puerto Varas,10109,1,2020-07-15
Los Lagos,10,Puerto Varas,10109,1,2020-07-17
Los Lagos,10,Puerto Varas,10109,1,2020-07-20
Los Lagos,10,Puerto Varas,10109,1,2020-07-22
Los Lagos,10,Puerto Varas,10109,1,2020-07-29
Los Lagos,10,Puerto Varas,10109,1,2020-07-30
Los Lagos,10,Puerto Varas,10109,1,2020-07-31
Los Lagos,10,Puerto Varas,10109,3,2020-08-03
Los Lagos,10,Puerto Varas,10109,1,2020-08-04
Los Lagos,10,Puerto Varas,10109,1,2020-08-05
Los Lagos,10,Puerto Varas,10109,1,2020-08-10
Los Lagos,10,Puerto Varas,10109,1,2020-08-12
Los Lagos,10,Puerto Varas,10109,1,2020-08-14
Los Lagos,10,Puerto Varas,10109,2,2020-08-17
Los Lagos,10,Puerto Varas,10109,1,2020-08-19
Los Lagos,10,Puerto Varas,10109,1,2020-08-24
Los Lagos,10,Puerto Varas,10109,1,2020-08-26
Los Lagos,10,Puerto Varas,10109,1,2020-09-01
Los Lagos,10,Puerto Varas,10109,1,2020-09-02
Los Lagos,10,Puerto Varas,10109,1,2020-09-07
Los Lagos,10,Puerto Varas,10109,1,2020-09-09
Los Lagos,10,Puerto Varas,10109,2,2020-09-14
Los Lagos,10,Puerto Varas,10109,2,2020-09-21
Los Lagos,10,Puerto Varas,10109,1,2020-09-25
Los Lagos,10,Puerto Varas,10109,2,2020-09-30
Los Lagos,10,Puerto Varas,10109,1,2020-10-02
Los Lagos,10,Puerto Varas,10109,3,2020-10-07
Los Lagos,10,Puerto Varas,10109,4,2020-10-13
Los Lagos,10,Puerto Varas,10109,1,2020-10-14
Los Lagos,10,Puerto Varas,10109,2,2020-10-16
Los Lagos,10,Puerto Varas,10109,1,2020-10-19
Los Lagos,10,Puerto Varas,10109,1,2020-10-26
Los Lagos,10,Puerto Varas,10109,1,2020-10-28
Los Lagos,10,Puerto Varas,10109,1,2020-11-04
Los Lagos,10,Puerto Varas,10109,1,2020-11-05
Los Lagos,10,Puerto Varas,10109,2,2020-11-06
Los Lagos,10,Puerto Varas,10109,2,2020-11-09
Los Lagos,10,Puerto Varas,10109,2,2020-11-11
Los Lagos,10,Puerto Varas,10109,1,2020-11-13
Los Lagos,10,Puerto Varas,10109,1,2020-11-16
Los Lagos,10,Puerto Varas,10109,1,2020-11-17
Los Lagos,10,Puerto Varas,10109,1,2020-11-19
Los Lagos,10,Puerto Varas,10109,1,2020-11-20
Los Lagos,10,Puerto Varas,10109,1,2020-11-23
Los Lagos,10,Puerto Varas,10109,1,2020-11-24
Los Lagos,10,Puerto Varas,10109,1,2020-11-26
Los Lagos,10,Puerto Varas,10109,1,2020-12-07
Los Lagos,10,Puerto Varas,10109,2,2020-12-09
Los Lagos,10,Puerto Varas,10109,2,2020-12-14
Los Lagos,10,Puerto Varas,10109,1,2020-12-16
Los Lagos,10,Puerto Varas,10109,2,2020-12-18
Los Lagos,10,Puerto Varas,10109,1,2020-12-28
Los Lagos,10,Puerto Varas,10109,1,2020-12-30
Los Lagos,10,Puerto Varas,10109,3,2021-01-04
Los Lagos,10,Puerto Varas,10109,1,2021-01-05
Los Lagos,10,Puerto Varas,10109,1,2021-01-06
Los Lagos,10,Puerto Varas,10109,1,2021-01-07
Los Lagos,10,Puerto Varas,10109,2,2021-01-08
Los Lagos,10,Puerto Varas,10109,6,2021-01-11
Los Lagos,10,Puerto Varas,10109,1,2021-01-12
Los Lagos,10,Puerto Varas,10109,1,2021-01-13
Los Lagos,10,Castro,10201,2,2020-01-02
Los Lagos,10,Castro,10201,3,2020-01-03
Los Lagos,10,Castro,10201,1,2020-01-04
Los Lagos,10,Castro,10201,7,2020-01-06
Los Lagos,10,Castro,10201,6,2020-01-07
Los Lagos,10,Castro,10201,6,2020-01-09
Los Lagos,10,Castro,10201,2,2020-01-10
Los Lagos,10,Castro,10201,5,2020-01-13
Los Lagos,10,Castro,10201,1,2020-01-15
Los Lagos,10,Castro,10201,2,2020-01-16
Los Lagos,10,Castro,10201,2,2020-01-20
Los Lagos,10,Castro,10201,1,2020-01-22
Los Lagos,10,Castro,10201,3,2020-01-23
Los Lagos,10,Castro,10201,3,2020-01-24
Los Lagos,10,Castro,10201,7,2020-01-27
Los Lagos,10,Castro,10201,2,2020-01-28
Los Lagos,10,Castro,10201,3,2020-01-29
Los Lagos,10,Castro,10201,3,2020-01-30
Los Lagos,10,Castro,10201,1,2020-01-31
Los Lagos,10,Castro,10201,1,2020-02-03
Los Lagos,10,Castro,10201,2,2020-02-07
Los Lagos,10,Castro,10201,3,2020-02-11
Los Lagos,10,Castro,10201,1,2020-02-13
Los Lagos,10,Castro,10201,3,2020-02-14
Los Lagos,10,Castro,10201,1,2020-02-17
Los Lagos,10,Castro,10201,1,2020-02-19
Los Lagos,10,Castro,10201,2,2020-02-21
Los Lagos,10,Castro,10201,3,2020-02-24
Los Lagos,10,Castro,10201,3,2020-02-25
Los Lagos,10,Castro,10201,1,2020-02-27
Los Lagos,10,Castro,10201,1,2020-02-28
Los Lagos,10,Castro,10201,3,2020-03-02
Los Lagos,10,Castro,10201,1,2020-03-03
Los Lagos,10,Castro,10201,1,2020-03-04
Los Lagos,10,Castro,10201,1,2020-03-05
Los Lagos,10,Castro,10201,1,2020-03-08
Los Lagos,10,Castro,10201,1,2020-03-12
Los Lagos,10,Castro,10201,2,2020-03-13
Los Lagos,10,Castro,10201,3,2020-03-16
Los Lagos,10,Castro,10201,3,2020-03-18
Los Lagos,10,Castro,10201,1,2020-03-19
Los Lagos,10,Castro,10201,1,2020-03-20
Los Lagos,10,Castro,10201,4,2020-03-23
Los Lagos,10,Castro,10201,1,2020-03-24
Los Lagos,10,Castro,10201,2,2020-03-27
Los Lagos,10,Castro,10201,2,2020-03-30
Los Lagos,10,Castro,10201,1,2020-03-31
Los Lagos,10,Castro,10201,1,2020-04-01
Los Lagos,10,Castro,10201,1,2020-04-06
Los Lagos,10,Castro,10201,2,2020-04-08
Los Lagos,10,Castro,10201,4,2020-04-13
Los Lagos,10,Castro,10201,2,2020-04-15
Los Lagos,10,Castro,10201,4,2020-04-17
Los Lagos,10,Castro,10201,2,2020-04-20
Los Lagos,10,Castro,10201,1,2020-04-21
Los Lagos,10,Castro,10201,2,2020-04-27
Los Lagos,10,Castro,10201,2,2020-04-28
Los Lagos,10,Castro,10201,1,2020-04-29
Los Lagos,10,Castro,10201,4,2020-04-30
Los Lagos,10,Castro,10201,1,2020-05-04
Los Lagos,10,Castro,10201,4,2020-05-06
Los Lagos,10,Castro,10201,1,2020-05-07
Los Lagos,10,Castro,10201,2,2020-05-08
Los Lagos,10,Castro,10201,5,2020-05-11
Los Lagos,10,Castro,10201,2,2020-05-13
Los Lagos,10,Castro,10201,1,2020-05-15
Los Lagos,10,Castro,10201,2,2020-05-18
Los Lagos,10,Castro,10201,4,2020-05-20
Los Lagos,10,Castro,10201,4,2020-05-22
Los Lagos,10,Castro,10201,3,2020-05-25
Los Lagos,10,Castro,10201,2,2020-05-27
Los Lagos,10,Castro,10201,3,2020-05-29
Los Lagos,10,Castro,10201,2,2020-06-01
Los Lagos,10,Castro,10201,3,2020-06-03
Los Lagos,10,Castro,10201,1,2020-06-05
Los Lagos,10,Castro,10201,2,2020-06-08
Los Lagos,10,Castro,10201,1,2020-06-11
Los Lagos,10,Castro,10201,1,2020-06-12
Los Lagos,10,Castro,10201,2,2020-06-15
Los Lagos,10,Castro,10201,3,2020-06-17
Los Lagos,10,Castro,10201,1,2020-06-19
Los Lagos,10,Castro,10201,4,2020-06-22
Los Lagos,10,Castro,10201,1,2020-06-23
Los Lagos,10,Castro,10201,5,2020-06-24
Los Lagos,10,Castro,10201,2,2020-06-26
Los Lagos,10,Castro,10201,1,2020-06-27
Los Lagos,10,Castro,10201,2,2020-06-30
Los Lagos,10,Castro,10201,1,2020-07-01
Los Lagos,10,Castro,10201,2,2020-07-03
Los Lagos,10,Castro,10201,2,2020-07-06
Los Lagos,10,Castro,10201,1,2020-07-08
Los Lagos,10,Castro,10201,4,2020-07-09
Los Lagos,10,Castro,10201,2,2020-07-10
Los Lagos,10,Castro,10201,2,2020-07-13
Los Lagos,10,Castro,10201,5,2020-07-15
Los Lagos,10,Castro,10201,4,2020-07-17
Los Lagos,10,Castro,10201,2,2020-07-20
Los Lagos,10,Castro,10201,1,2020-07-21
Los Lagos,10,Castro,10201,5,2020-07-22
Los Lagos,10,Castro,10201,2,2020-07-24
Los Lagos,10,Castro,10201,5,2020-07-27
Los Lagos,10,Castro,10201,1,2020-07-28
Los Lagos,10,Castro,10201,1,2020-07-31
Los Lagos,10,Castro,10201,5,2020-08-03
Los Lagos,10,Castro,10201,1,2020-08-04
Los Lagos,10,Castro,10201,2,2020-08-05
Los Lagos,10,Castro,10201,2,2020-08-07
Los Lagos,10,Castro,10201,1,2020-08-10
Los Lagos,10,Castro,10201,3,2020-08-12
Los Lagos,10,Castro,10201,1,2020-08-14
Los Lagos,10,Castro,10201,4,2020-08-17
Los Lagos,10,Castro,10201,5,2020-08-19
Los Lagos,10,Castro,10201,4,2020-08-21
Los Lagos,10,Castro,10201,6,2020-08-24
Los Lagos,10,Castro,10201,2,2020-08-26
Los Lagos,10,Castro,10201,2,2020-08-28
Los Lagos,10,Castro,10201,3,2020-08-31
Los Lagos,10,Castro,10201,4,2020-09-02
Los Lagos,10,Castro,10201,2,2020-09-07
Los Lagos,10,Castro,10201,1,2020-09-09
Los Lagos,10,Castro,10201,3,2020-09-11
Los Lagos,10,Castro,10201,4,2020-09-14
Los Lagos,10,Castro,10201,2,2020-09-17
Los Lagos,10,Castro,10201,2,2020-09-21
Los Lagos,10,Castro,10201,4,2020-09-23
Los Lagos,10,Castro,10201,2,2020-09-25
Los Lagos,10,Castro,10201,5,2020-09-28
Los Lagos,10,Castro,10201,2,2020-09-30
Los Lagos,10,Castro,10201,1,2020-10-01
Los Lagos,10,Castro,10201,2,2020-10-02
Los Lagos,10,Castro,10201,2,2020-10-05
Los Lagos,10,Castro,10201,2,2020-10-09
Los Lagos,10,Castro,10201,1,2020-10-10
Los Lagos,10,Castro,10201,3,2020-10-14
Los Lagos,10,Castro,10201,1,2020-10-15
Los Lagos,10,Castro,10201,3,2020-10-16
Los Lagos,10,Castro,10201,3,2020-10-19
Los Lagos,10,Castro,10201,1,2020-10-20
Los Lagos,10,Castro,10201,2,2020-10-21
Los Lagos,10,Castro,10201,2,2020-10-23
Los Lagos,10,Castro,10201,1,2020-10-25
Los Lagos,10,Castro,10201,3,2020-10-26
Los Lagos,10,Castro,10201,1,2020-10-27
Los Lagos,10,Castro,10201,2,2020-10-30
Los Lagos,10,Castro,10201,1,2020-11-02
Los Lagos,10,Castro,10201,3,2020-11-04
Los Lagos,10,Castro,10201,4,2020-11-06
Los Lagos,10,Castro,10201,3,2020-11-11
Los Lagos,10,Castro,10201,2,2020-11-13
Los Lagos,10,Castro,10201,1,2020-11-18
Los Lagos,10,Castro,10201,4,2020-11-23
Los Lagos,10,Castro,10201,1,2020-11-25
Los Lagos,10,Castro,10201,1,2020-11-27
Los Lagos,10,Castro,10201,6,2020-11-30
Los Lagos,10,Castro,10201,1,2020-12-01
Los Lagos,10,Castro,10201,2,2020-12-02
Los Lagos,10,Castro,10201,2,2020-12-04
Los Lagos,10,Castro,10201,2,2020-12-07
Los Lagos,10,Castro,10201,5,2020-12-09
Los Lagos,10,Castro,10201,1,2020-12-10
Los Lagos,10,Castro,10201,1,2020-12-11
Los Lagos,10,Castro,10201,2,2020-12-14
Los Lagos,10,Castro,10201,1,2020-12-15
Los Lagos,10,Castro,10201,1,2020-12-16
Los Lagos,10,Castro,10201,1,2020-12-18
Los Lagos,10,Castro,10201,4,2020-12-21
Los Lagos,10,Castro,10201,1,2020-12-22
Los Lagos,10,Castro,10201,3,2020-12-23
Los Lagos,10,Castro,10201,2,2020-12-24
Los Lagos,10,Castro,10201,1,2020-12-28
Los Lagos,10,Castro,10201,1,2020-12-29
Los Lagos,10,Castro,10201,2,2020-12-30
Los Lagos,10,Castro,10201,1,2021-01-02
Los Lagos,10,Castro,10201,4,2021-01-04
Los Lagos,10,Castro,10201,1,2021-01-05
Los Lagos,10,Castro,10201,1,2021-01-07
Los Lagos,10,Castro,10201,5,2021-01-08
Los Lagos,10,Castro,10201,1,2021-01-11
Los Lagos,10,Castro,10201,3,2021-01-12
Los Lagos,10,Castro,10201,2,2021-01-13
Los Lagos,10,Castro,10201,1,2021-01-14
Los Lagos,10,Ancud,10202,2,2020-01-03
Los Lagos,10,Ancud,10202,1,2020-01-06
Los Lagos,10,Ancud,10202,2,2020-01-07
Los Lagos,10,Ancud,10202,1,2020-01-08
Los Lagos,10,Ancud,10202,2,2020-01-10
Los Lagos,10,Ancud,10202,2,2020-01-13
Los Lagos,10,Ancud,10202,1,2020-01-14
Los Lagos,10,Ancud,10202,2,2020-01-15
Los Lagos,10,Ancud,10202,1,2020-01-16
Los Lagos,10,Ancud,10202,1,2020-01-20
Los Lagos,10,Ancud,10202,3,2020-01-21
Los Lagos,10,Ancud,10202,3,2020-01-22
Los Lagos,10,Ancud,10202,1,2020-01-24
Los Lagos,10,Ancud,10202,2,2020-01-27
Los Lagos,10,Ancud,10202,1,2020-01-28
Los Lagos,10,Ancud,10202,1,2020-01-29
Los Lagos,10,Ancud,10202,2,2020-01-30
Los Lagos,10,Ancud,10202,2,2020-02-03
Los Lagos,10,Ancud,10202,3,2020-02-04
Los Lagos,10,Ancud,10202,1,2020-02-06
Los Lagos,10,Ancud,10202,1,2020-02-07
Los Lagos,10,Ancud,10202,2,2020-02-10
Los Lagos,10,Ancud,10202,3,2020-02-12
Los Lagos,10,Ancud,10202,1,2020-02-14
Los Lagos,10,Ancud,10202,1,2020-02-17
Los Lagos,10,Ancud,10202,1,2020-02-18
Los Lagos,10,Ancud,10202,1,2020-02-21
Los Lagos,10,Ancud,10202,4,2020-02-24
Los Lagos,10,Ancud,10202,3,2020-02-25
Los Lagos,10,Ancud,10202,1,2020-02-26
Los Lagos,10,Ancud,10202,2,2020-02-28
Los Lagos,10,Ancud,10202,1,2020-03-03
Los Lagos,10,Ancud,10202,1,2020-03-04
Los Lagos,10,Ancud,10202,2,2020-03-06
Los Lagos,10,Ancud,10202,3,2020-03-09
Los Lagos,10,Ancud,10202,2,2020-03-10
Los Lagos,10,Ancud,10202,1,2020-03-12
Los Lagos,10,Ancud,10202,1,2020-03-16
Los Lagos,10,Ancud,10202,1,2020-03-18
Los Lagos,10,Ancud,10202,1,2020-03-20
Los Lagos,10,Ancud,10202,1,2020-03-23
Los Lagos,10,Ancud,10202,2,2020-03-24
Los Lagos,10,Ancud,10202,2,2020-03-26
Los Lagos,10,Ancud,10202,3,2020-03-27
Los Lagos,10,Ancud,10202,2,2020-03-30
Los Lagos,10,Ancud,10202,2,2020-04-01
Los Lagos,10,Ancud,10202,3,2020-04-03
Los Lagos,10,Ancud,10202,2,2020-04-06
Los Lagos,10,Ancud,10202,2,2020-04-08
Los Lagos,10,Ancud,10202,3,2020-04-13
Los Lagos,10,Ancud,10202,1,2020-04-15
Los Lagos,10,Ancud,10202,1,2020-04-17
Los Lagos,10,Ancud,10202,2,2020-04-20
Los Lagos,10,Ancud,10202,2,2020-04-22
Los Lagos,10,Ancud,10202,1,2020-04-24
Los Lagos,10,Ancud,10202,1,2020-04-27
Los Lagos,10,Ancud,10202,3,2020-04-29
Los Lagos,10,Ancud,10202,2,2020-04-30
Los Lagos,10,Ancud,10202,4,2020-05-04
Los Lagos,10,Ancud,10202,4,2020-05-06
Los Lagos,10,Ancud,10202,3,2020-05-08
Los Lagos,10,Ancud,10202,3,2020-05-11
Los Lagos,10,Ancud,10202,1,2020-05-13
Los Lagos,10,Ancud,10202,4,2020-05-18
Los Lagos,10,Ancud,10202,2,2020-05-20
Los Lagos,10,Ancud,10202,1,2020-05-22
Los Lagos,10,Ancud,10202,1,2020-05-25
Los Lagos,10,Ancud,10202,1,2020-05-27
Los Lagos,10,Ancud,10202,3,2020-05-29
Los Lagos,10,Ancud,10202,4,2020-06-01
Los Lagos,10,Ancud,10202,1,2020-06-04
Los Lagos,10,Ancud,10202,2,2020-06-08
Los Lagos,10,Ancud,10202,2,2020-06-10
Los Lagos,10,Ancud,10202,1,2020-06-12
Los Lagos,10,Ancud,10202,4,2020-06-15
Los Lagos,10,Ancud,10202,1,2020-06-18
Los Lagos,10,Ancud,10202,1,2020-06-19
Los Lagos,10,Ancud,10202,2,2020-06-22
Los Lagos,10,Ancud,10202,5,2020-06-24
Los Lagos,10,Ancud,10202,1,2020-06-26
Los Lagos,10,Ancud,10202,1,2020-07-01
Los Lagos,10,Ancud,10202,4,2020-07-03
Los Lagos,10,Ancud,10202,5,2020-07-06
Los Lagos,10,Ancud,10202,4,2020-07-08
Los Lagos,10,Ancud,10202,1,2020-07-09
Los Lagos,10,Ancud,10202,3,2020-07-10
Los Lagos,10,Ancud,10202,2,2020-07-13
Los Lagos,10,Ancud,10202,4,2020-07-15
Los Lagos,10,Ancud,10202,1,2020-07-17
Los Lagos,10,Ancud,10202,4,2020-07-20
Los Lagos,10,Ancud,10202,2,2020-07-22
Los Lagos,10,Ancud,10202,1,2020-07-24
Los Lagos,10,Ancud,10202,3,2020-07-27
Los Lagos,10,Ancud,10202,5,2020-07-31
Los Lagos,10,Ancud,10202,4,2020-08-03
Los Lagos,10,Ancud,10202,3,2020-08-05
Los Lagos,10,Ancud,10202,1,2020-08-07
Los Lagos,10,Ancud,10202,3,2020-08-10
Los Lagos,10,Ancud,10202,3,2020-08-12
Los Lagos,10,Ancud,10202,1,2020-08-14
Los Lagos,10,Ancud,10202,2,2020-08-17
Los Lagos,10,Ancud,10202,4,2020-08-19
Los Lagos,10,Ancud,10202,1,2020-08-21
Los Lagos,10,Ancud,10202,3,2020-08-24
Los Lagos,10,Ancud,10202,1,2020-08-26
Los Lagos,10,Ancud,10202,3,2020-08-28
Los Lagos,10,Ancud,10202,2,2020-08-31
Los Lagos,10,Ancud,10202,1,2020-09-01
Los Lagos,10,Ancud,10202,2,2020-09-02
Los Lagos,10,Ancud,10202,1,2020-09-04
Los Lagos,10,Ancud,10202,4,2020-09-07
Los Lagos,10,Ancud,10202,1,2020-09-09
Los Lagos,10,Ancud,10202,3,2020-09-11
Los Lagos,10,Ancud,10202,2,2020-09-14
Los Lagos,10,Ancud,10202,2,2020-09-16
Los Lagos,10,Ancud,10202,2,2020-09-17
Los Lagos,10,Ancud,10202,4,2020-09-23
Los Lagos,10,Ancud,10202,3,2020-09-25
Los Lagos,10,Ancud,10202,2,2020-09-28
Los Lagos,10,Ancud,10202,3,2020-09-30
Los Lagos,10,Ancud,10202,3,2020-10-05
Los Lagos,10,Ancud,10202,2,2020-10-07
Los Lagos,10,Ancud,10202,1,2020-10-13
Los Lagos,10,Ancud,10202,1,2020-10-14
Los Lagos,10,Ancud,10202,2,2020-10-16
Los Lagos,10,Ancud,10202,3,2020-10-21
Los Lagos,10,Ancud,10202,1,2020-10-23
Los Lagos,10,Ancud,10202,1,2020-10-26
Los Lagos,10,Ancud,10202,2,2020-10-28
Los Lagos,10,Ancud,10202,1,2020-10-31
Los Lagos,10,Ancud,10202,1,2020-11-02
Los Lagos,10,Ancud,10202,1,2020-11-03
Los Lagos,10,Ancud,10202,1,2020-11-04
Los Lagos,10,Ancud,10202,3,2020-11-06
Los Lagos,10,Ancud,10202,3,2020-11-09
Los Lagos,10,Ancud,10202,1,2020-11-11
Los Lagos,10,Ancud,10202,1,2020-11-13
Los Lagos,10,Ancud,10202,6,2020-11-16
Los Lagos,10,Ancud,10202,1,2020-11-18
Los Lagos,10,Ancud,10202,2,2020-11-20
Los Lagos,10,Ancud,10202,1,2020-11-23
Los Lagos,10,Ancud,10202,3,2020-11-25
Los Lagos,10,Ancud,10202,4,2020-11-30
Los Lagos,10,Ancud,10202,1,2020-12-01
Los Lagos,10,Ancud,10202,3,2020-12-02
Los Lagos,10,Ancud,10202,1,2020-12-04
Los Lagos,10,Ancud,10202,1,2020-12-07
Los Lagos,10,Ancud,10202,3,2020-12-09
Los Lagos,10,Ancud,10202,2,2020-12-11
Los Lagos,10,Ancud,10202,3,2020-12-14
Los Lagos,10,Ancud,10202,2,2020-12-16
Los Lagos,10,Ancud,10202,1,2020-12-18
Los Lagos,10,Ancud,10202,1,2020-12-21
Los Lagos,10,Ancud,10202,5,2020-12-23
Los Lagos,10,Ancud,10202,5,2020-12-28
Los Lagos,10,Ancud,10202,1,2021-01-04
Los Lagos,10,Ancud,10202,3,2021-01-06
Los Lagos,10,Ancud,10202,1,2021-01-08
Los Lagos,10,Ancud,10202,1,2021-01-11
Los Lagos,10,Ancud,10202,1,2021-01-13
Los Lagos,10,Chonchi,10203,1,2020-01-08
Los Lagos,10,Chonchi,10203,1,2020-01-13
Los Lagos,10,Chonchi,10203,1,2020-01-15
Los Lagos,10,Chonchi,10203,1,2020-01-17
Los Lagos,10,Chonchi,10203,1,2020-01-24
Los Lagos,10,Chonchi,10203,1,2020-02-10
Los Lagos,10,Chonchi,10203,1,2020-02-12
Los Lagos,10,Chonchi,10203,1,2020-02-19
Los Lagos,10,Chonchi,10203,2,2020-02-24
Los Lagos,10,Chonchi,10203,1,2020-02-27
Los Lagos,10,Chonchi,10203,1,2020-03-02
Los Lagos,10,Chonchi,10203,1,2020-03-03
Los Lagos,10,Chonchi,10203,1,2020-03-19
Los Lagos,10,Chonchi,10203,1,2020-03-20
Los Lagos,10,Chonchi,10203,1,2020-03-24
Los Lagos,10,Chonchi,10203,1,2020-03-31
Los Lagos,10,Chonchi,10203,2,2020-04-01
Los Lagos,10,Chonchi,10203,1,2020-04-09
Los Lagos,10,Chonchi,10203,1,2020-04-15
Los Lagos,10,Chonchi,10203,1,2020-04-17
Los Lagos,10,Chonchi,10203,1,2020-04-20
Los Lagos,10,Chonchi,10203,1,2020-04-24
Los Lagos,10,Chonchi,10203,1,2020-05-08
Los Lagos,10,Chonchi,10203,1,2020-05-11
Los Lagos,10,Chonchi,10203,1,2020-05-15
Los Lagos,10,Chonchi,10203,1,2020-06-10
Los Lagos,10,Chonchi,10203,1,2020-06-12
Los Lagos,10,Chonchi,10203,1,2020-06-15
Los Lagos,10,Chonchi,10203,1,2020-06-17
Los Lagos,10,Chonchi,10203,1,2020-06-24
Los Lagos,10,Chonchi,10203,2,2020-06-30
Los Lagos,10,Chonchi,10203,1,2020-07-01
Los Lagos,10,Chonchi,10203,1,2020-07-03
Los Lagos,10,Chonchi,10203,1,2020-07-13
Los Lagos,10,Chonchi,10203,1,2020-07-15
Los Lagos,10,Chonchi,10203,1,2020-07-22
Los Lagos,10,Chonchi,10203,1,2020-07-27
Los Lagos,10,Chonchi,10203,2,2020-08-03
Los Lagos,10,Chonchi,10203,1,2020-08-07
Los Lagos,10,Chonchi,10203,1,2020-08-17
Los Lagos,10,Chonchi,10203,1,2020-08-24
Los Lagos,10,Chonchi,10203,1,2020-08-26
Los Lagos,10,Chonchi,10203,2,2020-09-02
Los Lagos,10,Chonchi,10203,2,2020-09-07
Los Lagos,10,Chonchi,10203,1,2020-09-09
Los Lagos,10,Chonchi,10203,1,2020-09-14
Los Lagos,10,Chonchi,10203,1,2020-09-23
Los Lagos,10,Chonchi,10203,1,2020-09-25
Los Lagos,10,Chonchi,10203,1,2020-09-28
Los Lagos,10,Chonchi,10203,1,2020-10-05
Los Lagos,10,Chonchi,10203,2,2020-10-09
Los Lagos,10,Chonchi,10203,3,2020-10-14
Los Lagos,10,Chonchi,10203,1,2020-10-19
Los Lagos,10,Chonchi,10203,1,2020-10-21
Los Lagos,10,Chonchi,10203,2,2020-10-23
Los Lagos,10,Chonchi,10203,1,2020-10-26
Los Lagos,10,Chonchi,10203,1,2020-11-04
Los Lagos,10,Chonchi,10203,1,2020-11-06
Los Lagos,10,Chonchi,10203,1,2020-11-09
Los Lagos,10,Chonchi,10203,1,2020-11-13
Los Lagos,10,Chonchi,10203,1,2020-11-23
Los Lagos,10,Chonchi,10203,1,2020-12-02
Los Lagos,10,Chonchi,10203,1,2020-12-04
Los Lagos,10,Chonchi,10203,1,2020-12-18
Los Lagos,10,Chonchi,10203,1,2020-12-31
Los Lagos,10,Chonchi,10203,3,2021-01-04
Los Lagos,10,Curaco de Vélez,10204,1,2020-02-05
Los Lagos,10,Curaco de Vélez,10204,1,2020-04-14
Los Lagos,10,Curaco de Vélez,10204,1,2020-05-05
Los Lagos,10,Curaco de Vélez,10204,1,2020-06-18
Los Lagos,10,Curaco de Vélez,10204,1,2020-08-07
Los Lagos,10,Curaco de Vélez,10204,1,2020-09-11
Los Lagos,10,Curaco de Vélez,10204,1,2020-09-26
Los Lagos,10,Curaco de Vélez,10204,1,2020-10-13
Los Lagos,10,Curaco de Vélez,10204,1,2020-10-22
Los Lagos,10,Curaco de Vélez,10204,1,2021-01-08
Los Lagos,10,Curaco de Vélez,10204,1,2021-01-14
Los Lagos,10,Dalcahue,10205,1,2020-01-02
Los Lagos,10,Dalcahue,10205,1,2020-01-07
Los Lagos,10,Dalcahue,10205,1,2020-01-15
Los Lagos,10,Dalcahue,10205,1,2020-01-16
Los Lagos,10,Dalcahue,10205,1,2020-01-20
Los Lagos,10,Dalcahue,10205,1,2020-02-11
Los Lagos,10,Dalcahue,10205,1,2020-02-12
Los Lagos,10,Dalcahue,10205,1,2020-02-17
Los Lagos,10,Dalcahue,10205,1,2020-03-03
Los Lagos,10,Dalcahue,10205,1,2020-03-08
Los Lagos,10,Dalcahue,10205,1,2020-03-23
Los Lagos,10,Dalcahue,10205,2,2020-03-27
Los Lagos,10,Dalcahue,10205,1,2020-03-28
Los Lagos,10,Dalcahue,10205,1,2020-04-04
Los Lagos,10,Dalcahue,10205,2,2020-04-06
Los Lagos,10,Dalcahue,10205,3,2020-04-17
Los Lagos,10,Dalcahue,10205,1,2020-04-23
Los Lagos,10,Dalcahue,10205,1,2020-04-24
Los Lagos,10,Dalcahue,10205,1,2020-05-18
Los Lagos,10,Dalcahue,10205,1,2020-05-20
Los Lagos,10,Dalcahue,10205,1,2020-05-25
Los Lagos,10,Dalcahue,10205,1,2020-06-01
Los Lagos,10,Dalcahue,10205,2,2020-06-03
Los Lagos,10,Dalcahue,10205,2,2020-06-17
Los Lagos,10,Dalcahue,10205,1,2020-06-23
Los Lagos,10,Dalcahue,10205,1,2020-06-25
Los Lagos,10,Dalcahue,10205,1,2020-07-06
Los Lagos,10,Dalcahue,10205,2,2020-07-08
Los Lagos,10,Dalcahue,10205,2,2020-07-09
Los Lagos,10,Dalcahue,10205,1,2020-07-17
Los Lagos,10,Dalcahue,10205,2,2020-07-24
Los Lagos,10,Dalcahue,10205,1,2020-07-27
Los Lagos,10,Dalcahue,10205,1,2020-07-29
Los Lagos,10,Dalcahue,10205,2,2020-08-03
Los Lagos,10,Dalcahue,10205,1,2020-08-04
Los Lagos,10,Dalcahue,10205,1,2020-08-10
Los Lagos,10,Dalcahue,10205,1,2020-08-12
Los Lagos,10,Dalcahue,10205,1,2020-08-17
Los Lagos,10,Dalcahue,10205,1,2020-08-24
Los Lagos,10,Dalcahue,10205,1,2020-08-28
Los Lagos,10,Dalcahue,10205,1,2020-09-09
Los Lagos,10,Dalcahue,10205,3,2020-09-11
Los Lagos,10,Dalcahue,10205,1,2020-10-05
Los Lagos,10,Dalcahue,10205,1,2020-10-17
Los Lagos,10,Dalcahue,10205,1,2020-10-21
Los Lagos,10,Dalcahue,10205,1,2020-10-22
Los Lagos,10,Dalcahue,10205,1,2020-10-26
Los Lagos,10,Dalcahue,10205,2,2020-11-13
Los Lagos,10,Dalcahue,10205,1,2020-11-23
Los Lagos,10,Dalcahue,10205,1,2020-11-27
Los Lagos,10,Dalcahue,10205,1,2020-11-30
Los Lagos,10,Dalcahue,10205,1,2020-12-03
Los Lagos,10,Dalcahue,10205,1,2020-12-14
Los Lagos,10,Dalcahue,10205,1,2020-12-23
Los Lagos,10,Dalcahue,10205,1,2020-12-28
Los Lagos,10,Dalcahue,10205,1,2021-01-08
Los Lagos,10,Puqueldón,10206,1,2020-01-13
Los Lagos,10,Puqueldón,10206,1,2020-02-03
Los Lagos,10,Puqueldón,10206,1,2020-02-13
Los Lagos,10,Puqueldón,10206,1,2020-02-27
Los Lagos,10,Puqueldón,10206,2,2020-03-17
Los Lagos,10,Puqueldón,10206,1,2020-03-23
Los Lagos,10,Puqueldón,10206,1,2020-04-04
Los Lagos,10,Puqueldón,10206,1,2020-04-12
Los Lagos,10,Puqueldón,10206,1,2020-05-15
Los Lagos,10,Puqueldón,10206,1,2020-05-23
Los Lagos,10,Puqueldón,10206,1,2020-05-27
Los Lagos,10,Puqueldón,10206,1,2020-06-08
Los Lagos,10,Puqueldón,10206,1,2020-06-15
Los Lagos,10,Puqueldón,10206,1,2020-06-19
Los Lagos,10,Puqueldón,10206,1,2020-06-30
Los Lagos,10,Puqueldón,10206,1,2020-07-15
Los Lagos,10,Puqueldón,10206,1,2020-07-17
Los Lagos,10,Puqueldón,10206,1,2020-07-29
Los Lagos,10,Puqueldón,10206,1,2020-08-05
Los Lagos,10,Puqueldón,10206,2,2020-08-28
Los Lagos,10,Puqueldón,10206,1,2020-09-09
Los Lagos,10,Puqueldón,10206,1,2020-09-10
Los Lagos,10,Puqueldón,10206,1,2020-10-05
Los Lagos,10,Puqueldón,10206,1,2020-11-02
Los Lagos,10,Puqueldón,10206,1,2020-11-24
Los Lagos,10,Puqueldón,10206,1,2020-12-23
Los Lagos,10,Queilén,10207,1,2020-01-10
Los Lagos,10,Queilén,10207,1,2020-02-21
Los Lagos,10,Queilén,10207,1,2020-03-17
Los Lagos,10,Queilén,10207,1,2020-04-01
Los Lagos,10,Queilén,10207,1,2020-04-09
Los Lagos,10,Queilén,10207,1,2020-04-28
Los Lagos,10,Queilén,10207,1,2020-05-12
Los Lagos,10,Queilén,10207,1,2020-05-13
Los Lagos,10,Queilén,10207,1,2020-05-22
Los Lagos,10,Queilén,10207,1,2020-06-01
Los Lagos,10,Queilén,10207,1,2020-06-15
Los Lagos,10,Queilén,10207,1,2020-07-06
Los Lagos,10,Queilén,10207,1,2020-08-21
Los Lagos,10,Queilén,10207,1,2020-09-01
Los Lagos,10,Queilén,10207,1,2020-09-04
Los Lagos,10,Queilén,10207,1,2020-09-07
Los Lagos,10,Queilén,10207,1,2020-09-11
Los Lagos,10,Queilén,10207,1,2020-09-15
Los Lagos,10,Queilén,10207,1,2020-09-21
Los Lagos,10,Queilén,10207,1,2020-10-01
Los Lagos,10,Queilén,10207,1,2020-10-28
Los Lagos,10,Queilén,10207,1,2020-11-02
Los Lagos,10,Queilén,10207,1,2020-11-06
Los Lagos,10,Queilén,10207,1,2020-11-17
Los Lagos,10,Queilén,10207,1,2020-12-07
Los Lagos,10,Quellón,10208,1,2020-01-02
Los Lagos,10,Quellón,10208,1,2020-01-06
Los Lagos,10,Quellón,10208,1,2020-01-08
Los Lagos,10,Quellón,10208,1,2020-01-13
Los Lagos,10,Quellón,10208,1,2020-01-14
Los Lagos,10,Quellón,10208,1,2020-01-21
Los Lagos,10,Quellón,10208,1,2020-02-04
Los Lagos,10,Quellón,10208,1,2020-02-05
Los Lagos,10,Quellón,10208,1,2020-02-20
Los Lagos,10,Quellón,10208,1,2020-02-21
Los Lagos,10,Quellón,10208,2,2020-02-25
Los Lagos,10,Quellón,10208,2,2020-03-02
Los Lagos,10,Quellón,10208,1,2020-03-06
Los Lagos,10,Quellón,10208,1,2020-03-09
Los Lagos,10,Quellón,10208,1,2020-03-19
Los Lagos,10,Quellón,10208,1,2020-03-20
Los Lagos,10,Quellón,10208,1,2020-03-23
Los Lagos,10,Quellón,10208,1,2020-04-01
Los Lagos,10,Quellón,10208,2,2020-04-06
Los Lagos,10,Quellón,10208,3,2020-04-13
Los Lagos,10,Quellón,10208,1,2020-04-22
Los Lagos,10,Quellón,10208,1,2020-04-24
Los Lagos,10,Quellón,10208,1,2020-04-27
Los Lagos,10,Quellón,10208,1,2020-05-13
Los Lagos,10,Quellón,10208,1,2020-05-15
Los Lagos,10,Quellón,10208,3,2020-05-18
Los Lagos,10,Quellón,10208,2,2020-05-20
Los Lagos,10,Quellón,10208,1,2020-05-25
Los Lagos,10,Quellón,10208,1,2020-05-27
Los Lagos,10,Quellón,10208,1,2020-06-01
Los Lagos,10,Quellón,10208,1,2020-06-10
Los Lagos,10,Quellón,10208,1,2020-06-12
Los Lagos,10,Quellón,10208,1,2020-07-01
Los Lagos,10,Quellón,10208,2,2020-07-06
Los Lagos,10,Quellón,10208,1,2020-07-10
Los Lagos,10,Quellón,10208,2,2020-07-13
Los Lagos,10,Quellón,10208,1,2020-07-15
Los Lagos,10,Quellón,10208,2,2020-07-20
Los Lagos,10,Quellón,10208,1,2020-07-24
Los Lagos,10,Quellón,10208,1,2020-07-29
Los Lagos,10,Quellón,10208,1,2020-08-03
Los Lagos,10,Quellón,10208,1,2020-08-07
Los Lagos,10,Quellón,10208,1,2020-08-10
Los Lagos,10,Quellón,10208,1,2020-08-19
Los Lagos,10,Quellón,10208,1,2020-08-21
Los Lagos,10,Quellón,10208,1,2020-08-24
Los Lagos,10,Quellón,10208,1,2020-09-02
Los Lagos,10,Quellón,10208,2,2020-09-11
Los Lagos,10,Quellón,10208,1,2020-09-16
Los Lagos,10,Quellón,10208,1,2020-09-17
Los Lagos,10,Quellón,10208,2,2020-09-21
Los Lagos,10,Quellón,10208,2,2020-09-23
Los Lagos,10,Quellón,10208,1,2020-09-25
Los Lagos,10,Quellón,10208,2,2020-09-30
Los Lagos,10,Quellón,10208,1,2020-10-05
Los Lagos,10,Quellón,10208,1,2020-10-13
Los Lagos,10,Quellón,10208,3,2020-10-14
Los Lagos,10,Quellón,10208,1,2020-10-16
Los Lagos,10,Quellón,10208,3,2020-10-21
Los Lagos,10,Quellón,10208,1,2020-10-23
Los Lagos,10,Quellón,10208,5,2020-10-26
Los Lagos,10,Quellón,10208,2,2020-10-28
Los Lagos,10,Quellón,10208,1,2020-11-02
Los Lagos,10,Quellón,10208,1,2020-11-06
Los Lagos,10,Quellón,10208,5,2020-11-09
Los Lagos,10,Quellón,10208,1,2020-11-10
Los Lagos,10,Quellón,10208,2,2020-11-13
Los Lagos,10,Quellón,10208,2,2020-11-16
Los Lagos,10,Quellón,10208,1,2020-11-18
Los Lagos,10,Quellón,10208,1,2020-11-23
Los Lagos,10,Quellón,10208,1,2020-11-27
Los Lagos,10,Quellón,10208,2,2020-11-30
Los Lagos,10,Quellón,10208,2,2020-12-07
Los Lagos,10,Quellón,10208,1,2020-12-10
Los Lagos,10,Quellón,10208,1,2020-12-11
Los Lagos,10,Quellón,10208,2,2020-12-14
Los Lagos,10,Quellón,10208,1,2020-12-15
Los Lagos,10,Quellón,10208,1,2020-12-18
Los Lagos,10,Quellón,10208,2,2020-12-21
Los Lagos,10,Quellón,10208,1,2020-12-24
Los Lagos,10,Quellón,10208,2,2020-12-28
Los Lagos,10,Quellón,10208,1,2021-01-04
Los Lagos,10,Quellón,10208,2,2021-01-05
Los Lagos,10,Quellón,10208,1,2021-01-06
Los Lagos,10,Quellón,10208,1,2021-01-07
Los Lagos,10,Quellón,10208,1,2021-01-12
Los Lagos,10,Quellón,10208,1,2021-01-13
Los Lagos,10,Quemchi,10209,1,2020-01-15
Los Lagos,10,Quemchi,10209,2,2020-02-21
Los Lagos,10,Quemchi,10209,1,2020-02-25
Los Lagos,10,Quemchi,10209,1,2020-03-05
Los Lagos,10,Quemchi,10209,1,2020-03-16
Los Lagos,10,Quemchi,10209,1,2020-04-06
Los Lagos,10,Quemchi,10209,1,2020-04-08
Los Lagos,10,Quemchi,10209,1,2020-04-29
Los Lagos,10,Quemchi,10209,1,2020-05-06
Los Lagos,10,Quemchi,10209,1,2020-05-25
Los Lagos,10,Quemchi,10209,1,2020-05-27
Los Lagos,10,Quemchi,10209,1,2020-06-12
Los Lagos,10,Quemchi,10209,1,2020-06-20
Los Lagos,10,Quemchi,10209,1,2020-06-24
Los Lagos,10,Quemchi,10209,1,2020-07-01
Los Lagos,10,Quemchi,10209,1,2020-07-10
Los Lagos,10,Quemchi,10209,1,2020-07-17
Los Lagos,10,Quemchi,10209,1,2020-07-24
Los Lagos,10,Quemchi,10209,2,2020-09-07
Los Lagos,10,Quemchi,10209,1,2020-09-25
Los Lagos,10,Quemchi,10209,1,2020-10-15
Los Lagos,10,Quemchi,10209,1,2020-10-23
Los Lagos,10,Quemchi,10209,1,2020-10-27
Los Lagos,10,Quemchi,10209,1,2020-10-28
Los Lagos,10,Quemchi,10209,1,2020-11-06
Los Lagos,10,Quemchi,10209,2,2020-11-13
Los Lagos,10,Quemchi,10209,1,2020-11-16
Los Lagos,10,Quemchi,10209,1,2020-11-27
Los Lagos,10,Quemchi,10209,1,2020-11-30
Los Lagos,10,Quemchi,10209,1,2020-12-14
Los Lagos,10,Quemchi,10209,1,2020-12-25
Los Lagos,10,Quemchi,10209,1,2021-01-06
Los Lagos,10,Quinchao,10210,1,2020-01-08
Los Lagos,10,Quinchao,10210,1,2020-01-17
Los Lagos,10,Quinchao,10210,1,2020-01-27
Los Lagos,10,Quinchao,10210,2,2020-02-03
Los Lagos,10,Quinchao,10210,1,2020-02-24
Los Lagos,10,Quinchao,10210,1,2020-03-02
Los Lagos,10,Quinchao,10210,1,2020-03-11
Los Lagos,10,Quinchao,10210,2,2020-03-27
Los Lagos,10,Quinchao,10210,2,2020-03-30
Los Lagos,10,Quinchao,10210,1,2020-04-06
Los Lagos,10,Quinchao,10210,1,2020-04-20
Los Lagos,10,Quinchao,10210,1,2020-04-27
Los Lagos,10,Quinchao,10210,1,2020-04-30
Los Lagos,10,Quinchao,10210,1,2020-05-13
Los Lagos,10,Quinchao,10210,1,2020-05-22
Los Lagos,10,Quinchao,10210,1,2020-06-05
Los Lagos,10,Quinchao,10210,1,2020-06-16
Los Lagos,10,Quinchao,10210,1,2020-06-26
Los Lagos,10,Quinchao,10210,1,2020-06-30
Los Lagos,10,Quinchao,10210,1,2020-07-13
Los Lagos,10,Quinchao,10210,1,2020-07-17
Los Lagos,10,Quinchao,10210,1,2020-07-29
Los Lagos,10,Quinchao,10210,1,2020-08-12
Los Lagos,10,Quinchao,10210,1,2020-08-20
Los Lagos,10,Quinchao,10210,1,2020-08-28
Los Lagos,10,Quinchao,10210,2,2020-08-31
Los Lagos,10,Quinchao,10210,1,2020-09-04
Los Lagos,10,Quinchao,10210,3,2020-09-09
Los Lagos,10,Quinchao,10210,1,2020-09-21
Los Lagos,10,Quinchao,10210,1,2020-09-22
Los Lagos,10,Quinchao,10210,1,2020-10-05
Los Lagos,10,Quinchao,10210,1,2020-10-09
Los Lagos,10,Quinchao,10210,1,2020-10-14
Los Lagos,10,Quinchao,10210,1,2020-10-26
Los Lagos,10,Quinchao,10210,1,2020-10-29
Los Lagos,10,Quinchao,10210,1,2020-11-02
Los Lagos,10,Quinchao,10210,1,2020-11-09
Los Lagos,10,Quinchao,10210,1,2020-12-03
Los Lagos,10,Quinchao,10210,2,2020-12-07
Los Lagos,10,Quinchao,10210,1,2021-01-02
Los Lagos,10,Quinchao,10210,1,2021-01-08
Los Lagos,10,Quinchao,10210,3,2021-01-11
Los Lagos,10,Osorno,10301,6,2020-01-02
Los Lagos,10,Osorno,10301,6,2020-01-03
Los Lagos,10,Osorno,10301,11,2020-01-06
Los Lagos,10,Osorno,10301,6,2020-01-07
Los Lagos,10,Osorno,10301,6,2020-01-08
Los Lagos,10,Osorno,10301,4,2020-01-09
Los Lagos,10,Osorno,10301,5,2020-01-10
Los Lagos,10,Osorno,10301,11,2020-01-13
Los Lagos,10,Osorno,10301,2,2020-01-14
Los Lagos,10,Osorno,10301,5,2020-01-15
Los Lagos,10,Osorno,10301,1,2020-01-17
Los Lagos,10,Osorno,10301,10,2020-01-20
Los Lagos,10,Osorno,10301,5,2020-01-21
Los Lagos,10,Osorno,10301,7,2020-01-22
Los Lagos,10,Osorno,10301,4,2020-01-23
Los Lagos,10,Osorno,10301,4,2020-01-24
Los Lagos,10,Osorno,10301,10,2020-01-27
Los Lagos,10,Osorno,10301,4,2020-01-28
Los Lagos,10,Osorno,10301,5,2020-01-29
Los Lagos,10,Osorno,10301,3,2020-01-30
Los Lagos,10,Osorno,10301,5,2020-01-31
Los Lagos,10,Osorno,10301,11,2020-02-03
Los Lagos,10,Osorno,10301,4,2020-02-04
Los Lagos,10,Osorno,10301,6,2020-02-05
Los Lagos,10,Osorno,10301,6,2020-02-06
Los Lagos,10,Osorno,10301,3,2020-02-07
Los Lagos,10,Osorno,10301,8,2020-02-10
Los Lagos,10,Osorno,10301,9,2020-02-11
Los Lagos,10,Osorno,10301,3,2020-02-12
Los Lagos,10,Osorno,10301,3,2020-02-13
Los Lagos,10,Osorno,10301,7,2020-02-14
Los Lagos,10,Osorno,10301,8,2020-02-17
Los Lagos,10,Osorno,10301,6,2020-02-18
Los Lagos,10,Osorno,10301,2,2020-02-19
Los Lagos,10,Osorno,10301,5,2020-02-20
Los Lagos,10,Osorno,10301,2,2020-02-21
Los Lagos,10,Osorno,10301,13,2020-02-24
Los Lagos,10,Osorno,10301,3,2020-02-25
Los Lagos,10,Osorno,10301,4,2020-02-26
Los Lagos,10,Osorno,10301,4,2020-02-27
Los Lagos,10,Osorno,10301,3,2020-02-28
Los Lagos,10,Osorno,10301,6,2020-03-02
Los Lagos,10,Osorno,10301,8,2020-03-03
Los Lagos,10,Osorno,10301,4,2020-03-04
Los Lagos,10,Osorno,10301,3,2020-03-05
Los Lagos,10,Osorno,10301,6,2020-03-06
Los Lagos,10,Osorno,10301,7,2020-03-09
Los Lagos,10,Osorno,10301,3,2020-03-10
Los Lagos,10,Osorno,10301,5,2020-03-11
Los Lagos,10,Osorno,10301,1,2020-03-12
Los Lagos,10,Osorno,10301,4,2020-03-13
Los Lagos,10,Osorno,10301,8,2020-03-16
Los Lagos,10,Osorno,10301,4,2020-03-17
Los Lagos,10,Osorno,10301,5,2020-03-18
Los Lagos,10,Osorno,10301,6,2020-03-19
Los Lagos,10,Osorno,10301,5,2020-03-20
Los Lagos,10,Osorno,10301,11,2020-03-23
Los Lagos,10,Osorno,10301,3,2020-03-24
Los Lagos,10,Osorno,10301,2,2020-03-25
Los Lagos,10,Osorno,10301,4,2020-03-26
Los Lagos,10,Osorno,10301,2,2020-03-27
Los Lagos,10,Osorno,10301,6,2020-03-30
Los Lagos,10,Osorno,10301,2,2020-03-31
Los Lagos,10,Osorno,10301,2,2020-04-01
Los Lagos,10,Osorno,10301,3,2020-04-02
Los Lagos,10,Osorno,10301,7,2020-04-03
Los Lagos,10,Osorno,10301,11,2020-04-06
Los Lagos,10,Osorno,10301,2,2020-04-07
Los Lagos,10,Osorno,10301,4,2020-04-08
Los Lagos,10,Osorno,10301,5,2020-04-09
Los Lagos,10,Osorno,10301,10,2020-04-13
Los Lagos,10,Osorno,10301,4,2020-04-14
Los Lagos,10,Osorno,10301,3,2020-04-15
Los Lagos,10,Osorno,10301,2,2020-04-16
Los Lagos,10,Osorno,10301,4,2020-04-17
Los Lagos,10,Osorno,10301,7,2020-04-20
Los Lagos,10,Osorno,10301,4,2020-04-21
Los Lagos,10,Osorno,10301,3,2020-04-22
Los Lagos,10,Osorno,10301,3,2020-04-23
Los Lagos,10,Osorno,10301,3,2020-04-24
Los Lagos,10,Osorno,10301,4,2020-04-27
Los Lagos,10,Osorno,10301,4,2020-04-28
Los Lagos,10,Osorno,10301,4,2020-04-29
Los Lagos,10,Osorno,10301,6,2020-04-30
Los Lagos,10,Osorno,10301,10,2020-05-04
Los Lagos,10,Osorno,10301,2,2020-05-05
Los Lagos,10,Osorno,10301,5,2020-05-06
Los Lagos,10,Osorno,10301,1,2020-05-07
Los Lagos,10,Osorno,10301,3,2020-05-08
Los Lagos,10,Osorno,10301,10,2020-05-11
Los Lagos,10,Osorno,10301,6,2020-05-12
Los Lagos,10,Osorno,10301,5,2020-05-13
Los Lagos,10,Osorno,10301,2,2020-05-14
Los Lagos,10,Osorno,10301,8,2020-05-15
Los Lagos,10,Osorno,10301,17,2020-05-18
Los Lagos,10,Osorno,10301,4,2020-05-19
Los Lagos,10,Osorno,10301,5,2020-05-20
Los Lagos,10,Osorno,10301,8,2020-05-22
Los Lagos,10,Osorno,10301,10,2020-05-25
Los Lagos,10,Osorno,10301,1,2020-05-26
Los Lagos,10,Osorno,10301,3,2020-05-27
Los Lagos,10,Osorno,10301,3,2020-05-28
Los Lagos,10,Osorno,10301,9,2020-05-29
Los Lagos,10,Osorno,10301,4,2020-06-01
Los Lagos,10,Osorno,10301,5,2020-06-03
Los Lagos,10,Osorno,10301,6,2020-06-04
Los Lagos,10,Osorno,10301,5,2020-06-05
Los Lagos,10,Osorno,10301,7,2020-06-08
Los Lagos,10,Osorno,10301,4,2020-06-09
Los Lagos,10,Osorno,10301,2,2020-06-10
Los Lagos,10,Osorno,10301,3,2020-06-11
Los Lagos,10,Osorno,10301,5,2020-06-12
Los Lagos,10,Osorno,10301,11,2020-06-15
Los Lagos,10,Osorno,10301,6,2020-06-16
Los Lagos,10,Osorno,10301,9,2020-06-17
Los Lagos,10,Osorno,10301,6,2020-06-18
Los Lagos,10,Osorno,10301,10,2020-06-19
Los Lagos,10,Osorno,10301,12,2020-06-22
Los Lagos,10,Osorno,10301,3,2020-06-23
Los Lagos,10,Osorno,10301,5,2020-06-24
Los Lagos,10,Osorno,10301,5,2020-06-25
Los Lagos,10,Osorno,10301,6,2020-06-26
Los Lagos,10,Osorno,10301,10,2020-06-30
Los Lagos,10,Osorno,10301,5,2020-07-01
Los Lagos,10,Osorno,10301,3,2020-07-02
Los Lagos,10,Osorno,10301,2,2020-07-03
Los Lagos,10,Osorno,10301,10,2020-07-06
Los Lagos,10,Osorno,10301,2,2020-07-07
Los Lagos,10,Osorno,10301,3,2020-07-08
Los Lagos,10,Osorno,10301,5,2020-07-09
Los Lagos,10,Osorno,10301,7,2020-07-10
Los Lagos,10,Osorno,10301,5,2020-07-13
Los Lagos,10,Osorno,10301,5,2020-07-14
Los Lagos,10,Osorno,10301,6,2020-07-15
Los Lagos,10,Osorno,10301,5,2020-07-17
Los Lagos,10,Osorno,10301,11,2020-07-20
Los Lagos,10,Osorno,10301,2,2020-07-21
Los Lagos,10,Osorno,10301,10,2020-07-22
Los Lagos,10,Osorno,10301,2,2020-07-23
Los Lagos,10,Osorno,10301,5,2020-07-24
Los Lagos,10,Osorno,10301,14,2020-07-27
Los Lagos,10,Osorno,10301,2,2020-07-28
Los Lagos,10,Osorno,10301,5,2020-07-29
Los Lagos,10,Osorno,10301,3,2020-07-30
Los Lagos,10,Osorno,10301,1,2020-07-31
Los Lagos,10,Osorno,10301,15,2020-08-03
Los Lagos,10,Osorno,10301,4,2020-08-04
Los Lagos,10,Osorno,10301,2,2020-08-05
Los Lagos,10,Osorno,10301,7,2020-08-06
Los Lagos,10,Osorno,10301,3,2020-08-07
Los Lagos,10,Osorno,10301,12,2020-08-10
Los Lagos,10,Osorno,10301,6,2020-08-11
Los Lagos,10,Osorno,10301,6,2020-08-12
Los Lagos,10,Osorno,10301,4,2020-08-13
Los Lagos,10,Osorno,10301,6,2020-08-14
Los Lagos,10,Osorno,10301,9,2020-08-17
Los Lagos,10,Osorno,10301,2,2020-08-18
Los Lagos,10,Osorno,10301,8,2020-08-19
Los Lagos,10,Osorno,10301,4,2020-08-20
Los Lagos,10,Osorno,10301,7,2020-08-21
Los Lagos,10,Osorno,10301,15,2020-08-24
Los Lagos,10,Osorno,10301,2,2020-08-25
Los Lagos,10,Osorno,10301,9,2020-08-26
Los Lagos,10,Osorno,10301,2,2020-08-28
Los Lagos,10,Osorno,10301,13,2020-08-31
Los Lagos,10,Osorno,10301,3,2020-09-01
Los Lagos,10,Osorno,10301,4,2020-09-02
Los Lagos,10,Osorno,10301,5,2020-09-03
Los Lagos,10,Osorno,10301,5,2020-09-04
Los Lagos,10,Osorno,10301,6,2020-09-07
Los Lagos,10,Osorno,10301,6,2020-09-08
Los Lagos,10,Osorno,10301,7,2020-09-09
Los Lagos,10,Osorno,10301,6,2020-09-10
Los Lagos,10,Osorno,10301,6,2020-09-11
Los Lagos,10,Osorno,10301,7,2020-09-14
Los Lagos,10,Osorno,10301,4,2020-09-15
Los Lagos,10,Osorno,10301,7,2020-09-16
Los Lagos,10,Osorno,10301,4,2020-09-17
Los Lagos,10,Osorno,10301,1,2020-09-19
Los Lagos,10,Osorno,10301,21,2020-09-21
Los Lagos,10,Osorno,10301,8,2020-09-22
Los Lagos,10,Osorno,10301,7,2020-09-23
Los Lagos,10,Osorno,10301,4,2020-09-24
Los Lagos,10,Osorno,10301,5,2020-09-25
Los Lagos,10,Osorno,10301,9,2020-09-28
Los Lagos,10,Osorno,10301,4,2020-09-29
Los Lagos,10,Osorno,10301,4,2020-09-30
Los Lagos,10,Osorno,10301,3,2020-10-01
Los Lagos,10,Osorno,10301,4,2020-10-02
Los Lagos,10,Osorno,10301,14,2020-10-05
Los Lagos,10,Osorno,10301,8,2020-10-06
Los Lagos,10,Osorno,10301,10,2020-10-07
Los Lagos,10,Osorno,10301,6,2020-10-09
Los Lagos,10,Osorno,10301,23,2020-10-13
Los Lagos,10,Osorno,10301,6,2020-10-14
Los Lagos,10,Osorno,10301,5,2020-10-15
Los Lagos,10,Osorno,10301,9,2020-10-16
Los Lagos,10,Osorno,10301,8,2020-10-19
Los Lagos,10,Osorno,10301,6,2020-10-20
Los Lagos,10,Osorno,10301,7,2020-10-21
Los Lagos,10,Osorno,10301,4,2020-10-22
Los Lagos,10,Osorno,10301,6,2020-10-23
Los Lagos,10,Osorno,10301,12,2020-10-26
Los Lagos,10,Osorno,10301,7,2020-10-27
Los Lagos,10,Osorno,10301,4,2020-10-28
Los Lagos,10,Osorno,10301,10,2020-10-29
Los Lagos,10,Osorno,10301,3,2020-10-30
Los Lagos,10,Osorno,10301,9,2020-11-02
Los Lagos,10,Osorno,10301,5,2020-11-03
Los Lagos,10,Osorno,10301,8,2020-11-04
Los Lagos,10,Osorno,10301,5,2020-11-05
Los Lagos,10,Osorno,10301,9,2020-11-06
Los Lagos,10,Osorno,10301,10,2020-11-09
Los Lagos,10,Osorno,10301,5,2020-11-10
Los Lagos,10,Osorno,10301,5,2020-11-11
Los Lagos,10,Osorno,10301,7,2020-11-12
Los Lagos,10,Osorno,10301,8,2020-11-13
Los Lagos,10,Osorno,10301,16,2020-11-16
Los Lagos,10,Osorno,10301,5,2020-11-17
Los Lagos,10,Osorno,10301,11,2020-11-18
Los Lagos,10,Osorno,10301,5,2020-11-19
Los Lagos,10,Osorno,10301,9,2020-11-20
Los Lagos,10,Osorno,10301,19,2020-11-23
Los Lagos,10,Osorno,10301,5,2020-11-24
Los Lagos,10,Osorno,10301,9,2020-11-25
Los Lagos,10,Osorno,10301,3,2020-11-26
Los Lagos,10,Osorno,10301,4,2020-11-27
Los Lagos,10,Osorno,10301,15,2020-11-30
Los Lagos,10,Osorno,10301,3,2020-12-01
Los Lagos,10,Osorno,10301,2,2020-12-02
Los Lagos,10,Osorno,10301,3,2020-12-03
Los Lagos,10,Osorno,10301,7,2020-12-04
Los Lagos,10,Osorno,10301,1,2020-12-05
Los Lagos,10,Osorno,10301,16,2020-12-07
Los Lagos,10,Osorno,10301,5,2020-12-09
Los Lagos,10,Osorno,10301,5,2020-12-10
Los Lagos,10,Osorno,10301,5,2020-12-11
Los Lagos,10,Osorno,10301,13,2020-12-14
Los Lagos,10,Osorno,10301,5,2020-12-15
Los Lagos,10,Osorno,10301,7,2020-12-16
Los Lagos,10,Osorno,10301,12,2020-12-17
Los Lagos,10,Osorno,10301,6,2020-12-18
Los Lagos,10,Osorno,10301,15,2020-12-21
Los Lagos,10,Osorno,10301,2,2020-12-22
Los Lagos,10,Osorno,10301,5,2020-12-23
Los Lagos,10,Osorno,10301,3,2020-12-24
Los Lagos,10,Osorno,10301,1,2020-12-25
Los Lagos,10,Osorno,10301,11,2020-12-28
Los Lagos,10,Osorno,10301,9,2020-12-29
Los Lagos,10,Osorno,10301,9,2020-12-30
Los Lagos,10,Osorno,10301,10,2020-12-31
Los Lagos,10,Osorno,10301,14,2021-01-04
Los Lagos,10,Osorno,10301,8,2021-01-05
Los Lagos,10,Osorno,10301,10,2021-01-06
Los Lagos,10,Osorno,10301,7,2021-01-07
Los Lagos,10,Osorno,10301,7,2021-01-08
Los Lagos,10,Osorno,10301,6,2021-01-11
Los Lagos,10,Osorno,10301,13,2021-01-12
Los Lagos,10,Osorno,10301,3,2021-01-13
Los Lagos,10,Osorno,10301,11,2021-01-14
Los Lagos,10,Puerto Octay,10302,1,2020-01-03
Los Lagos,10,Puerto Octay,10302,1,2020-01-21
Los Lagos,10,Puerto Octay,10302,1,2020-02-17
Los Lagos,10,Puerto Octay,10302,1,2020-03-02
Los Lagos,10,Puerto Octay,10302,2,2020-03-06
Los Lagos,10,Puerto Octay,10302,1,2020-03-18
Los Lagos,10,Puerto Octay,10302,1,2020-04-06
Los Lagos,10,Puerto Octay,10302,1,2020-04-21
Los Lagos,10,Puerto Octay,10302,1,2020-05-28
Los Lagos,10,Puerto Octay,10302,1,2020-06-01
Los Lagos,10,Puerto Octay,10302,1,2020-06-18
Los Lagos,10,Puerto Octay,10302,1,2020-06-23
Los Lagos,10,Puerto Octay,10302,1,2020-07-08
Los Lagos,10,Puerto Octay,10302,1,2020-07-13
Los Lagos,10,Puerto Octay,10302,1,2020-07-14
Los Lagos,10,Puerto Octay,10302,1,2020-07-27
Los Lagos,10,Puerto Octay,10302,3,2020-07-28
Los Lagos,10,Puerto Octay,10302,1,2020-08-11
Los Lagos,10,Puerto Octay,10302,1,2020-08-18
Los Lagos,10,Puerto Octay,10302,2,2020-08-27
Los Lagos,10,Puerto Octay,10302,1,2020-09-01
Los Lagos,10,Puerto Octay,10302,1,2020-09-02
Los Lagos,10,Puerto Octay,10302,2,2020-09-08
Los Lagos,10,Puerto Octay,10302,1,2020-09-09
Los Lagos,10,Puerto Octay,10302,2,2020-09-21
Los Lagos,10,Puerto Octay,10302,1,2020-10-22
Los Lagos,10,Puerto Octay,10302,1,2020-10-27
Los Lagos,10,Puerto Octay,10302,1,2020-10-30
Los Lagos,10,Puerto Octay,10302,1,2020-11-13
Los Lagos,10,Puerto Octay,10302,2,2020-11-23
Los Lagos,10,Puerto Octay,10302,1,2020-12-02
Los Lagos,10,Puerto Octay,10302,1,2020-12-09
Los Lagos,10,Puerto Octay,10302,1,2020-12-15
Los Lagos,10,Puerto Octay,10302,1,2020-12-22
Los Lagos,10,Puerto Octay,10302,2,2020-12-31
Los Lagos,10,Puerto Octay,10302,1,2021-01-05
Los Lagos,10,Purranque,10303,1,2020-01-06
Los Lagos,10,Purranque,10303,1,2020-01-13
Los Lagos,10,Purranque,10303,1,2020-01-15
Los Lagos,10,Purranque,10303,2,2020-01-20
Los Lagos,10,Purranque,10303,1,2020-01-21
Los Lagos,10,Purranque,10303,1,2020-01-22
Los Lagos,10,Purranque,10303,1,2020-01-23
Los Lagos,10,Purranque,10303,1,2020-01-27
Los Lagos,10,Purranque,10303,1,2020-01-28
Los Lagos,10,Purranque,10303,2,2020-02-10
Los Lagos,10,Purranque,10303,1,2020-02-17
Los Lagos,10,Purranque,10303,2,2020-02-27
Los Lagos,10,Purranque,10303,1,2020-03-02
Los Lagos,10,Purranque,10303,1,2020-03-03
Los Lagos,10,Purranque,10303,1,2020-03-09
Los Lagos,10,Purranque,10303,1,2020-03-12
Los Lagos,10,Purranque,10303,1,2020-03-19
Los Lagos,10,Purranque,10303,1,2020-03-20
Los Lagos,10,Purranque,10303,1,2020-03-23
Los Lagos,10,Purranque,10303,1,2020-03-24
Los Lagos,10,Purranque,10303,1,2020-03-26
Los Lagos,10,Purranque,10303,1,2020-03-30
Los Lagos,10,Purranque,10303,1,2020-04-09
Los Lagos,10,Purranque,10303,1,2020-04-13
Los Lagos,10,Purranque,10303,1,2020-04-15
Los Lagos,10,Purranque,10303,1,2020-04-22
Los Lagos,10,Purranque,10303,1,2020-04-24
Los Lagos,10,Purranque,10303,1,2020-04-27
Los Lagos,10,Purranque,10303,1,2020-04-29
Los Lagos,10,Purranque,10303,1,2020-04-30
Los Lagos,10,Purranque,10303,3,2020-05-04
Los Lagos,10,Purranque,10303,3,2020-05-06
Los Lagos,10,Purranque,10303,1,2020-05-11
Los Lagos,10,Purranque,10303,1,2020-05-15
Los Lagos,10,Purranque,10303,1,2020-05-22
Los Lagos,10,Purranque,10303,1,2020-05-25
Los Lagos,10,Purranque,10303,1,2020-05-27
Los Lagos,10,Purranque,10303,2,2020-06-01
Los Lagos,10,Purranque,10303,2,2020-06-04
Los Lagos,10,Purranque,10303,1,2020-06-10
Los Lagos,10,Purranque,10303,2,2020-06-12
Los Lagos,10,Purranque,10303,1,2020-06-17
Los Lagos,10,Purranque,10303,1,2020-06-22
Los Lagos,10,Purranque,10303,2,2020-07-03
Los Lagos,10,Purranque,10303,1,2020-07-06
Los Lagos,10,Purranque,10303,2,2020-07-15
Los Lagos,10,Purranque,10303,1,2020-07-17
Los Lagos,10,Purranque,10303,2,2020-07-20
Los Lagos,10,Purranque,10303,1,2020-07-21
Los Lagos,10,Purranque,10303,1,2020-07-22
Los Lagos,10,Purranque,10303,1,2020-07-27
Los Lagos,10,Purranque,10303,1,2020-07-29
Los Lagos,10,Purranque,10303,1,2020-08-03
Los Lagos,10,Purranque,10303,1,2020-08-04
Los Lagos,10,Purranque,10303,1,2020-08-10
Los Lagos,10,Purranque,10303,1,2020-08-12
Los Lagos,10,Purranque,10303,1,2020-08-14
Los Lagos,10,Purranque,10303,1,2020-08-17
Los Lagos,10,Purranque,10303,1,2020-08-18
Los Lagos,10,Purranque,10303,2,2020-08-24
Los Lagos,10,Purranque,10303,1,2020-08-27
Los Lagos,10,Purranque,10303,1,2020-09-08
Los Lagos,10,Purranque,10303,1,2020-09-09
Los Lagos,10,Purranque,10303,2,2020-09-14
Los Lagos,10,Purranque,10303,2,2020-09-15
Los Lagos,10,Purranque,10303,1,2020-09-22
Los Lagos,10,Purranque,10303,1,2020-09-23
Los Lagos,10,Purranque,10303,1,2020-09-28
Los Lagos,10,Purranque,10303,1,2020-09-29
Los Lagos,10,Purranque,10303,2,2020-10-01
Los Lagos,10,Purranque,10303,1,2020-10-02
Los Lagos,10,Purranque,10303,2,2020-10-05
Los Lagos,10,Purranque,10303,1,2020-10-07
Los Lagos,10,Purranque,10303,1,2020-10-13
Los Lagos,10,Purranque,10303,2,2020-10-15
Los Lagos,10,Purranque,10303,2,2020-10-19
Los Lagos,10,Purranque,10303,1,2020-10-20
Los Lagos,10,Purranque,10303,1,2020-10-22
Los Lagos,10,Purranque,10303,1,2020-10-23
Los Lagos,10,Purranque,10303,1,2020-10-26
Los Lagos,10,Purranque,10303,3,2020-10-30
Los Lagos,10,Purranque,10303,1,2020-11-02
Los Lagos,10,Purranque,10303,1,2020-11-04
Los Lagos,10,Purranque,10303,1,2020-11-12
Los Lagos,10,Purranque,10303,2,2020-11-13
Los Lagos,10,Purranque,10303,3,2020-11-23
Los Lagos,10,Purranque,10303,1,2020-11-25
Los Lagos,10,Purranque,10303,1,2020-12-07
Los Lagos,10,Purranque,10303,1,2020-12-14
Los Lagos,10,Purranque,10303,1,2020-12-16
Los Lagos,10,Purranque,10303,1,2020-12-21
Los Lagos,10,Purranque,10303,1,2020-12-23
Los Lagos,10,Purranque,10303,2,2020-12-28
Los Lagos,10,Purranque,10303,1,2020-12-29
Los Lagos,10,Purranque,10303,1,2020-12-30
Los Lagos,10,Purranque,10303,1,2020-12-31
Los Lagos,10,Purranque,10303,1,2021-01-04
Los Lagos,10,Purranque,10303,1,2021-01-11
Los Lagos,10,Puyehue,10304,1,2020-01-10
Los Lagos,10,Puyehue,10304,2,2020-01-16
Los Lagos,10,Puyehue,10304,1,2020-02-06
Los Lagos,10,Puyehue,10304,2,2020-02-07
Los Lagos,10,Puyehue,10304,1,2020-02-27
Los Lagos,10,Puyehue,10304,2,2020-03-03
Los Lagos,10,Puyehue,10304,1,2020-03-09
Los Lagos,10,Puyehue,10304,2,2020-03-20
Los Lagos,10,Puyehue,10304,1,2020-04-03
Los Lagos,10,Puyehue,10304,1,2020-04-06
Los Lagos,10,Puyehue,10304,1,2020-04-08
Los Lagos,10,Puyehue,10304,2,2020-04-13
Los Lagos,10,Puyehue,10304,2,2020-04-15
Los Lagos,10,Puyehue,10304,1,2020-04-17
Los Lagos,10,Puyehue,10304,3,2020-04-29
Los Lagos,10,Puyehue,10304,1,2020-05-04
Los Lagos,10,Puyehue,10304,1,2020-05-12
Los Lagos,10,Puyehue,10304,1,2020-05-25
Los Lagos,10,Puyehue,10304,1,2020-05-29
Los Lagos,10,Puyehue,10304,1,2020-06-03
Los Lagos,10,Puyehue,10304,1,2020-06-08
Los Lagos,10,Puyehue,10304,2,2020-06-10
Los Lagos,10,Puyehue,10304,1,2020-06-12
Los Lagos,10,Puyehue,10304,1,2020-06-24
Los Lagos,10,Puyehue,10304,1,2020-07-03
Los Lagos,10,Puyehue,10304,1,2020-07-10
Los Lagos,10,Puyehue,10304,1,2020-07-15
Los Lagos,10,Puyehue,10304,1,2020-07-22
Los Lagos,10,Puyehue,10304,1,2020-07-31
Los Lagos,10,Puyehue,10304,1,2020-08-03
Los Lagos,10,Puyehue,10304,1,2020-08-04
Los Lagos,10,Puyehue,10304,1,2020-08-13
Los Lagos,10,Puyehue,10304,1,2020-08-25
Los Lagos,10,Puyehue,10304,1,2020-08-26
Los Lagos,10,Puyehue,10304,1,2020-09-01
Los Lagos,10,Puyehue,10304,1,2020-09-17
Los Lagos,10,Puyehue,10304,3,2020-09-23
Los Lagos,10,Puyehue,10304,1,2020-09-28
Los Lagos,10,Puyehue,10304,1,2020-09-30
Los Lagos,10,Puyehue,10304,1,2020-10-07
Los Lagos,10,Puyehue,10304,1,2020-10-16
Los Lagos,10,Puyehue,10304,2,2020-10-19
Los Lagos,10,Puyehue,10304,1,2020-11-02
Los Lagos,10,Puyehue,10304,1,2020-11-20
Los Lagos,10,Puyehue,10304,2,2020-11-23
Los Lagos,10,Puyehue,10304,1,2020-12-02
Los Lagos,10,Puyehue,10304,1,2020-12-15
Los Lagos,10,Puyehue,10304,1,2020-12-28
Los Lagos,10,Río Negro,10305,1,2020-01-02
Los Lagos,10,Río Negro,10305,2,2020-01-06
Los Lagos,10,Río Negro,10305,1,2020-01-10
Los Lagos,10,Río Negro,10305,1,2020-01-13
Los Lagos,10,Río Negro,10305,2,2020-01-15
Los Lagos,10,Río Negro,10305,2,2020-01-20
Los Lagos,10,Río Negro,10305,1,2020-02-05
Los Lagos,10,Río Negro,10305,3,2020-02-06
Los Lagos,10,Río Negro,10305,1,2020-03-10
Los Lagos,10,Río Negro,10305,1,2020-03-11
Los Lagos,10,Río Negro,10305,1,2020-03-13
Los Lagos,10,Río Negro,10305,1,2020-03-30
Los Lagos,10,Río Negro,10305,1,2020-04-08
Los Lagos,10,Río Negro,10305,1,2020-04-20
Los Lagos,10,Río Negro,10305,1,2020-04-21
Los Lagos,10,Río Negro,10305,1,2020-04-27
Los Lagos,10,Río Negro,10305,1,2020-05-04
Los Lagos,10,Río Negro,10305,2,2020-05-08
Los Lagos,10,Río Negro,10305,1,2020-05-13
Los Lagos,10,Río Negro,10305,3,2020-05-15
Los Lagos,10,Río Negro,10305,1,2020-05-18
Los Lagos,10,Río Negro,10305,1,2020-05-22
Los Lagos,10,Río Negro,10305,1,2020-05-29
Los Lagos,10,Río Negro,10305,1,2020-06-01
Los Lagos,10,Río Negro,10305,1,2020-06-03
Los Lagos,10,Río Negro,10305,2,2020-06-05
Los Lagos,10,Río Negro,10305,2,2020-06-08
Los Lagos,10,Río Negro,10305,1,2020-06-19
Los Lagos,10,Río Negro,10305,1,2020-06-26
Los Lagos,10,Río Negro,10305,1,2020-06-27
Los Lagos,10,Río Negro,10305,1,2020-06-28
Los Lagos,10,Río Negro,10305,1,2020-07-03
Los Lagos,10,Río Negro,10305,1,2020-07-06
Los Lagos,10,Río Negro,10305,2,2020-07-08
Los Lagos,10,Río Negro,10305,1,2020-07-13
Los Lagos,10,Río Negro,10305,2,2020-07-15
Los Lagos,10,Río Negro,10305,1,2020-07-17
Los Lagos,10,Río Negro,10305,1,2020-07-22
Los Lagos,10,Río Negro,10305,2,2020-07-24
Los Lagos,10,Río Negro,10305,2,2020-07-27
Los Lagos,10,Río Negro,10305,1,2020-07-29
Los Lagos,10,Río Negro,10305,1,2020-07-31
Los Lagos,10,Río Negro,10305,1,2020-08-03
Los Lagos,10,Río Negro,10305,2,2020-08-10
Los Lagos,10,Río Negro,10305,1,2020-08-17
Los Lagos,10,Río Negro,10305,1,2020-08-19
Los Lagos,10,Río Negro,10305,1,2020-08-21
Los Lagos,10,Río Negro,10305,1,2020-08-24
Los Lagos,10,Río Negro,10305,2,2020-08-31
Los Lagos,10,Río Negro,10305,1,2020-09-09
Los Lagos,10,Río Negro,10305,1,2020-09-11
Los Lagos,10,Río Negro,10305,3,2020-09-14
Los Lagos,10,Río Negro,10305,1,2020-09-22
Los Lagos,10,Río Negro,10305,1,2020-09-25
Los Lagos,10,Río Negro,10305,1,2020-10-02
Los Lagos,10,Río Negro,10305,1,2020-10-09
Los Lagos,10,Río Negro,10305,1,2020-10-13
Los Lagos,10,Río Negro,10305,2,2020-10-19
Los Lagos,10,Río Negro,10305,1,2020-10-28
Los Lagos,10,Río Negro,10305,1,2020-10-30
Los Lagos,10,Río Negro,10305,1,2020-11-02
Los Lagos,10,Río Negro,10305,1,2020-11-18
Los Lagos,10,Río Negro,10305,1,2020-12-14
Los Lagos,10,Río Negro,10305,1,2020-12-17
Los Lagos,10,Río Negro,10305,1,2020-12-22
Los Lagos,10,Río Negro,10305,1,2020-12-24
Los Lagos,10,Río Negro,10305,1,2020-12-29
Los Lagos,10,Río Negro,10305,2,2021-01-04
Los Lagos,10,Río Negro,10305,1,2021-01-05
Los Lagos,10,Río Negro,10305,1,2021-01-06
Los Lagos,10,Río Negro,10305,1,2021-01-08
Los Lagos,10,Río Negro,10305,1,2021-01-11
Los Lagos,10,San Juan de la Costa,10306,1,2020-01-28
Los Lagos,10,San Juan de la Costa,10306,1,2020-02-06
Los Lagos,10,San Juan de la Costa,10306,1,2020-02-10
Los Lagos,10,San Juan de la Costa,10306,1,2020-02-12
Los Lagos,10,San Juan de la Costa,10306,2,2020-03-04
Los Lagos,10,San Juan de la Costa,10306,1,2020-03-06
Los Lagos,10,San Juan de la Costa,10306,1,2020-03-09
Los Lagos,10,San Juan de la Costa,10306,1,2020-03-23
Los Lagos,10,San Juan de la Costa,10306,1,2020-04-07
Los Lagos,10,San Juan de la Costa,10306,1,2020-04-22
Los Lagos,10,San Juan de la Costa,10306,2,2020-05-08
Los Lagos,10,San Juan de la Costa,10306,1,2020-05-15
Los Lagos,10,San Juan de la Costa,10306,1,2020-05-27
Los Lagos,10,San Juan de la Costa,10306,1,2020-06-03
Los Lagos,10,San Juan de la Costa,10306,1,2020-06-12
Los Lagos,10,San Juan de la Costa,10306,3,2020-06-15
Los Lagos,10,San Juan de la Costa,10306,1,2020-06-16
Los Lagos,10,San Juan de la Costa,10306,1,2020-06-18
Los Lagos,10,San Juan de la Costa,10306,1,2020-06-22
Los Lagos,10,San Juan de la Costa,10306,1,2020-06-23
Los Lagos,10,San Juan de la Costa,10306,1,2020-06-30
Los Lagos,10,San Juan de la Costa,10306,1,2020-07-06
Los Lagos,10,San Juan de la Costa,10306,1,2020-07-20
Los Lagos,10,San Juan de la Costa,10306,1,2020-07-28
Los Lagos,10,San Juan de la Costa,10306,1,2020-07-31
Los Lagos,10,San Juan de la Costa,10306,1,2020-08-10
Los Lagos,10,San Juan de la Costa,10306,1,2020-08-17
Los Lagos,10,San Juan de la Costa,10306,2,2020-08-25
Los Lagos,10,San Juan de la Costa,10306,1,2020-09-14
Los Lagos,10,San Juan de la Costa,10306,1,2020-09-21
Los Lagos,10,San Juan de la Costa,10306,1,2020-09-25
Los Lagos,10,San Juan de la Costa,10306,1,2020-10-02
Los Lagos,10,San Juan de la Costa,10306,1,2020-10-06
Los Lagos,10,San Juan de la Costa,10306,2,2020-10-13
Los Lagos,10,San Juan de la Costa,10306,1,2020-10-27
Los Lagos,10,San Juan de la Costa,10306,1,2020-11-09
Los Lagos,10,San Juan de la Costa,10306,1,2020-11-20
Los Lagos,10,San Juan de la Costa,10306,1,2020-12-04
Los Lagos,10,San Pablo,10307,1,2020-01-27
Los Lagos,10,San Pablo,10307,1,2020-02-06
Los Lagos,10,San Pablo,10307,2,2020-03-02
Los Lagos,10,San Pablo,10307,2,2020-03-09
Los Lagos,10,San Pablo,10307,1,2020-03-12
Los Lagos,10,San Pablo,10307,2,2020-03-16
Los Lagos,10,San Pablo,10307,1,2020-03-26
Los Lagos,10,San Pablo,10307,1,2020-03-30
Los Lagos,10,San Pablo,10307,1,2020-04-08
Los Lagos,10,San Pablo,10307,1,2020-04-14
Los Lagos,10,San Pablo,10307,1,2020-04-15
Los Lagos,10,San Pablo,10307,1,2020-04-23
Los Lagos,10,San Pablo,10307,1,2020-04-27
Los Lagos,10,San Pablo,10307,1,2020-05-05
Los Lagos,10,San Pablo,10307,1,2020-05-15
Los Lagos,10,San Pablo,10307,2,2020-05-27
Los Lagos,10,San Pablo,10307,1,2020-06-01
Los Lagos,10,San Pablo,10307,2,2020-06-03
Los Lagos,10,San Pablo,10307,1,2020-06-08
Los Lagos,10,San Pablo,10307,1,2020-06-18
Los Lagos,10,San Pablo,10307,1,2020-06-24
Los Lagos,10,San Pablo,10307,3,2020-06-30
Los Lagos,10,San Pablo,10307,1,2020-07-13
Los Lagos,10,San Pablo,10307,1,2020-07-17
Los Lagos,10,San Pablo,10307,3,2020-07-20
Los Lagos,10,San Pablo,10307,1,2020-07-23
Los Lagos,10,San Pablo,10307,2,2020-07-27
Los Lagos,10,San Pablo,10307,3,2020-07-30
Los Lagos,10,San Pablo,10307,2,2020-08-06
Los Lagos,10,San Pablo,10307,1,2020-08-07
Los Lagos,10,San Pablo,10307,1,2020-08-10
Los Lagos,10,San Pablo,10307,2,2020-08-14
Los Lagos,10,San Pablo,10307,4,2020-08-17
Los Lagos,10,San Pablo,10307,2,2020-08-31
Los Lagos,10,San Pablo,10307,1,2020-09-03
Los Lagos,10,San Pablo,10307,2,2020-09-07
Los Lagos,10,San Pablo,10307,1,2020-10-02
Los Lagos,10,San Pablo,10307,2,2020-10-09
Los Lagos,10,San Pablo,10307,1,2020-10-22
Los Lagos,10,San Pablo,10307,1,2020-11-13
Los Lagos,10,San Pablo,10307,1,2020-11-19
Los Lagos,10,San Pablo,10307,2,2020-11-26
Los Lagos,10,San Pablo,10307,1,2020-12-18
Los Lagos,10,San Pablo,10307,1,2020-12-24
Los Lagos,10,San Pablo,10307,1,2020-12-31
Los Lagos,10,San Pablo,10307,1,2021-01-14
Los Lagos,10,Chaitén,10401,1,2020-02-24
Los Lagos,10,Chaitén,10401,1,2020-04-13
Los Lagos,10,Chaitén,10401,1,2020-05-05
Los Lagos,10,Chaitén,10401,1,2020-06-19
Los Lagos,10,Chaitén,10401,1,2020-08-03
Los Lagos,10,Chaitén,10401,1,2020-09-03
Los Lagos,10,Chaitén,10401,1,2020-09-23
Los Lagos,10,Chaitén,10401,1,2020-11-25
Los Lagos,10,Futaleufú,10402,1,2020-01-02
Los Lagos,10,Futaleufú,10402,1,2020-02-17
Los Lagos,10,Futaleufú,10402,1,2020-02-18
Los Lagos,10,Futaleufú,10402,1,2020-02-26
Los Lagos,10,Futaleufú,10402,1,2020-03-10
Los Lagos,10,Futaleufú,10402,1,2020-04-15
Los Lagos,10,Futaleufú,10402,1,2020-06-15
Los Lagos,10,Futaleufú,10402,1,2020-06-30
Los Lagos,10,Futaleufú,10402,1,2020-07-01
Los Lagos,10,Futaleufú,10402,1,2020-07-17
Los Lagos,10,Futaleufú,10402,1,2020-07-24
Los Lagos,10,Futaleufú,10402,1,2020-08-19
Los Lagos,10,Futaleufú,10402,1,2020-09-21
Los Lagos,10,Futaleufú,10402,1,2020-11-16
Los Lagos,10,Futaleufú,10402,1,2020-11-18
Los Lagos,10,Futaleufú,10402,1,2020-12-01
Los Lagos,10,Futaleufú,10402,1,2020-12-23
Los Lagos,10,Futaleufú,10402,1,2020-12-28
Los Lagos,10,Hualaihué,10403,1,2020-01-06
Los Lagos,10,Hualaihué,10403,1,2020-01-20
Los Lagos,10,Hualaihué,10403,1,2020-01-27
Los Lagos,10,Hualaihué,10403,1,2020-02-06
Los Lagos,10,Hualaihué,10403,1,2020-02-20
Los Lagos,10,Hualaihué,10403,1,2020-03-11
Los Lagos,10,Hualaihué,10403,2,2020-03-12
Los Lagos,10,Hualaihué,10403,1,2020-03-17
Los Lagos,10,Hualaihué,10403,1,2020-03-24
Los Lagos,10,Hualaihué,10403,1,2020-03-27
Los Lagos,10,Hualaihué,10403,1,2020-04-07
Los Lagos,10,Hualaihué,10403,1,2020-04-15
Los Lagos,10,Hualaihué,10403,1,2020-04-22
Los Lagos,10,Hualaihué,10403,1,2020-05-11
Los Lagos,10,Hualaihué,10403,1,2020-06-03
Los Lagos,10,Hualaihué,10403,1,2020-06-08
Los Lagos,10,Hualaihué,10403,1,2020-06-10
Los Lagos,10,Hualaihué,10403,1,2020-06-12
Los Lagos,10,Hualaihué,10403,1,2020-06-15
Los Lagos,10,Hualaihué,10403,1,2020-06-30
Los Lagos,10,Hualaihué,10403,1,2020-07-15
Los Lagos,10,Hualaihué,10403,1,2020-07-24
Los Lagos,10,Hualaihué,10403,1,2020-07-27
Los Lagos,10,Hualaihué,10403,1,2020-08-10
Los Lagos,10,Hualaihué,10403,1,2020-08-17
Los Lagos,10,Hualaihué,10403,1,2020-08-26
Los Lagos,10,Hualaihué,10403,1,2020-09-02
Los Lagos,10,Hualaihué,10403,1,2020-09-14
Los Lagos,10,Hualaihué,10403,1,2020-09-15
Los Lagos,10,Hualaihué,10403,1,2020-09-24
Los Lagos,10,Hualaihué,10403,1,2020-09-28
Los Lagos,10,Hualaihué,10403,1,2020-10-02
Los Lagos,10,Hualaihué,10403,1,2020-10-09
Los Lagos,10,Hualaihué,10403,1,2020-10-13
Los Lagos,10,Hualaihué,10403,1,2020-10-15
Los Lagos,10,Hualaihué,10403,1,2020-11-13
Los Lagos,10,Hualaihué,10403,1,2020-11-24
Los Lagos,10,Hualaihué,10403,1,2020-11-30
Los Lagos,10,Hualaihué,10403,1,2020-12-11
Los Lagos,10,Hualaihué,10403,1,2020-12-28
Los Lagos,10,Palena,10404,1,2020-01-03
Los Lagos,10,Palena,10404,1,2020-01-23
Los Lagos,10,Palena,10404,1,2020-02-13
Los Lagos,10,Palena,10404,1,2020-03-16
Los Lagos,10,Palena,10404,1,2020-04-17
Los Lagos,10,Palena,10404,1,2020-04-23
Los Lagos,10,Palena,10404,1,2020-05-11
Los Lagos,10,Palena,10404,1,2020-05-13
Los Lagos,10,Palena,10404,1,2020-06-19
Los Lagos,10,Palena,10404,1,2020-06-23
Los Lagos,10,Palena,10404,1,2020-07-10
Los Lagos,10,Palena,10404,1,2020-07-17
Los Lagos,10,Palena,10404,1,2020-08-14
Los Lagos,10,Palena,10404,1,2020-08-31
Los Lagos,10,Palena,10404,1,2020-10-19
Los Lagos,10,Palena,10404,1,2020-10-20
Los Lagos,10,Palena,10404,1,2020-12-10
Los Lagos,10,Palena,10404,0,2020-12-11
Aysén del General Carlos Ibáñez del Campo,11,Coihaique,11101,2,2020-01-02
Aysén del General Carlos Ibáñez del Campo,11,Coihaique,11101,2,2020-01-03
Aysén del General Carlos Ibáñez del Campo,11,Coihaique,11101,2,2020-01-06
Aysén del General Carlos Ibáñez del Campo,11,Coihaique,11101,1,2020-01-07
Aysén del General Carlos Ibáñez del Campo,11,Coihaique,11101,2,2020-01-08
Aysén del General Carlos Ibáñez del Campo,11,Coihaique,11101,1,2020-01-09
Aysén del General Carlos Ibáñez del Campo,11,Coihaique,11101,2,2020-01-10
Aysén del General Carlos Ibáñez del Campo,11,Coihaique,11101,1,2020-01-13
Aysén del General Carlos Ibáñez del Campo,11,Coihaique,11101,2,2020-01-14
Aysén del General Carlos Ibáñez del Campo,11,Coihaique,11101,1,2020-01-16
Aysén del General Carlos Ibáñez del Campo,11,Coihaique,11101,1,2020-01-17
Aysén del General Carlos Ibáñez del Campo,11,Coihaique,11101,3,2020-01-20
Aysén del General Carlos Ibáñez del Campo,11,Coihaique,11101,1,2020-01-21
Aysén del General Carlos Ibáñez del Campo,11,Coihaique,11101,1,2020-01-23
Aysén del General Carlos Ibáñez del Campo,11,Coihaique,11101,1,2020-01-24
Aysén del General Carlos Ibáñez del Campo,11,Coihaique,11101,3,2020-01-27
Aysén del General Carlos Ibáñez del Campo,11,Coihaique,11101,1,2020-01-28
Aysén del General Carlos Ibáñez del Campo,11,Coihaique,11101,1,2020-01-29
Aysén del General Carlos Ibáñez del Campo,11,Coihaique,11101,2,2020-01-30
Aysén del General Carlos Ibáñez del Campo,11,Coihaique,11101,3,2020-01-31
Aysén del General Carlos Ibáñez del Campo,11,Coihaique,11101,5,2020-02-03
Aysén del General Carlos Ibáñez del Campo,11,Coihaique,11101,2,2020-02-05
Aysén del General Carlos Ibáñez del Campo,11,Coihaique,11101,2,2020-02-06
Aysén del General Carlos Ibáñez del Campo,11,Coihaique,11101,1,2020-02-07
Aysén del General Carlos Ibáñez del Campo,11,Coihaique,11101,2,2020-02-10
Aysén del General Carlos Ibáñez del Campo,11,Coihaique,11101,3,2020-02-11
Aysén del General Carlos Ibáñez del Campo,11,Coihaique,11101,2,2020-02-13
Aysén del General Carlos Ibáñez del Campo,11,Coihaique,11101,2,2020-02-18
Aysén del General Carlos Ibáñez del Campo,11,Coihaique,11101,2,2020-02-19
Aysén del General Carlos Ibáñez del Campo,11,Coihaique,11101,1,2020-02-24
Aysén del General Carlos Ibáñez del Campo,11,Coihaique,11101,2,2020-02-25
Aysén del General Carlos Ibáñez del Campo,11,Coihaique,11101,1,2020-02-26
Aysén del General Carlos Ibáñez del Campo,11,Coihaique,11101,1,2020-02-28
Aysén del General Carlos Ibáñez del Campo,11,Coihaique,11101,2,2020-03-02
Aysén del General Carlos Ibáñez del Campo,11,Coihaique,11101,2,2020-03-03
Aysén del General Carlos Ibáñez del Campo,11,Coihaique,11101,1,2020-03-04
Aysén del General Carlos Ibáñez del Campo,11,Coihaique,11101,1,2020-03-06
Aysén del General Carlos Ibáñez del Campo,11,Coihaique,11101,4,2020-03-09
Aysén del General Carlos Ibáñez del Campo,11,Coihaique,11101,3,2020-03-10
Aysén del General Carlos Ibáñez del Campo,11,Coihaique,11101,1,2020-03-11
Aysén del General Carlos Ibáñez del Campo,11,Coihaique,11101,2,2020-03-12
Aysén del General Carlos Ibáñez del Campo,11,Coihaique,11101,2,2020-03-16
Aysén del General Carlos Ibáñez del Campo,11,Coihaique,11101,2,2020-03-18
Aysén del General Carlos Ibáñez del Campo,11,Coihaique,11101,5,2020-03-19
Aysén del General Carlos Ibáñez del Campo,11,Coihaique,11101,1,2020-03-20
Aysén del General Carlos Ibáñez del Campo,11,Coihaique,11101,3,2020-03-23
Aysén del General Carlos Ibáñez del Campo,11,Coihaique,11101,1,2020-03-26
Aysén del General Carlos Ibáñez del Campo,11,Coihaique,11101,1,2020-03-27
Aysén del General Carlos Ibáñez del Campo,11,Coihaique,11101,2,2020-03-30
Aysén del General Carlos Ibáñez del Campo,11,Coihaique,11101,1,2020-03-31
Aysén del General Carlos Ibáñez del Campo,11,Coihaique,11101,3,2020-04-01
Aysén del General Carlos Ibáñez del Campo,11,Coihaique,11101,2,2020-04-02
Aysén del General Carlos Ibáñez del Campo,11,Coihaique,11101,4,2020-04-06
Aysén del General Carlos Ibáñez del Campo,11,Coihaique,11101,1,2020-04-07
Aysén del General Carlos Ibáñez del Campo,11,Coihaique,11101,2,2020-04-08
Aysén del General Carlos Ibáñez del Campo,11,Coihaique,11101,1,2020-04-09
Aysén del General Carlos Ibáñez del Campo,11,Coihaique,11101,2,2020-04-13
Aysén del General Carlos Ibáñez del Campo,11,Coihaique,11101,1,2020-04-15
Aysén del General Carlos Ibáñez del Campo,11,Coihaique,11101,1,2020-04-16
Aysén del General Carlos Ibáñez del Campo,11,Coihaique,11101,1,2020-04-17
Aysén del General Carlos Ibáñez del Campo,11,Coihaique,11101,3,2020-04-20
Aysén del General Carlos Ibáñez del Campo,11,Coihaique,11101,4,2020-04-27
Aysén del General Carlos Ibáñez del Campo,11,Coihaique,11101,1,2020-05-04
Aysén del General Carlos Ibáñez del Campo,11,Coihaique,11101,1,2020-05-12
Aysén del General Carlos Ibáñez del Campo,11,Coihaique,11101,1,2020-05-13
Aysén del General Carlos Ibáñez del Campo,11,Coihaique,11101,1,2020-05-14
Aysén del General Carlos Ibáñez del Campo,11,Coihaique,11101,6,2020-05-18
Aysén del General Carlos Ibáñez del Campo,11,Coihaique,11101,1,2020-05-20
Aysén del General Carlos Ibáñez del Campo,11,Coihaique,11101,2,2020-05-22
Aysén del General Carlos Ibáñez del Campo,11,Coihaique,11101,4,2020-05-25
Aysén del General Carlos Ibáñez del Campo,11,Coihaique,11101,2,2020-05-26
Aysén del General Carlos Ibáñez del Campo,11,Coihaique,11101,5,2020-05-29
Aysén del General Carlos Ibáñez del Campo,11,Coihaique,11101,3,2020-06-01
Aysén del General Carlos Ibáñez del Campo,11,Coihaique,11101,1,2020-06-04
Aysén del General Carlos Ibáñez del Campo,11,Coihaique,11101,1,2020-06-05
Aysén del General Carlos Ibáñez del Campo,11,Coihaique,11101,3,2020-06-08
Aysén del General Carlos Ibáñez del Campo,11,Coihaique,11101,1,2020-06-09
Aysén del General Carlos Ibáñez del Campo,11,Coihaique,11101,1,2020-06-10
Aysén del General Carlos Ibáñez del Campo,11,Coihaique,11101,1,2020-06-11
Aysén del General Carlos Ibáñez del Campo,11,Coihaique,11101,2,2020-06-12
Aysén del General Carlos Ibáñez del Campo,11,Coihaique,11101,4,2020-06-15
Aysén del General Carlos Ibáñez del Campo,11,Coihaique,11101,1,2020-06-16
Aysén del General Carlos Ibáñez del Campo,11,Coihaique,11101,1,2020-06-18
Aysén del General Carlos Ibáñez del Campo,11,Coihaique,11101,1,2020-06-19
Aysén del General Carlos Ibáñez del Campo,11,Coihaique,11101,3,2020-06-22
Aysén del General Carlos Ibáñez del Campo,11,Coihaique,11101,2,2020-06-23
Aysén del General Carlos Ibáñez del Campo,11,Coihaique,11101,2,2020-06-24
Aysén del General Carlos Ibáñez del Campo,11,Coihaique,11101,3,2020-06-25
Aysén del General Carlos Ibáñez del Campo,11,Coihaique,11101,1,2020-06-26
Aysén del General Carlos Ibáñez del Campo,11,Coihaique,11101,5,2020-06-30
Aysén del General Carlos Ibáñez del Campo,11,Coihaique,11101,3,2020-07-06
Aysén del General Carlos Ibáñez del Campo,11,Coihaique,11101,2,2020-07-07
Aysén del General Carlos Ibáñez del Campo,11,Coihaique,11101,1,2020-07-09
Aysén del General Carlos Ibáñez del Campo,11,Coihaique,11101,1,2020-07-10
Aysén del General Carlos Ibáñez del Campo,11,Coihaique,11101,3,2020-07-14
Aysén del General Carlos Ibáñez del Campo,11,Coihaique,11101,3,2020-07-17
Aysén del General Carlos Ibáñez del Campo,11,Coihaique,11101,2,2020-07-20
Aysén del General Carlos Ibáñez del Campo,11,Coihaique,11101,1,2020-07-23
Aysén del General Carlos Ibáñez del Campo,11,Coihaique,11101,2,2020-07-24
Aysén del General Carlos Ibáñez del Campo,11,Coihaique,11101,2,2020-07-27
Aysén del General Carlos Ibáñez del Campo,11,Coihaique,11101,1,2020-07-28
Aysén del General Carlos Ibáñez del Campo,11,Coihaique,11101,7,2020-07-29
Aysén del General Carlos Ibáñez del Campo,11,Coihaique,11101,1,2020-07-30
Aysén del General Carlos Ibáñez del Campo,11,Coihaique,11101,1,2020-08-04
Aysén del General Carlos Ibáñez del Campo,11,Coihaique,11101,3,2020-08-07
Aysén del General Carlos Ibáñez del Campo,11,Coihaique,11101,1,2020-08-10
Aysén del General Carlos Ibáñez del Campo,11,Coihaique,11101,2,2020-08-11
Aysén del General Carlos Ibáñez del Campo,11,Coihaique,11101,1,2020-08-13
Aysén del General Carlos Ibáñez del Campo,11,Coihaique,11101,2,2020-08-17
Aysén del General Carlos Ibáñez del Campo,11,Coihaique,11101,1,2020-08-19
Aysén del General Carlos Ibáñez del Campo,11,Coihaique,11101,4,2020-08-20
Aysén del General Carlos Ibáñez del Campo,11,Coihaique,11101,2,2020-08-25
Aysén del General Carlos Ibáñez del Campo,11,Coihaique,11101,1,2020-08-28
Aysén del General Carlos Ibáñez del Campo,11,Coihaique,11101,1,2020-08-31
Aysén del General Carlos Ibáñez del Campo,11,Coihaique,11101,3,2020-09-01
Aysén del General Carlos Ibáñez del Campo,11,Coihaique,11101,2,2020-09-02
Aysén del General Carlos Ibáñez del Campo,11,Coihaique,11101,5,2020-09-04
Aysén del General Carlos Ibáñez del Campo,11,Coihaique,11101,5,2020-09-07
Aysén del General Carlos Ibáñez del Campo,11,Coihaique,11101,3,2020-09-08
Aysén del General Carlos Ibáñez del Campo,11,Coihaique,11101,2,2020-09-10
Aysén del General Carlos Ibáñez del Campo,11,Coihaique,11101,1,2020-09-11
Aysén del General Carlos Ibáñez del Campo,11,Coihaique,11101,2,2020-09-15
Aysén del General Carlos Ibáñez del Campo,11,Coihaique,11101,2,2020-09-16
Aysén del General Carlos Ibáñez del Campo,11,Coihaique,11101,2,2020-09-17
Aysén del General Carlos Ibáñez del Campo,11,Coihaique,11101,3,2020-09-21
Aysén del General Carlos Ibáñez del Campo,11,Coihaique,11101,1,2020-09-22
Aysén del General Carlos Ibáñez del Campo,11,Coihaique,11101,1,2020-09-24
Aysén del General Carlos Ibáñez del Campo,11,Coihaique,11101,1,2020-09-25
Aysén del General Carlos Ibáñez del Campo,11,Coihaique,11101,1,2020-09-28
Aysén del General Carlos Ibáñez del Campo,11,Coihaique,11101,2,2020-09-29
Aysén del General Carlos Ibáñez del Campo,11,Coihaique,11101,2,2020-10-05
Aysén del General Carlos Ibáñez del Campo,11,Coihaique,11101,6,2020-10-06
Aysén del General Carlos Ibáñez del Campo,11,Coihaique,11101,1,2020-10-08
Aysén del General Carlos Ibáñez del Campo,11,Coihaique,11101,2,2020-10-09
Aysén del General Carlos Ibáñez del Campo,11,Coihaique,11101,5,2020-10-13
Aysén del General Carlos Ibáñez del Campo,11,Coihaique,11101,3,2020-10-14
Aysén del General Carlos Ibáñez del Campo,11,Coihaique,11101,1,2020-10-16
Aysén del General Carlos Ibáñez del Campo,11,Coihaique,11101,5,2020-10-19
Aysén del General Carlos Ibáñez del Campo,11,Coihaique,11101,2,2020-10-20
Aysén del General Carlos Ibáñez del Campo,11,Coihaique,11101,4,2020-10-21
Aysén del General Carlos Ibáñez del Campo,11,Coihaique,11101,2,2020-10-22
Aysén del General Carlos Ibáñez del Campo,11,Coihaique,11101,1,2020-10-23
Aysén del General Carlos Ibáñez del Campo,11,Coihaique,11101,3,2020-10-26
Aysén del General Carlos Ibáñez del Campo,11,Coihaique,11101,1,2020-10-27
Aysén del General Carlos Ibáñez del Campo,11,Coihaique,11101,3,2020-10-28
Aysén del General Carlos Ibáñez del Campo,11,Coihaique,11101,1,2020-10-30
Aysén del General Carlos Ibáñez del Campo,11,Coihaique,11101,4,2020-11-02
Aysén del General Carlos Ibáñez del Campo,11,Coihaique,11101,1,2020-11-04
Aysén del General Carlos Ibáñez del Campo,11,Coihaique,11101,1,2020-11-06
Aysén del General Carlos Ibáñez del Campo,11,Coihaique,11101,5,2020-11-09
Aysén del General Carlos Ibáñez del Campo,11,Coihaique,11101,2,2020-11-10
Aysén del General Carlos Ibáñez del Campo,11,Coihaique,11101,2,2020-11-11
Aysén del General Carlos Ibáñez del Campo,11,Coihaique,11101,3,2020-11-12
Aysén del General Carlos Ibáñez del Campo,11,Coihaique,11101,2,2020-11-13
Aysén del General Carlos Ibáñez del Campo,11,Coihaique,11101,2,2020-11-16
Aysén del General Carlos Ibáñez del Campo,11,Coihaique,11101,1,2020-11-17
Aysén del General Carlos Ibáñez del Campo,11,Coihaique,11101,4,2020-11-18
Aysén del General Carlos Ibáñez del Campo,11,Coihaique,11101,4,2020-11-19
Aysén del General Carlos Ibáñez del Campo,11,Coihaique,11101,1,2020-11-20
Aysén del General Carlos Ibáñez del Campo,11,Coihaique,11101,2,2020-11-23
Aysén del General Carlos Ibáñez del Campo,11,Coihaique,11101,2,2020-11-24
Aysén del General Carlos Ibáñez del Campo,11,Coihaique,11101,1,2020-11-26
Aysén del General Carlos Ibáñez del Campo,11,Coihaique,11101,1,2020-11-27
Aysén del General Carlos Ibáñez del Campo,11,Coihaique,11101,1,2020-11-30
Aysén del General Carlos Ibáñez del Campo,11,Coihaique,11101,1,2020-12-01
Aysén del General Carlos Ibáñez del Campo,11,Coihaique,11101,2,2020-12-02
Aysén del General Carlos Ibáñez del Campo,11,Coihaique,11101,1,2020-12-03
Aysén del General Carlos Ibáñez del Campo,11,Coihaique,11101,3,2020-12-07
Aysén del General Carlos Ibáñez del Campo,11,Coihaique,11101,2,2020-12-09
Aysén del General Carlos Ibáñez del Campo,11,Coihaique,11101,1,2020-12-10
Aysén del General Carlos Ibáñez del Campo,11,Coihaique,11101,3,2020-12-11
Aysén del General Carlos Ibáñez del Campo,11,Coihaique,11101,3,2020-12-14
Aysén del General Carlos Ibáñez del Campo,11,Coihaique,11101,1,2020-12-15
Aysén del General Carlos Ibáñez del Campo,11,Coihaique,11101,1,2020-12-16
Aysén del General Carlos Ibáñez del Campo,11,Coihaique,11101,1,2020-12-17
Aysén del General Carlos Ibáñez del Campo,11,Coihaique,11101,1,2020-12-21
Aysén del General Carlos Ibáñez del Campo,11,Coihaique,11101,3,2020-12-22
Aysén del General Carlos Ibáñez del Campo,11,Coihaique,11101,2,2020-12-23
Aysén del General Carlos Ibáñez del Campo,11,Coihaique,11101,3,2020-12-28
Aysén del General Carlos Ibáñez del Campo,11,Coihaique,11101,2,2020-12-29
Aysén del General Carlos Ibáñez del Campo,11,Coihaique,11101,2,2020-12-30
Aysén del General Carlos Ibáñez del Campo,11,Coihaique,11101,1,2020-12-31
Aysén del General Carlos Ibáñez del Campo,11,Coihaique,11101,4,2021-01-04
Aysén del General Carlos Ibáñez del Campo,11,Coihaique,11101,3,2021-01-05
Aysén del General Carlos Ibáñez del Campo,11,Coihaique,11101,3,2021-01-06
Aysén del General Carlos Ibáñez del Campo,11,Coihaique,11101,2,2021-01-11
Aysén del General Carlos Ibáñez del Campo,11,Coihaique,11101,2,2021-01-12
Aysén del General Carlos Ibáñez del Campo,11,Coihaique,11101,2,2021-01-14
Aysén del General Carlos Ibáñez del Campo,11,Lago Verde,11102,1,2020-10-26
Aysén del General Carlos Ibáñez del Campo,11,Lago Verde,11102,1,2020-11-11
Aysén del General Carlos Ibáñez del Campo,11,Lago Verde,11102,1,2020-12-09
Aysén del General Carlos Ibáñez del Campo,11,Aysen,11201,1,2020-01-03
Aysén del General Carlos Ibáñez del Campo,11,Aysen,11201,1,2020-01-06
Aysén del General Carlos Ibáñez del Campo,11,Aysen,11201,1,2020-01-13
Aysén del General Carlos Ibáñez del Campo,11,Aysen,11201,1,2020-01-14
Aysén del General Carlos Ibáñez del Campo,11,Aysen,11201,1,2020-01-15
Aysén del General Carlos Ibáñez del Campo,11,Aysen,11201,1,2020-01-16
Aysén del General Carlos Ibáñez del Campo,11,Aysen,11201,2,2020-01-20
Aysén del General Carlos Ibáñez del Campo,11,Aysen,11201,1,2020-01-23
Aysén del General Carlos Ibáñez del Campo,11,Aysen,11201,1,2020-02-06
Aysén del General Carlos Ibáñez del Campo,11,Aysen,11201,1,2020-02-12
Aysén del General Carlos Ibáñez del Campo,11,Aysen,11201,1,2020-02-14
Aysén del General Carlos Ibáñez del Campo,11,Aysen,11201,1,2020-02-17
Aysén del General Carlos Ibáñez del Campo,11,Aysen,11201,2,2020-02-18
Aysén del General Carlos Ibáñez del Campo,11,Aysen,11201,1,2020-02-21
Aysén del General Carlos Ibáñez del Campo,11,Aysen,11201,2,2020-02-26
Aysén del General Carlos Ibáñez del Campo,11,Aysen,11201,1,2020-03-09
Aysén del General Carlos Ibáñez del Campo,11,Aysen,11201,1,2020-03-11
Aysén del General Carlos Ibáñez del Campo,11,Aysen,11201,2,2020-03-17
Aysén del General Carlos Ibáñez del Campo,11,Aysen,11201,1,2020-03-23
Aysén del General Carlos Ibáñez del Campo,11,Aysen,11201,2,2020-03-27
Aysén del General Carlos Ibáñez del Campo,11,Aysen,11201,1,2020-03-30
Aysén del General Carlos Ibáñez del Campo,11,Aysen,11201,1,2020-03-31
Aysén del General Carlos Ibáñez del Campo,11,Aysen,11201,1,2020-04-02
Aysén del General Carlos Ibáñez del Campo,11,Aysen,11201,1,2020-04-03
Aysén del General Carlos Ibáñez del Campo,11,Aysen,11201,2,2020-04-07
Aysén del General Carlos Ibáñez del Campo,11,Aysen,11201,1,2020-04-08
Aysén del General Carlos Ibáñez del Campo,11,Aysen,11201,1,2020-04-09
Aysén del General Carlos Ibáñez del Campo,11,Aysen,11201,2,2020-04-13
Aysén del General Carlos Ibáñez del Campo,11,Aysen,11201,1,2020-04-16
Aysén del General Carlos Ibáñez del Campo,11,Aysen,11201,1,2020-04-17
Aysén del General Carlos Ibáñez del Campo,11,Aysen,11201,2,2020-04-23
Aysén del General Carlos Ibáñez del Campo,11,Aysen,11201,1,2020-04-29
Aysén del General Carlos Ibáñez del Campo,11,Aysen,11201,2,2020-05-13
Aysén del General Carlos Ibáñez del Campo,11,Aysen,11201,1,2020-05-19
Aysén del General Carlos Ibáñez del Campo,11,Aysen,11201,1,2020-05-26
Aysén del General Carlos Ibáñez del Campo,11,Aysen,11201,3,2020-06-01
Aysén del General Carlos Ibáñez del Campo,11,Aysen,11201,3,2020-06-05
Aysén del General Carlos Ibáñez del Campo,11,Aysen,11201,1,2020-06-08
Aysén del General Carlos Ibáñez del Campo,11,Aysen,11201,1,2020-06-09
Aysén del General Carlos Ibáñez del Campo,11,Aysen,11201,1,2020-06-11
Aysén del General Carlos Ibáñez del Campo,11,Aysen,11201,1,2020-06-15
Aysén del General Carlos Ibáñez del Campo,11,Aysen,11201,1,2020-06-23
Aysén del General Carlos Ibáñez del Campo,11,Aysen,11201,2,2020-06-25
Aysén del General Carlos Ibáñez del Campo,11,Aysen,11201,1,2020-06-26
Aysén del General Carlos Ibáñez del Campo,11,Aysen,11201,2,2020-06-30
Aysén del General Carlos Ibáñez del Campo,11,Aysen,11201,1,2020-07-03
Aysén del General Carlos Ibáñez del Campo,11,Aysen,11201,1,2020-07-07
Aysén del General Carlos Ibáñez del Campo,11,Aysen,11201,2,2020-07-08
Aysén del General Carlos Ibáñez del Campo,11,Aysen,11201,1,2020-07-14
Aysén del General Carlos Ibáñez del Campo,11,Aysen,11201,1,2020-07-17
Aysén del General Carlos Ibáñez del Campo,11,Aysen,11201,1,2020-07-21
Aysén del General Carlos Ibáñez del Campo,11,Aysen,11201,2,2020-07-27
Aysén del General Carlos Ibáñez del Campo,11,Aysen,11201,1,2020-07-28
Aysén del General Carlos Ibáñez del Campo,11,Aysen,11201,1,2020-07-29
Aysén del General Carlos Ibáñez del Campo,11,Aysen,11201,1,2020-08-03
Aysén del General Carlos Ibáñez del Campo,11,Aysen,11201,1,2020-08-04
Aysén del General Carlos Ibáñez del Campo,11,Aysen,11201,1,2020-08-05
Aysén del General Carlos Ibáñez del Campo,11,Aysen,11201,1,2020-08-06
Aysén del General Carlos Ibáñez del Campo,11,Aysen,11201,2,2020-08-07
Aysén del General Carlos Ibáñez del Campo,11,Aysen,11201,3,2020-08-10
Aysén del General Carlos Ibáñez del Campo,11,Aysen,11201,1,2020-08-14
Aysén del General Carlos Ibáñez del Campo,11,Aysen,11201,1,2020-08-18
Aysén del General Carlos Ibáñez del Campo,11,Aysen,11201,1,2020-08-24
Aysén del General Carlos Ibáñez del Campo,11,Aysen,11201,1,2020-08-25
Aysén del General Carlos Ibáñez del Campo,11,Aysen,11201,1,2020-09-04
Aysén del General Carlos Ibáñez del Campo,11,Aysen,11201,1,2020-09-07
Aysén del General Carlos Ibáñez del Campo,11,Aysen,11201,1,2020-09-09
Aysén del General Carlos Ibáñez del Campo,11,Aysen,11201,1,2020-09-14
Aysén del General Carlos Ibáñez del Campo,11,Aysen,11201,1,2020-09-21
Aysén del General Carlos Ibáñez del Campo,11,Aysen,11201,2,2020-09-22
Aysén del General Carlos Ibáñez del Campo,11,Aysen,11201,2,2020-09-23
Aysén del General Carlos Ibáñez del Campo,11,Aysen,11201,1,2020-09-24
Aysén del General Carlos Ibáñez del Campo,11,Aysen,11201,1,2020-09-28
Aysén del General Carlos Ibáñez del Campo,11,Aysen,11201,1,2020-10-01
Aysén del General Carlos Ibáñez del Campo,11,Aysen,11201,2,2020-10-02
Aysén del General Carlos Ibáñez del Campo,11,Aysen,11201,3,2020-10-05
Aysén del General Carlos Ibáñez del Campo,11,Aysen,11201,2,2020-10-13
Aysén del General Carlos Ibáñez del Campo,11,Aysen,11201,2,2020-10-19
Aysén del General Carlos Ibáñez del Campo,11,Aysen,11201,2,2020-10-21
Aysén del General Carlos Ibáñez del Campo,11,Aysen,11201,3,2020-10-22
Aysén del General Carlos Ibáñez del Campo,11,Aysen,11201,1,2020-10-30
Aysén del General Carlos Ibáñez del Campo,11,Aysen,11201,1,2020-11-10
Aysén del General Carlos Ibáñez del Campo,11,Aysen,11201,1,2020-11-16
Aysén del General Carlos Ibáñez del Campo,11,Aysen,11201,1,2020-11-27
Aysén del General Carlos Ibáñez del Campo,11,Aysen,11201,1,2020-12-07
Aysén del General Carlos Ibáñez del Campo,11,Aysen,11201,3,2020-12-17
Aysén del General Carlos Ibáñez del Campo,11,Aysen,11201,1,2020-12-21
Aysén del General Carlos Ibáñez del Campo,11,Aysen,11201,2,2020-12-22
Aysén del General Carlos Ibáñez del Campo,11,Aysen,11201,1,2020-12-24
Aysén del General Carlos Ibáñez del Campo,11,Aysen,11201,2,2020-12-29
Aysén del General Carlos Ibáñez del Campo,11,Aysen,11201,1,2020-12-30
Aysén del General Carlos Ibáñez del Campo,11,Aysen,11201,1,2020-12-31
Aysén del General Carlos Ibáñez del Campo,11,Aysen,11201,2,2021-01-04
Aysén del General Carlos Ibáñez del Campo,11,Aysen,11201,1,2021-01-05
Aysén del General Carlos Ibáñez del Campo,11,Aysen,11201,1,2021-01-14
Aysén del General Carlos Ibáñez del Campo,11,Cisnes,11202,1,2020-03-09
Aysén del General Carlos Ibáñez del Campo,11,Cisnes,11202,1,2020-04-08
Aysén del General Carlos Ibáñez del Campo,11,Cisnes,11202,1,2020-04-27
Aysén del General Carlos Ibáñez del Campo,11,Cisnes,11202,1,2020-04-30
Aysén del General Carlos Ibáñez del Campo,11,Cisnes,11202,1,2020-05-28
Aysén del General Carlos Ibáñez del Campo,11,Cisnes,11202,1,2020-05-29
Aysén del General Carlos Ibáñez del Campo,11,Cisnes,11202,1,2020-06-04
Aysén del General Carlos Ibáñez del Campo,11,Cisnes,11202,1,2020-06-05
Aysén del General Carlos Ibáñez del Campo,11,Cisnes,11202,1,2020-06-08
Aysén del General Carlos Ibáñez del Campo,11,Cisnes,11202,1,2020-07-04
Aysén del General Carlos Ibáñez del Campo,11,Cisnes,11202,1,2020-07-06
Aysén del General Carlos Ibáñez del Campo,11,Cisnes,11202,1,2020-07-13
Aysén del General Carlos Ibáñez del Campo,11,Cisnes,11202,1,2020-07-22
Aysén del General Carlos Ibáñez del Campo,11,Cisnes,11202,1,2020-07-31
Aysén del General Carlos Ibáñez del Campo,11,Cisnes,11202,1,2020-08-06
Aysén del General Carlos Ibáñez del Campo,11,Cisnes,11202,1,2020-08-07
Aysén del General Carlos Ibáñez del Campo,11,Cisnes,11202,1,2020-08-24
Aysén del General Carlos Ibáñez del Campo,11,Cisnes,11202,1,2020-09-07
Aysén del General Carlos Ibáñez del Campo,11,Cisnes,11202,1,2020-09-23
Aysén del General Carlos Ibáñez del Campo,11,Cisnes,11202,1,2020-11-01
Aysén del General Carlos Ibáñez del Campo,11,Cisnes,11202,1,2020-11-03
Aysén del General Carlos Ibáñez del Campo,11,Cisnes,11202,2,2020-11-06
Aysén del General Carlos Ibáñez del Campo,11,Cisnes,11202,1,2020-11-27
Aysén del General Carlos Ibáñez del Campo,11,Cisnes,11202,1,2020-12-02
Aysén del General Carlos Ibáñez del Campo,11,Cisnes,11202,1,2020-12-19
Aysén del General Carlos Ibáñez del Campo,11,Guaitecas,11203,1,2020-01-20
Aysén del General Carlos Ibáñez del Campo,11,Guaitecas,11203,1,2020-03-16
Aysén del General Carlos Ibáñez del Campo,11,Guaitecas,11203,1,2020-05-14
Aysén del General Carlos Ibáñez del Campo,11,Guaitecas,11203,1,2020-06-16
Aysén del General Carlos Ibáñez del Campo,11,Guaitecas,11203,1,2020-07-27
Aysén del General Carlos Ibáñez del Campo,11,Guaitecas,11203,1,2020-07-28
Aysén del General Carlos Ibáñez del Campo,11,Guaitecas,11203,1,2020-11-12
Aysén del General Carlos Ibáñez del Campo,11,Cochrane,11301,1,2020-01-20
Aysén del General Carlos Ibáñez del Campo,11,Cochrane,11301,1,2020-03-23
Aysén del General Carlos Ibáñez del Campo,11,Cochrane,11301,1,2020-05-11
Aysén del General Carlos Ibáñez del Campo,11,Cochrane,11301,1,2020-06-08
Aysén del General Carlos Ibáñez del Campo,11,Cochrane,11301,1,2020-06-10
Aysén del General Carlos Ibáñez del Campo,11,Cochrane,11301,1,2020-08-10
Aysén del General Carlos Ibáñez del Campo,11,Cochrane,11301,2,2020-08-14
Aysén del General Carlos Ibáñez del Campo,11,Cochrane,11301,1,2020-09-17
Aysén del General Carlos Ibáñez del Campo,11,Cochrane,11301,1,2020-09-25
Aysén del General Carlos Ibáñez del Campo,11,Cochrane,11301,1,2020-11-02
Aysén del General Carlos Ibáñez del Campo,11,Cochrane,11301,1,2020-11-05
Aysén del General Carlos Ibáñez del Campo,11,Cochrane,11301,1,2020-11-16
Aysén del General Carlos Ibáñez del Campo,11,Cochrane,11301,1,2020-11-27
Aysén del General Carlos Ibáñez del Campo,11,Cochrane,11301,1,2020-12-09
Aysén del General Carlos Ibáñez del Campo,11,O'Higgins,11302,1,2020-04-02
Aysén del General Carlos Ibáñez del Campo,11,Chile Chico,11401,1,2020-01-14
Aysén del General Carlos Ibáñez del Campo,11,Chile Chico,11401,1,2020-01-30
Aysén del General Carlos Ibáñez del Campo,11,Chile Chico,11401,1,2020-02-11
Aysén del General Carlos Ibáñez del Campo,11,Chile Chico,11401,1,2020-03-23
Aysén del General Carlos Ibáñez del Campo,11,Chile Chico,11401,1,2020-03-26
Aysén del General Carlos Ibáñez del Campo,11,Chile Chico,11401,1,2020-04-17
Aysén del General Carlos Ibáñez del Campo,11,Chile Chico,11401,1,2020-04-20
Aysén del General Carlos Ibáñez del Campo,11,Chile Chico,11401,1,2020-05-09
Aysén del General Carlos Ibáñez del Campo,11,Chile Chico,11401,1,2020-06-08
Aysén del General Carlos Ibáñez del Campo,11,Chile Chico,11401,1,2020-06-10
Aysén del General Carlos Ibáñez del Campo,11,Chile Chico,11401,1,2020-06-15
Aysén del General Carlos Ibáñez del Campo,11,Chile Chico,11401,1,2020-06-26
Aysén del General Carlos Ibáñez del Campo,11,Chile Chico,11401,1,2020-07-01
Aysén del General Carlos Ibáñez del Campo,11,Chile Chico,11401,1,2020-07-22
Aysén del General Carlos Ibáñez del Campo,11,Chile Chico,11401,1,2020-08-06
Aysén del General Carlos Ibáñez del Campo,11,Chile Chico,11401,1,2020-08-21
Aysén del General Carlos Ibáñez del Campo,11,Chile Chico,11401,1,2020-09-02
Aysén del General Carlos Ibáñez del Campo,11,Chile Chico,11401,1,2020-09-14
Aysén del General Carlos Ibáñez del Campo,11,Chile Chico,11401,1,2020-09-30
Aysén del General Carlos Ibáñez del Campo,11,Chile Chico,11401,1,2020-10-09
Aysén del General Carlos Ibáñez del Campo,11,Chile Chico,11401,1,2020-10-30
Aysén del General Carlos Ibáñez del Campo,11,Chile Chico,11401,1,2020-11-30
Aysén del General Carlos Ibáñez del Campo,11,Chile Chico,11401,1,2020-12-01
Aysén del General Carlos Ibáñez del Campo,11,Chile Chico,11401,1,2020-12-07
Aysén del General Carlos Ibáñez del Campo,11,Chile Chico,11401,1,2020-12-22
Aysén del General Carlos Ibáñez del Campo,11,Chile Chico,11401,2,2021-01-05
Aysén del General Carlos Ibáñez del Campo,11,Río Ibáñez,11402,1,2020-01-03
Aysén del General Carlos Ibáñez del Campo,11,Río Ibáñez,11402,1,2020-02-04
Aysén del General Carlos Ibáñez del Campo,11,Río Ibáñez,11402,1,2020-03-30
Aysén del General Carlos Ibáñez del Campo,11,Río Ibáñez,11402,1,2020-04-20
Aysén del General Carlos Ibáñez del Campo,11,Río Ibáñez,11402,1,2020-04-28
Aysén del General Carlos Ibáñez del Campo,11,Río Ibáñez,11402,1,2020-07-07
Aysén del General Carlos Ibáñez del Campo,11,Río Ibáñez,11402,1,2020-10-22
Aysén del General Carlos Ibáñez del Campo,11,Río Ibáñez,11402,1,2020-10-26
Aysén del General Carlos Ibáñez del Campo,11,Río Ibáñez,11402,1,2020-10-30
Aysén del General Carlos Ibáñez del Campo,11,Río Ibáñez,11402,1,2020-11-09
Aysén del General Carlos Ibáñez del Campo,11,Río Ibáñez,11402,1,2020-11-11
Aysén del General Carlos Ibáñez del Campo,11,Río Ibáñez,11402,1,2020-11-20
Aysén del General Carlos Ibáñez del Campo,11,Río Ibáñez,11402,2,2020-12-04
Magallanes y de la Antártica Chilena,12,Punta Arenas,12101,3,2020-01-02
Magallanes y de la Antártica Chilena,12,Punta Arenas,12101,2,2020-01-03
Magallanes y de la Antártica Chilena,12,Punta Arenas,12101,10,2020-01-06
Magallanes y de la Antártica Chilena,12,Punta Arenas,12101,3,2020-01-07
Magallanes y de la Antártica Chilena,12,Punta Arenas,12101,3,2020-01-08
Magallanes y de la Antártica Chilena,12,Punta Arenas,12101,1,2020-01-10
Magallanes y de la Antártica Chilena,12,Punta Arenas,12101,7,2020-01-13
Magallanes y de la Antártica Chilena,12,Punta Arenas,12101,1,2020-01-14
Magallanes y de la Antártica Chilena,12,Punta Arenas,12101,8,2020-01-15
Magallanes y de la Antártica Chilena,12,Punta Arenas,12101,5,2020-01-17
Magallanes y de la Antártica Chilena,12,Punta Arenas,12101,5,2020-01-20
Magallanes y de la Antártica Chilena,12,Punta Arenas,12101,4,2020-01-21
Magallanes y de la Antártica Chilena,12,Punta Arenas,12101,1,2020-01-22
Magallanes y de la Antártica Chilena,12,Punta Arenas,12101,4,2020-01-23
Magallanes y de la Antártica Chilena,12,Punta Arenas,12101,10,2020-01-24
Magallanes y de la Antártica Chilena,12,Punta Arenas,12101,1,2020-01-27
Magallanes y de la Antártica Chilena,12,Punta Arenas,12101,5,2020-01-28
Magallanes y de la Antártica Chilena,12,Punta Arenas,12101,4,2020-01-30
Magallanes y de la Antártica Chilena,12,Punta Arenas,12101,1,2020-01-31
Magallanes y de la Antártica Chilena,12,Punta Arenas,12101,1,2020-02-01
Magallanes y de la Antártica Chilena,12,Punta Arenas,12101,6,2020-02-03
Magallanes y de la Antártica Chilena,12,Punta Arenas,12101,2,2020-02-06
Magallanes y de la Antártica Chilena,12,Punta Arenas,12101,7,2020-02-07
Magallanes y de la Antártica Chilena,12,Punta Arenas,12101,2,2020-02-10
Magallanes y de la Antártica Chilena,12,Punta Arenas,12101,7,2020-02-11
Magallanes y de la Antártica Chilena,12,Punta Arenas,12101,4,2020-02-12
Magallanes y de la Antártica Chilena,12,Punta Arenas,12101,3,2020-02-13
Magallanes y de la Antártica Chilena,12,Punta Arenas,12101,1,2020-02-14
Magallanes y de la Antártica Chilena,12,Punta Arenas,12101,1,2020-02-15
Magallanes y de la Antártica Chilena,12,Punta Arenas,12101,8,2020-02-17
Magallanes y de la Antártica Chilena,12,Punta Arenas,12101,2,2020-02-18
Magallanes y de la Antártica Chilena,12,Punta Arenas,12101,1,2020-02-20
Magallanes y de la Antártica Chilena,12,Punta Arenas,12101,3,2020-02-21
Magallanes y de la Antártica Chilena,12,Punta Arenas,12101,12,2020-02-24
Magallanes y de la Antártica Chilena,12,Punta Arenas,12101,3,2020-02-25
Magallanes y de la Antártica Chilena,12,Punta Arenas,12101,2,2020-02-26
Magallanes y de la Antártica Chilena,12,Punta Arenas,12101,4,2020-02-27
Magallanes y de la Antártica Chilena,12,Punta Arenas,12101,1,2020-02-28
Magallanes y de la Antártica Chilena,12,Punta Arenas,12101,7,2020-03-02
Magallanes y de la Antártica Chilena,12,Punta Arenas,12101,2,2020-03-03
Magallanes y de la Antártica Chilena,12,Punta Arenas,12101,2,2020-03-04
Magallanes y de la Antártica Chilena,12,Punta Arenas,12101,2,2020-03-05
Magallanes y de la Antártica Chilena,12,Punta Arenas,12101,1,2020-03-06
Magallanes y de la Antártica Chilena,12,Punta Arenas,12101,2,2020-03-09
Magallanes y de la Antártica Chilena,12,Punta Arenas,12101,6,2020-03-10
Magallanes y de la Antártica Chilena,12,Punta Arenas,12101,5,2020-03-11
Magallanes y de la Antártica Chilena,12,Punta Arenas,12101,1,2020-03-12
Magallanes y de la Antártica Chilena,12,Punta Arenas,12101,2,2020-03-13
Magallanes y de la Antártica Chilena,12,Punta Arenas,12101,8,2020-03-16
Magallanes y de la Antártica Chilena,12,Punta Arenas,12101,2,2020-03-17
Magallanes y de la Antártica Chilena,12,Punta Arenas,12101,6,2020-03-18
Magallanes y de la Antártica Chilena,12,Punta Arenas,12101,2,2020-03-19
Magallanes y de la Antártica Chilena,12,Punta Arenas,12101,4,2020-03-20
Magallanes y de la Antártica Chilena,12,Punta Arenas,12101,7,2020-03-23
Magallanes y de la Antártica Chilena,12,Punta Arenas,12101,2,2020-03-24
Magallanes y de la Antártica Chilena,12,Punta Arenas,12101,1,2020-03-25
Magallanes y de la Antártica Chilena,12,Punta Arenas,12101,3,2020-03-26
Magallanes y de la Antártica Chilena,12,Punta Arenas,12101,3,2020-03-27
Magallanes y de la Antártica Chilena,12,Punta Arenas,12101,6,2020-03-30
Magallanes y de la Antártica Chilena,12,Punta Arenas,12101,4,2020-03-31
Magallanes y de la Antártica Chilena,12,Punta Arenas,12101,4,2020-04-01
Magallanes y de la Antártica Chilena,12,Punta Arenas,12101,1,2020-04-02
Magallanes y de la Antártica Chilena,12,Punta Arenas,12101,3,2020-04-03
Magallanes y de la Antártica Chilena,12,Punta Arenas,12101,1,2020-04-05
Magallanes y de la Antártica Chilena,12,Punta Arenas,12101,4,2020-04-06
Magallanes y de la Antártica Chilena,12,Punta Arenas,12101,6,2020-04-08
Magallanes y de la Antártica Chilena,12,Punta Arenas,12101,3,2020-04-11
Magallanes y de la Antártica Chilena,12,Punta Arenas,12101,6,2020-04-13
Magallanes y de la Antártica Chilena,12,Punta Arenas,12101,2,2020-04-14
Magallanes y de la Antártica Chilena,12,Punta Arenas,12101,3,2020-04-15
Magallanes y de la Antártica Chilena,12,Punta Arenas,12101,1,2020-04-16
Magallanes y de la Antártica Chilena,12,Punta Arenas,12101,5,2020-04-17
Magallanes y de la Antártica Chilena,12,Punta Arenas,12101,1,2020-04-18
Magallanes y de la Antártica Chilena,12,Punta Arenas,12101,11,2020-04-20
Magallanes y de la Antártica Chilena,12,Punta Arenas,12101,2,2020-04-21
Magallanes y de la Antártica Chilena,12,Punta Arenas,12101,10,2020-04-23
Magallanes y de la Antártica Chilena,12,Punta Arenas,12101,2,2020-04-24
Magallanes y de la Antártica Chilena,12,Punta Arenas,12101,9,2020-04-27
Magallanes y de la Antártica Chilena,12,Punta Arenas,12101,1,2020-04-28
Magallanes y de la Antártica Chilena,12,Punta Arenas,12101,3,2020-04-29
Magallanes y de la Antártica Chilena,12,Punta Arenas,12101,6,2020-04-30
Magallanes y de la Antártica Chilena,12,Punta Arenas,12101,8,2020-05-04
Magallanes y de la Antártica Chilena,12,Punta Arenas,12101,2,2020-05-05
Magallanes y de la Antártica Chilena,12,Punta Arenas,12101,3,2020-05-06
Magallanes y de la Antártica Chilena,12,Punta Arenas,12101,8,2020-05-07
Magallanes y de la Antártica Chilena,12,Punta Arenas,12101,7,2020-05-08
Magallanes y de la Antártica Chilena,12,Punta Arenas,12101,13,2020-05-11
Magallanes y de la Antártica Chilena,12,Punta Arenas,12101,5,2020-05-12
Magallanes y de la Antártica Chilena,12,Punta Arenas,12101,8,2020-05-13
Magallanes y de la Antártica Chilena,12,Punta Arenas,12101,1,2020-05-14
Magallanes y de la Antártica Chilena,12,Punta Arenas,12101,2,2020-05-15
Magallanes y de la Antártica Chilena,12,Punta Arenas,12101,5,2020-05-18
Magallanes y de la Antártica Chilena,12,Punta Arenas,12101,4,2020-05-19
Magallanes y de la Antártica Chilena,12,Punta Arenas,12101,5,2020-05-20
Magallanes y de la Antártica Chilena,12,Punta Arenas,12101,9,2020-05-22
Magallanes y de la Antártica Chilena,12,Punta Arenas,12101,6,2020-05-25
Magallanes y de la Antártica Chilena,12,Punta Arenas,12101,2,2020-05-26
Magallanes y de la Antártica Chilena,12,Punta Arenas,12101,2,2020-05-27
Magallanes y de la Antártica Chilena,12,Punta Arenas,12101,3,2020-05-28
Magallanes y de la Antártica Chilena,12,Punta Arenas,12101,3,2020-05-29
Magallanes y de la Antártica Chilena,12,Punta Arenas,12101,5,2020-06-01
Magallanes y de la Antártica Chilena,12,Punta Arenas,12101,2,2020-06-02
Magallanes y de la Antártica Chilena,12,Punta Arenas,12101,5,2020-06-03
Magallanes y de la Antártica Chilena,12,Punta Arenas,12101,3,2020-06-04
Magallanes y de la Antártica Chilena,12,Punta Arenas,12101,3,2020-06-05
Magallanes y de la Antártica Chilena,12,Punta Arenas,12101,3,2020-06-08
Magallanes y de la Antártica Chilena,12,Punta Arenas,12101,1,2020-06-09
Magallanes y de la Antártica Chilena,12,Punta Arenas,12101,7,2020-06-11
Magallanes y de la Antártica Chilena,12,Punta Arenas,12101,2,2020-06-12
Magallanes y de la Antártica Chilena,12,Punta Arenas,12101,2,2020-06-13
Magallanes y de la Antártica Chilena,12,Punta Arenas,12101,1,2020-06-14
Magallanes y de la Antártica Chilena,12,Punta Arenas,12101,4,2020-06-15
Magallanes y de la Antártica Chilena,12,Punta Arenas,12101,5,2020-06-17
Magallanes y de la Antártica Chilena,12,Punta Arenas,12101,7,2020-06-18
Magallanes y de la Antártica Chilena,12,Punta Arenas,12101,3,2020-06-19
Magallanes y de la Antártica Chilena,12,Punta Arenas,12101,7,2020-06-22
Magallanes y de la Antártica Chilena,12,Punta Arenas,12101,1,2020-06-23
Magallanes y de la Antártica Chilena,12,Punta Arenas,12101,1,2020-06-24
Magallanes y de la Antártica Chilena,12,Punta Arenas,12101,2,2020-06-25
Magallanes y de la Antártica Chilena,12,Punta Arenas,12101,3,2020-06-26
Magallanes y de la Antártica Chilena,12,Punta Arenas,12101,3,2020-06-27
Magallanes y de la Antártica Chilena,12,Punta Arenas,12101,13,2020-06-30
Magallanes y de la Antártica Chilena,12,Punta Arenas,12101,3,2020-07-02
Magallanes y de la Antártica Chilena,12,Punta Arenas,12101,2,2020-07-03
Magallanes y de la Antártica Chilena,12,Punta Arenas,12101,10,2020-07-06
Magallanes y de la Antártica Chilena,12,Punta Arenas,12101,1,2020-07-07
Magallanes y de la Antártica Chilena,12,Punta Arenas,12101,2,2020-07-08
Magallanes y de la Antártica Chilena,12,Punta Arenas,12101,2,2020-07-09
Magallanes y de la Antártica Chilena,12,Punta Arenas,12101,3,2020-07-10
Magallanes y de la Antártica Chilena,12,Punta Arenas,12101,6,2020-07-13
Magallanes y de la Antártica Chilena,12,Punta Arenas,12101,1,2020-07-14
Magallanes y de la Antártica Chilena,12,Punta Arenas,12101,1,2020-07-15
Magallanes y de la Antártica Chilena,12,Punta Arenas,12101,4,2020-07-17
Magallanes y de la Antártica Chilena,12,Punta Arenas,12101,9,2020-07-20
Magallanes y de la Antártica Chilena,12,Punta Arenas,12101,1,2020-07-22
Magallanes y de la Antártica Chilena,12,Punta Arenas,12101,4,2020-07-23
Magallanes y de la Antártica Chilena,12,Punta Arenas,12101,4,2020-07-27
Magallanes y de la Antártica Chilena,12,Punta Arenas,12101,1,2020-07-28
Magallanes y de la Antártica Chilena,12,Punta Arenas,12101,2,2020-07-29
Magallanes y de la Antártica Chilena,12,Punta Arenas,12101,7,2020-07-31
Magallanes y de la Antártica Chilena,12,Punta Arenas,12101,7,2020-08-03
Magallanes y de la Antártica Chilena,12,Punta Arenas,12101,2,2020-08-04
Magallanes y de la Antártica Chilena,12,Punta Arenas,12101,3,2020-08-05
Magallanes y de la Antártica Chilena,12,Punta Arenas,12101,2,2020-08-06
Magallanes y de la Antártica Chilena,12,Punta Arenas,12101,5,2020-08-10
Magallanes y de la Antártica Chilena,12,Punta Arenas,12101,6,2020-08-11
Magallanes y de la Antártica Chilena,12,Punta Arenas,12101,2,2020-08-12
Magallanes y de la Antártica Chilena,12,Punta Arenas,12101,4,2020-08-14
Magallanes y de la Antártica Chilena,12,Punta Arenas,12101,6,2020-08-17
Magallanes y de la Antártica Chilena,12,Punta Arenas,12101,1,2020-08-18
Magallanes y de la Antártica Chilena,12,Punta Arenas,12101,1,2020-08-19
Magallanes y de la Antártica Chilena,12,Punta Arenas,12101,1,2020-08-20
Magallanes y de la Antártica Chilena,12,Punta Arenas,12101,7,2020-08-21
Magallanes y de la Antártica Chilena,12,Punta Arenas,12101,7,2020-08-24
Magallanes y de la Antártica Chilena,12,Punta Arenas,12101,1,2020-08-25
Magallanes y de la Antártica Chilena,12,Punta Arenas,12101,4,2020-08-26
Magallanes y de la Antártica Chilena,12,Punta Arenas,12101,1,2020-08-27
Magallanes y de la Antártica Chilena,12,Punta Arenas,12101,3,2020-08-28
Magallanes y de la Antártica Chilena,12,Punta Arenas,12101,7,2020-08-31
Magallanes y de la Antártica Chilena,12,Punta Arenas,12101,5,2020-09-01
Magallanes y de la Antártica Chilena,12,Punta Arenas,12101,5,2020-09-02
Magallanes y de la Antártica Chilena,12,Punta Arenas,12101,5,2020-09-04
Magallanes y de la Antártica Chilena,12,Punta Arenas,12101,8,2020-09-07
Magallanes y de la Antártica Chilena,12,Punta Arenas,12101,5,2020-09-08
Magallanes y de la Antártica Chilena,12,Punta Arenas,12101,3,2020-09-09
Magallanes y de la Antártica Chilena,12,Punta Arenas,12101,4,2020-09-10
Magallanes y de la Antártica Chilena,12,Punta Arenas,12101,5,2020-09-11
Magallanes y de la Antártica Chilena,12,Punta Arenas,12101,1,2020-09-12
Magallanes y de la Antártica Chilena,12,Punta Arenas,12101,16,2020-09-14
Magallanes y de la Antártica Chilena,12,Punta Arenas,12101,3,2020-09-15
Magallanes y de la Antártica Chilena,12,Punta Arenas,12101,3,2020-09-16
Magallanes y de la Antártica Chilena,12,Punta Arenas,12101,3,2020-09-17
Magallanes y de la Antártica Chilena,12,Punta Arenas,12101,2,2020-09-18
Magallanes y de la Antártica Chilena,12,Punta Arenas,12101,13,2020-09-21
Magallanes y de la Antártica Chilena,12,Punta Arenas,12101,7,2020-09-22
Magallanes y de la Antártica Chilena,12,Punta Arenas,12101,7,2020-09-23
Magallanes y de la Antártica Chilena,12,Punta Arenas,12101,5,2020-09-24
Magallanes y de la Antártica Chilena,12,Punta Arenas,12101,5,2020-09-25
Magallanes y de la Antártica Chilena,12,Punta Arenas,12101,1,2020-09-27
Magallanes y de la Antártica Chilena,12,Punta Arenas,12101,7,2020-09-28
Magallanes y de la Antártica Chilena,12,Punta Arenas,12101,1,2020-09-29
Magallanes y de la Antártica Chilena,12,Punta Arenas,12101,9,2020-09-30
Magallanes y de la Antártica Chilena,12,Punta Arenas,12101,5,2020-10-01
Magallanes y de la Antártica Chilena,12,Punta Arenas,12101,5,2020-10-02
Magallanes y de la Antártica Chilena,12,Punta Arenas,12101,14,2020-10-05
Magallanes y de la Antártica Chilena,12,Punta Arenas,12101,5,2020-10-06
Magallanes y de la Antártica Chilena,12,Punta Arenas,12101,2,2020-10-07
Magallanes y de la Antártica Chilena,12,Punta Arenas,12101,1,2020-10-08
Magallanes y de la Antártica Chilena,12,Punta Arenas,12101,6,2020-10-09
Magallanes y de la Antártica Chilena,12,Punta Arenas,12101,1,2020-10-10
Magallanes y de la Antártica Chilena,12,Punta Arenas,12101,16,2020-10-13
Magallanes y de la Antártica Chilena,12,Punta Arenas,12101,4,2020-10-14
Magallanes y de la Antártica Chilena,12,Punta Arenas,12101,2,2020-10-15
Magallanes y de la Antártica Chilena,12,Punta Arenas,12101,6,2020-10-16
Magallanes y de la Antártica Chilena,12,Punta Arenas,12101,7,2020-10-19
Magallanes y de la Antártica Chilena,12,Punta Arenas,12101,3,2020-10-20
Magallanes y de la Antártica Chilena,12,Punta Arenas,12101,1,2020-10-21
Magallanes y de la Antártica Chilena,12,Punta Arenas,12101,6,2020-10-22
Magallanes y de la Antártica Chilena,12,Punta Arenas,12101,5,2020-10-23
Magallanes y de la Antártica Chilena,12,Punta Arenas,12101,2,2020-10-24
Magallanes y de la Antártica Chilena,12,Punta Arenas,12101,15,2020-10-26
Magallanes y de la Antártica Chilena,12,Punta Arenas,12101,2,2020-10-27
Magallanes y de la Antártica Chilena,12,Punta Arenas,12101,5,2020-10-28
Magallanes y de la Antártica Chilena,12,Punta Arenas,12101,4,2020-10-29
Magallanes y de la Antártica Chilena,12,Punta Arenas,12101,2,2020-10-30
Magallanes y de la Antártica Chilena,12,Punta Arenas,12101,3,2020-11-02
Magallanes y de la Antártica Chilena,12,Punta Arenas,12101,3,2020-11-03
Magallanes y de la Antártica Chilena,12,Punta Arenas,12101,7,2020-11-04
Magallanes y de la Antártica Chilena,12,Punta Arenas,12101,6,2020-11-05
Magallanes y de la Antártica Chilena,12,Punta Arenas,12101,2,2020-11-06
Magallanes y de la Antártica Chilena,12,Punta Arenas,12101,10,2020-11-09
Magallanes y de la Antártica Chilena,12,Punta Arenas,12101,3,2020-11-10
Magallanes y de la Antártica Chilena,12,Punta Arenas,12101,2,2020-11-11
Magallanes y de la Antártica Chilena,12,Punta Arenas,12101,7,2020-11-12
Magallanes y de la Antártica Chilena,12,Punta Arenas,12101,4,2020-11-13
Magallanes y de la Antártica Chilena,12,Punta Arenas,12101,6,2020-11-16
Magallanes y de la Antártica Chilena,12,Punta Arenas,12101,4,2020-11-17
Magallanes y de la Antártica Chilena,12,Punta Arenas,12101,2,2020-11-18
Magallanes y de la Antártica Chilena,12,Punta Arenas,12101,4,2020-11-19
Magallanes y de la Antártica Chilena,12,Punta Arenas,12101,1,2020-11-20
Magallanes y de la Antártica Chilena,12,Punta Arenas,12101,8,2020-11-23
Magallanes y de la Antártica Chilena,12,Punta Arenas,12101,4,2020-11-24
Magallanes y de la Antártica Chilena,12,Punta Arenas,12101,4,2020-11-25
Magallanes y de la Antártica Chilena,12,Punta Arenas,12101,2,2020-11-26
Magallanes y de la Antártica Chilena,12,Punta Arenas,12101,5,2020-11-27
Magallanes y de la Antártica Chilena,12,Punta Arenas,12101,1,2020-11-28
Magallanes y de la Antártica Chilena,12,Punta Arenas,12101,10,2020-11-30
Magallanes y de la Antártica Chilena,12,Punta Arenas,12101,4,2020-12-01
Magallanes y de la Antártica Chilena,12,Punta Arenas,12101,4,2020-12-02
Magallanes y de la Antártica Chilena,12,Punta Arenas,12101,3,2020-12-03
Magallanes y de la Antártica Chilena,12,Punta Arenas,12101,3,2020-12-04
Magallanes y de la Antártica Chilena,12,Punta Arenas,12101,14,2020-12-07
Magallanes y de la Antártica Chilena,12,Punta Arenas,12101,1,2020-12-08
Magallanes y de la Antártica Chilena,12,Punta Arenas,12101,4,2020-12-09
Magallanes y de la Antártica Chilena,12,Punta Arenas,12101,5,2020-12-10
Magallanes y de la Antártica Chilena,12,Punta Arenas,12101,3,2020-12-11
Magallanes y de la Antártica Chilena,12,Punta Arenas,12101,2,2020-12-14
Magallanes y de la Antártica Chilena,12,Punta Arenas,12101,2,2020-12-15
Magallanes y de la Antártica Chilena,12,Punta Arenas,12101,5,2020-12-17
Magallanes y de la Antártica Chilena,12,Punta Arenas,12101,2,2020-12-18
Magallanes y de la Antártica Chilena,12,Punta Arenas,12101,7,2020-12-21
Magallanes y de la Antártica Chilena,12,Punta Arenas,12101,6,2020-12-22
Magallanes y de la Antártica Chilena,12,Punta Arenas,12101,2,2020-12-23
Magallanes y de la Antártica Chilena,12,Punta Arenas,12101,1,2020-12-24
Magallanes y de la Antártica Chilena,12,Punta Arenas,12101,5,2020-12-25
Magallanes y de la Antártica Chilena,12,Punta Arenas,12101,3,2020-12-28
Magallanes y de la Antártica Chilena,12,Punta Arenas,12101,3,2020-12-29
Magallanes y de la Antártica Chilena,12,Punta Arenas,12101,6,2020-12-30
Magallanes y de la Antártica Chilena,12,Punta Arenas,12101,1,2020-12-31
Magallanes y de la Antártica Chilena,12,Punta Arenas,12101,4,2021-01-01
Magallanes y de la Antártica Chilena,12,Punta Arenas,12101,7,2021-01-04
Magallanes y de la Antártica Chilena,12,Punta Arenas,12101,5,2021-01-05
Magallanes y de la Antártica Chilena,12,Punta Arenas,12101,1,2021-01-06
Magallanes y de la Antártica Chilena,12,Punta Arenas,12101,4,2021-01-07
Magallanes y de la Antártica Chilena,12,Punta Arenas,12101,3,2021-01-08
Magallanes y de la Antártica Chilena,12,Punta Arenas,12101,6,2021-01-11
Magallanes y de la Antártica Chilena,12,Punta Arenas,12101,2,2021-01-12
Magallanes y de la Antártica Chilena,12,Punta Arenas,12101,8,2021-01-13
Magallanes y de la Antártica Chilena,12,Punta Arenas,12101,2,2021-01-14
Magallanes y de la Antártica Chilena,12,Cabo de Hornos,12201,1,2020-02-07
Magallanes y de la Antártica Chilena,12,Cabo de Hornos,12201,1,2020-05-22
Magallanes y de la Antártica Chilena,12,Porvenir,12301,1,2020-02-18
Magallanes y de la Antártica Chilena,12,Porvenir,12301,1,2020-02-19
Magallanes y de la Antártica Chilena,12,Porvenir,12301,1,2020-02-21
Magallanes y de la Antártica Chilena,12,Porvenir,12301,1,2020-02-24
Magallanes y de la Antártica Chilena,12,Porvenir,12301,1,2020-03-12
Magallanes y de la Antártica Chilena,12,Porvenir,12301,1,2020-04-01
Magallanes y de la Antártica Chilena,12,Porvenir,12301,1,2020-04-06
Magallanes y de la Antártica Chilena,12,Porvenir,12301,1,2020-05-18
Magallanes y de la Antártica Chilena,12,Porvenir,12301,1,2020-06-17
Magallanes y de la Antártica Chilena,12,Porvenir,12301,1,2020-07-14
Magallanes y de la Antártica Chilena,12,Porvenir,12301,1,2020-07-20
Magallanes y de la Antártica Chilena,12,Porvenir,12301,1,2020-07-27
Magallanes y de la Antártica Chilena,12,Porvenir,12301,1,2020-09-14
Magallanes y de la Antártica Chilena,12,Porvenir,12301,1,2020-09-15
Magallanes y de la Antártica Chilena,12,Porvenir,12301,1,2020-10-06
Magallanes y de la Antártica Chilena,12,Porvenir,12301,1,2020-10-08
Magallanes y de la Antártica Chilena,12,Porvenir,12301,3,2020-11-18
Magallanes y de la Antártica Chilena,12,Porvenir,12301,1,2020-11-23
Magallanes y de la Antártica Chilena,12,Porvenir,12301,1,2020-11-30
Magallanes y de la Antártica Chilena,12,Porvenir,12301,1,2020-12-02
Magallanes y de la Antártica Chilena,12,Porvenir,12301,2,2020-12-04
Magallanes y de la Antártica Chilena,12,Porvenir,12301,2,2020-12-21
Magallanes y de la Antártica Chilena,12,Natales,12401,1,2020-01-03
Magallanes y de la Antártica Chilena,12,Natales,12401,2,2020-01-06
Magallanes y de la Antártica Chilena,12,Natales,12401,1,2020-01-27
Magallanes y de la Antártica Chilena,12,Natales,12401,1,2020-01-30
Magallanes y de la Antártica Chilena,12,Natales,12401,1,2020-02-01
Magallanes y de la Antártica Chilena,12,Natales,12401,1,2020-02-03
Magallanes y de la Antártica Chilena,12,Natales,12401,1,2020-02-05
Magallanes y de la Antártica Chilena,12,Natales,12401,1,2020-02-10
Magallanes y de la Antártica Chilena,12,Natales,12401,2,2020-02-11
Magallanes y de la Antártica Chilena,12,Natales,12401,1,2020-02-12
Magallanes y de la Antártica Chilena,12,Natales,12401,1,2020-02-13
Magallanes y de la Antártica Chilena,12,Natales,12401,1,2020-02-17
Magallanes y de la Antártica Chilena,12,Natales,12401,1,2020-02-18
Magallanes y de la Antártica Chilena,12,Natales,12401,1,2020-02-21
Magallanes y de la Antártica Chilena,12,Natales,12401,1,2020-02-26
Magallanes y de la Antártica Chilena,12,Natales,12401,1,2020-03-02
Magallanes y de la Antártica Chilena,12,Natales,12401,2,2020-03-07
Magallanes y de la Antártica Chilena,12,Natales,12401,2,2020-03-09
Magallanes y de la Antártica Chilena,12,Natales,12401,1,2020-03-10
Magallanes y de la Antártica Chilena,12,Natales,12401,1,2020-03-12
Magallanes y de la Antártica Chilena,12,Natales,12401,1,2020-03-16
Magallanes y de la Antártica Chilena,12,Natales,12401,1,2020-03-20
Magallanes y de la Antártica Chilena,12,Natales,12401,1,2020-03-24
Magallanes y de la Antártica Chilena,12,Natales,12401,1,2020-03-26
Magallanes y de la Antártica Chilena,12,Natales,12401,2,2020-03-30
Magallanes y de la Antártica Chilena,12,Natales,12401,3,2020-04-01
Magallanes y de la Antártica Chilena,12,Natales,12401,3,2020-04-13
Magallanes y de la Antártica Chilena,12,Natales,12401,3,2020-04-14
Magallanes y de la Antártica Chilena,12,Natales,12401,1,2020-04-17
Magallanes y de la Antártica Chilena,12,Natales,12401,1,2020-04-18
Magallanes y de la Antártica Chilena,12,Natales,12401,1,2020-04-23
Magallanes y de la Antártica Chilena,12,Natales,12401,1,2020-04-24
Magallanes y de la Antártica Chilena,12,Natales,12401,5,2020-04-27
Magallanes y de la Antártica Chilena,12,Natales,12401,2,2020-04-29
Magallanes y de la Antártica Chilena,12,Natales,12401,2,2020-04-30
Magallanes y de la Antártica Chilena,12,Natales,12401,1,2020-05-04
Magallanes y de la Antártica Chilena,12,Natales,12401,1,2020-05-07
Magallanes y de la Antártica Chilena,12,Natales,12401,3,2020-05-11
Magallanes y de la Antártica Chilena,12,Natales,12401,1,2020-05-18
Magallanes y de la Antártica Chilena,12,Natales,12401,1,2020-05-20
Magallanes y de la Antártica Chilena,12,Natales,12401,1,2020-05-25
Magallanes y de la Antártica Chilena,12,Natales,12401,2,2020-05-27
Magallanes y de la Antártica Chilena,12,Natales,12401,3,2020-06-01
Magallanes y de la Antártica Chilena,12,Natales,12401,2,2020-06-02
Magallanes y de la Antártica Chilena,12,Natales,12401,2,2020-06-03
Magallanes y de la Antártica Chilena,12,Natales,12401,2,2020-06-08
Magallanes y de la Antártica Chilena,12,Natales,12401,1,2020-06-12
Magallanes y de la Antártica Chilena,12,Natales,12401,1,2020-06-16
Magallanes y de la Antártica Chilena,12,Natales,12401,1,2020-06-17
Magallanes y de la Antártica Chilena,12,Natales,12401,1,2020-06-18
Magallanes y de la Antártica Chilena,12,Natales,12401,2,2020-06-22
Magallanes y de la Antártica Chilena,12,Natales,12401,1,2020-06-23
Magallanes y de la Antártica Chilena,12,Natales,12401,2,2020-06-25
Magallanes y de la Antártica Chilena,12,Natales,12401,1,2020-06-27
Magallanes y de la Antártica Chilena,12,Natales,12401,2,2020-07-03
Magallanes y de la Antártica Chilena,12,Natales,12401,2,2020-07-06
Magallanes y de la Antártica Chilena,12,Natales,12401,1,2020-07-08
Magallanes y de la Antártica Chilena,12,Natales,12401,1,2020-07-15
Magallanes y de la Antártica Chilena,12,Natales,12401,1,2020-07-17
Magallanes y de la Antártica Chilena,12,Natales,12401,1,2020-07-20
Magallanes y de la Antártica Chilena,12,Natales,12401,2,2020-07-23
Magallanes y de la Antártica Chilena,12,Natales,12401,1,2020-07-24
Magallanes y de la Antártica Chilena,12,Natales,12401,1,2020-07-28
Magallanes y de la Antártica Chilena,12,Natales,12401,3,2020-07-31
Magallanes y de la Antártica Chilena,12,Natales,12401,2,2020-08-03
Magallanes y de la Antártica Chilena,12,Natales,12401,2,2020-08-06
Magallanes y de la Antártica Chilena,12,Natales,12401,2,2020-08-07
Magallanes y de la Antártica Chilena,12,Natales,12401,1,2020-08-12
Magallanes y de la Antártica Chilena,12,Natales,12401,1,2020-08-13
Magallanes y de la Antártica Chilena,12,Natales,12401,1,2020-08-14
Magallanes y de la Antártica Chilena,12,Natales,12401,1,2020-08-17
Magallanes y de la Antártica Chilena,12,Natales,12401,1,2020-08-18
Magallanes y de la Antártica Chilena,12,Natales,12401,1,2020-08-19
Magallanes y de la Antártica Chilena,12,Natales,12401,2,2020-08-21
Magallanes y de la Antártica Chilena,12,Natales,12401,1,2020-08-24
Magallanes y de la Antártica Chilena,12,Natales,12401,1,2020-08-25
Magallanes y de la Antártica Chilena,12,Natales,12401,1,2020-08-28
Magallanes y de la Antártica Chilena,12,Natales,12401,2,2020-08-31
Magallanes y de la Antártica Chilena,12,Natales,12401,1,2020-09-07
Magallanes y de la Antártica Chilena,12,Natales,12401,1,2020-09-09
Magallanes y de la Antártica Chilena,12,Natales,12401,1,2020-09-10
Magallanes y de la Antártica Chilena,12,Natales,12401,1,2020-09-14
Magallanes y de la Antártica Chilena,12,Natales,12401,3,2020-09-15
Magallanes y de la Antártica Chilena,12,Natales,12401,1,2020-09-16
Magallanes y de la Antártica Chilena,12,Natales,12401,1,2020-09-22
Magallanes y de la Antártica Chilena,12,Natales,12401,2,2020-09-24
Magallanes y de la Antártica Chilena,12,Natales,12401,1,2020-09-28
Magallanes y de la Antártica Chilena,12,Natales,12401,2,2020-09-29
Magallanes y de la Antártica Chilena,12,Natales,12401,1,2020-09-30
Magallanes y de la Antártica Chilena,12,Natales,12401,2,2020-10-05
Magallanes y de la Antártica Chilena,12,Natales,12401,1,2020-10-06
Magallanes y de la Antártica Chilena,12,Natales,12401,2,2020-10-08
Magallanes y de la Antártica Chilena,12,Natales,12401,1,2020-10-13
Magallanes y de la Antártica Chilena,12,Natales,12401,2,2020-10-16
Magallanes y de la Antártica Chilena,12,Natales,12401,2,2020-10-19
Magallanes y de la Antártica Chilena,12,Natales,12401,1,2020-10-20
Magallanes y de la Antártica Chilena,12,Natales,12401,2,2020-10-21
Magallanes y de la Antártica Chilena,12,Natales,12401,1,2020-10-22
Magallanes y de la Antártica Chilena,12,Natales,12401,2,2020-10-23
Magallanes y de la Antártica Chilena,12,Natales,12401,2,2020-10-27
Magallanes y de la Antártica Chilena,12,Natales,12401,1,2020-10-28
Magallanes y de la Antártica Chilena,12,Natales,12401,2,2020-10-29
Magallanes y de la Antártica Chilena,12,Natales,12401,5,2020-11-03
Magallanes y de la Antártica Chilena,12,Natales,12401,1,2020-11-04
Magallanes y de la Antártica Chilena,12,Natales,12401,3,2020-11-10
Magallanes y de la Antártica Chilena,12,Natales,12401,4,2020-11-16
Magallanes y de la Antártica Chilena,12,Natales,12401,1,2020-11-17
Magallanes y de la Antártica Chilena,12,Natales,12401,2,2020-11-18
Magallanes y de la Antártica Chilena,12,Natales,12401,2,2020-11-19
Magallanes y de la Antártica Chilena,12,Natales,12401,1,2020-11-23
Magallanes y de la Antártica Chilena,12,Natales,12401,3,2020-11-24
Magallanes y de la Antártica Chilena,12,Natales,12401,1,2020-11-25
Magallanes y de la Antártica Chilena,12,Natales,12401,1,2020-11-26
Magallanes y de la Antártica Chilena,12,Natales,12401,1,2020-11-30
Magallanes y de la Antártica Chilena,12,Natales,12401,2,2020-12-03
Magallanes y de la Antártica Chilena,12,Natales,12401,1,2020-12-07
Magallanes y de la Antártica Chilena,12,Natales,12401,1,2020-12-10
Magallanes y de la Antártica Chilena,12,Natales,12401,1,2020-12-15
Magallanes y de la Antártica Chilena,12,Natales,12401,1,2020-12-16
Magallanes y de la Antártica Chilena,12,Natales,12401,2,2020-12-22
Magallanes y de la Antártica Chilena,12,Natales,12401,1,2020-12-25
Magallanes y de la Antártica Chilena,12,Natales,12401,2,2020-12-28
Magallanes y de la Antártica Chilena,12,Natales,12401,2,2020-12-29
Magallanes y de la Antártica Chilena,12,Natales,12401,2,2020-12-30
Magallanes y de la Antártica Chilena,12,Natales,12401,1,2020-12-31
Magallanes y de la Antártica Chilena,12,Natales,12401,1,2021-01-01
Magallanes y de la Antártica Chilena,12,Natales,12401,2,2021-01-07
Magallanes y de la Antártica Chilena,12,Natales,12401,1,2021-01-08
Magallanes y de la Antártica Chilena,12,Natales,12401,3,2021-01-11
Metropolitana de Santiago,13,Santiago,13101,1,2020-01-01
Metropolitana de Santiago,13,Santiago,13101,18,2020-01-02
Metropolitana de Santiago,13,Santiago,13101,15,2020-01-03
Metropolitana de Santiago,13,Santiago,13101,9,2020-01-04
Metropolitana de Santiago,13,Santiago,13101,6,2020-01-05
Metropolitana de Santiago,13,Santiago,13101,16,2020-01-06
Metropolitana de Santiago,13,Santiago,13101,4,2020-01-07
Metropolitana de Santiago,13,Santiago,13101,7,2020-01-08
Metropolitana de Santiago,13,Santiago,13101,8,2020-01-09
Metropolitana de Santiago,13,Santiago,13101,9,2020-01-10
Metropolitana de Santiago,13,Santiago,13101,15,2020-01-11
Metropolitana de Santiago,13,Santiago,13101,7,2020-01-12
Metropolitana de Santiago,13,Santiago,13101,9,2020-01-13
Metropolitana de Santiago,13,Santiago,13101,8,2020-01-14
Metropolitana de Santiago,13,Santiago,13101,8,2020-01-15
Metropolitana de Santiago,13,Santiago,13101,3,2020-01-16
Metropolitana de Santiago,13,Santiago,13101,11,2020-01-17
Metropolitana de Santiago,13,Santiago,13101,8,2020-01-18
Metropolitana de Santiago,13,Santiago,13101,9,2020-01-19
Metropolitana de Santiago,13,Santiago,13101,11,2020-01-20
Metropolitana de Santiago,13,Santiago,13101,8,2020-01-21
Metropolitana de Santiago,13,Santiago,13101,9,2020-01-22
Metropolitana de Santiago,13,Santiago,13101,9,2020-01-23
Metropolitana de Santiago,13,Santiago,13101,4,2020-01-24
Metropolitana de Santiago,13,Santiago,13101,7,2020-01-25
Metropolitana de Santiago,13,Santiago,13101,8,2020-01-26
Metropolitana de Santiago,13,Santiago,13101,5,2020-01-27
Metropolitana de Santiago,13,Santiago,13101,5,2020-01-28
Metropolitana de Santiago,13,Santiago,13101,9,2020-01-29
Metropolitana de Santiago,13,Santiago,13101,10,2020-01-30
Metropolitana de Santiago,13,Santiago,13101,3,2020-01-31
Metropolitana de Santiago,13,Santiago,13101,4,2020-02-01
Metropolitana de Santiago,13,Santiago,13101,7,2020-02-02
Metropolitana de Santiago,13,Santiago,13101,14,2020-02-03
Metropolitana de Santiago,13,Santiago,13101,7,2020-02-04
Metropolitana de Santiago,13,Santiago,13101,11,2020-02-05
Metropolitana de Santiago,13,Santiago,13101,9,2020-02-06
Metropolitana de Santiago,13,Santiago,13101,6,2020-02-07
Metropolitana de Santiago,13,Santiago,13101,10,2020-02-08
Metropolitana de Santiago,13,Santiago,13101,4,2020-02-09
Metropolitana de Santiago,13,Santiago,13101,8,2020-02-10
Metropolitana de Santiago,13,Santiago,13101,10,2020-02-11
Metropolitana de Santiago,13,Santiago,13101,5,2020-02-12
Metropolitana de Santiago,13,Santiago,13101,11,2020-02-13
Metropolitana de Santiago,13,Santiago,13101,15,2020-02-14
Metropolitana de Santiago,13,Santiago,13101,6,2020-02-15
Metropolitana de Santiago,13,Santiago,13101,2,2020-02-16
Metropolitana de Santiago,13,Santiago,13101,12,2020-02-17
Metropolitana de Santiago,13,Santiago,13101,11,2020-02-18
Metropolitana de Santiago,13,Santiago,13101,4,2020-02-19
Metropolitana de Santiago,13,Santiago,13101,12,2020-02-20
Metropolitana de Santiago,13,Santiago,13101,6,2020-02-21
Metropolitana de Santiago,13,Santiago,13101,7,2020-02-22
Metropolitana de Santiago,13,Santiago,13101,5,2020-02-23
Metropolitana de Santiago,13,Santiago,13101,13,2020-02-24
Metropolitana de Santiago,13,Santiago,13101,11,2020-02-25
Metropolitana de Santiago,13,Santiago,13101,5,2020-02-26
Metropolitana de Santiago,13,Santiago,13101,12,2020-02-27
Metropolitana de Santiago,13,Santiago,13101,8,2020-02-28
Metropolitana de Santiago,13,Santiago,13101,6,2020-02-29
Metropolitana de Santiago,13,Santiago,13101,11,2020-03-01
Metropolitana de Santiago,13,Santiago,13101,11,2020-03-02
Metropolitana de Santiago,13,Santiago,13101,11,2020-03-03
Metropolitana de Santiago,13,Santiago,13101,9,2020-03-04
Metropolitana de Santiago,13,Santiago,13101,13,2020-03-05
Metropolitana de Santiago,13,Santiago,13101,10,2020-03-06
Metropolitana de Santiago,13,Santiago,13101,5,2020-03-07
Metropolitana de Santiago,13,Santiago,13101,6,2020-03-08
Metropolitana de Santiago,13,Santiago,13101,11,2020-03-09
Metropolitana de Santiago,13,Santiago,13101,2,2020-03-10
Metropolitana de Santiago,13,Santiago,13101,6,2020-03-11
Metropolitana de Santiago,13,Santiago,13101,6,2020-03-12
Metropolitana de Santiago,13,Santiago,13101,6,2020-03-13
Metropolitana de Santiago,13,Santiago,13101,7,2020-03-14
Metropolitana de Santiago,13,Santiago,13101,4,2020-03-15
Metropolitana de Santiago,13,Santiago,13101,7,2020-03-16
Metropolitana de Santiago,13,Santiago,13101,6,2020-03-17
Metropolitana de Santiago,13,Santiago,13101,7,2020-03-18
Metropolitana de Santiago,13,Santiago,13101,8,2020-03-19
Metropolitana de Santiago,13,Santiago,13101,10,2020-03-20
Metropolitana de Santiago,13,Santiago,13101,13,2020-03-21
Metropolitana de Santiago,13,Santiago,13101,7,2020-03-22
Metropolitana de Santiago,13,Santiago,13101,8,2020-03-23
Metropolitana de Santiago,13,Santiago,13101,6,2020-03-24
Metropolitana de Santiago,13,Santiago,13101,8,2020-03-25
Metropolitana de Santiago,13,Santiago,13101,9,2020-03-26
Metropolitana de Santiago,13,Santiago,13101,11,2020-03-27
Metropolitana de Santiago,13,Santiago,13101,5,2020-03-28
Metropolitana de Santiago,13,Santiago,13101,3,2020-03-29
Metropolitana de Santiago,13,Santiago,13101,10,2020-03-30
Metropolitana de Santiago,13,Santiago,13101,6,2020-03-31
Metropolitana de Santiago,13,Santiago,13101,8,2020-04-01
Metropolitana de Santiago,13,Santiago,13101,6,2020-04-02
Metropolitana de Santiago,13,Santiago,13101,9,2020-04-03
Metropolitana de Santiago,13,Santiago,13101,9,2020-04-04
Metropolitana de Santiago,13,Santiago,13101,9,2020-04-05
Metropolitana de Santiago,13,Santiago,13101,9,2020-04-06
Metropolitana de Santiago,13,Santiago,13101,8,2020-04-07
Metropolitana de Santiago,13,Santiago,13101,3,2020-04-08
Metropolitana de Santiago,13,Santiago,13101,8,2020-04-09
Metropolitana de Santiago,13,Santiago,13101,9,2020-04-10
Metropolitana de Santiago,13,Santiago,13101,8,2020-04-11
Metropolitana de Santiago,13,Santiago,13101,9,2020-04-12
Metropolitana de Santiago,13,Santiago,13101,5,2020-04-13
Metropolitana de Santiago,13,Santiago,13101,6,2020-04-14
Metropolitana de Santiago,13,Santiago,13101,7,2020-04-15
Metropolitana de Santiago,13,Santiago,13101,7,2020-04-16
Metropolitana de Santiago,13,Santiago,13101,10,2020-04-17
Metropolitana de Santiago,13,Santiago,13101,7,2020-04-18
Metropolitana de Santiago,13,Santiago,13101,3,2020-04-19
Metropolitana de Santiago,13,Santiago,13101,12,2020-04-20
Metropolitana de Santiago,13,Santiago,13101,7,2020-04-21
Metropolitana de Santiago,13,Santiago,13101,19,2020-04-22
Metropolitana de Santiago,13,Santiago,13101,5,2020-04-23
Metropolitana de Santiago,13,Santiago,13101,7,2020-04-24
Metropolitana de Santiago,13,Santiago,13101,9,2020-04-25
Metropolitana de Santiago,13,Santiago,13101,7,2020-04-26
Metropolitana de Santiago,13,Santiago,13101,12,2020-04-27
Metropolitana de Santiago,13,Santiago,13101,12,2020-04-28
Metropolitana de Santiago,13,Santiago,13101,10,2020-04-29
Metropolitana de Santiago,13,Santiago,13101,10,2020-04-30
Metropolitana de Santiago,13,Santiago,13101,1,2020-05-01
Metropolitana de Santiago,13,Santiago,13101,13,2020-05-02
Metropolitana de Santiago,13,Santiago,13101,4,2020-05-03
Metropolitana de Santiago,13,Santiago,13101,11,2020-05-04
Metropolitana de Santiago,13,Santiago,13101,11,2020-05-05
Metropolitana de Santiago,13,Santiago,13101,8,2020-05-06
Metropolitana de Santiago,13,Santiago,13101,6,2020-05-07
Metropolitana de Santiago,13,Santiago,13101,9,2020-05-08
Metropolitana de Santiago,13,Santiago,13101,6,2020-05-09
Metropolitana de Santiago,13,Santiago,13101,9,2020-05-10
Metropolitana de Santiago,13,Santiago,13101,16,2020-05-11
Metropolitana de Santiago,13,Santiago,13101,10,2020-05-12
Metropolitana de Santiago,13,Santiago,13101,11,2020-05-13
Metropolitana de Santiago,13,Santiago,13101,13,2020-05-14
Metropolitana de Santiago,13,Santiago,13101,8,2020-05-15
Metropolitana de Santiago,13,Santiago,13101,14,2020-05-16
Metropolitana de Santiago,13,Santiago,13101,6,2020-05-17
Metropolitana de Santiago,13,Santiago,13101,19,2020-05-18
Metropolitana de Santiago,13,Santiago,13101,14,2020-05-19
Metropolitana de Santiago,13,Santiago,13101,12,2020-05-20
Metropolitana de Santiago,13,Santiago,13101,11,2020-05-21
Metropolitana de Santiago,13,Santiago,13101,12,2020-05-22
Metropolitana de Santiago,13,Santiago,13101,11,2020-05-23
Metropolitana de Santiago,13,Santiago,13101,11,2020-05-24
Metropolitana de Santiago,13,Santiago,13101,22,2020-05-25
Metropolitana de Santiago,13,Santiago,13101,20,2020-05-26
Metropolitana de Santiago,13,Santiago,13101,26,2020-05-27
Metropolitana de Santiago,13,Santiago,13101,31,2020-05-28
Metropolitana de Santiago,13,Santiago,13101,18,2020-05-29
Metropolitana de Santiago,13,Santiago,13101,22,2020-05-30
Metropolitana de Santiago,13,Santiago,13101,14,2020-05-31
Metropolitana de Santiago,13,Santiago,13101,26,2020-06-01
Metropolitana de Santiago,13,Santiago,13101,26,2020-06-02
Metropolitana de Santiago,13,Santiago,13101,21,2020-06-03
Metropolitana de Santiago,13,Santiago,13101,25,2020-06-04
Metropolitana de Santiago,13,Santiago,13101,33,2020-06-05
Metropolitana de Santiago,13,Santiago,13101,25,2020-06-06
Metropolitana de Santiago,13,Santiago,13101,20,2020-06-07
Metropolitana de Santiago,13,Santiago,13101,28,2020-06-08
Metropolitana de Santiago,13,Santiago,13101,26,2020-06-09
Metropolitana de Santiago,13,Santiago,13101,19,2020-06-10
Metropolitana de Santiago,13,Santiago,13101,20,2020-06-11
Metropolitana de Santiago,13,Santiago,13101,20,2020-06-12
Metropolitana de Santiago,13,Santiago,13101,15,2020-06-13
Metropolitana de Santiago,13,Santiago,13101,14,2020-06-14
Metropolitana de Santiago,13,Santiago,13101,25,2020-06-15
Metropolitana de Santiago,13,Santiago,13101,28,2020-06-16
Metropolitana de Santiago,13,Santiago,13101,32,2020-06-17
Metropolitana de Santiago,13,Santiago,13101,29,2020-06-18
Metropolitana de Santiago,13,Santiago,13101,19,2020-06-19
Metropolitana de Santiago,13,Santiago,13101,20,2020-06-20
Metropolitana de Santiago,13,Santiago,13101,16,2020-06-21
Metropolitana de Santiago,13,Santiago,13101,26,2020-06-22
Metropolitana de Santiago,13,Santiago,13101,23,2020-06-23
Metropolitana de Santiago,13,Santiago,13101,17,2020-06-24
Metropolitana de Santiago,13,Santiago,13101,21,2020-06-25
Metropolitana de Santiago,13,Santiago,13101,28,2020-06-26
Metropolitana de Santiago,13,Santiago,13101,16,2020-06-27
Metropolitana de Santiago,13,Santiago,13101,14,2020-06-28
Metropolitana de Santiago,13,Santiago,13101,18,2020-06-29
Metropolitana de Santiago,13,Santiago,13101,24,2020-06-30
Metropolitana de Santiago,13,Santiago,13101,13,2020-07-01
Metropolitana de Santiago,13,Santiago,13101,12,2020-07-02
Metropolitana de Santiago,13,Santiago,13101,13,2020-07-03
Metropolitana de Santiago,13,Santiago,13101,15,2020-07-04
Metropolitana de Santiago,13,Santiago,13101,10,2020-07-05
Metropolitana de Santiago,13,Santiago,13101,16,2020-07-06
Metropolitana de Santiago,13,Santiago,13101,17,2020-07-07
Metropolitana de Santiago,13,Santiago,13101,11,2020-07-08
Metropolitana de Santiago,13,Santiago,13101,21,2020-07-09
Metropolitana de Santiago,13,Santiago,13101,15,2020-07-10
Metropolitana de Santiago,13,Santiago,13101,13,2020-07-11
Metropolitana de Santiago,13,Santiago,13101,15,2020-07-12
Metropolitana de Santiago,13,Santiago,13101,12,2020-07-13
Metropolitana de Santiago,13,Santiago,13101,11,2020-07-14
Metropolitana de Santiago,13,Santiago,13101,7,2020-07-15
Metropolitana de Santiago,13,Santiago,13101,10,2020-07-16
Metropolitana de Santiago,13,Santiago,13101,20,2020-07-17
Metropolitana de Santiago,13,Santiago,13101,8,2020-07-18
Metropolitana de Santiago,13,Santiago,13101,5,2020-07-19
Metropolitana de Santiago,13,Santiago,13101,13,2020-07-20
Metropolitana de Santiago,13,Santiago,13101,7,2020-07-21
Metropolitana de Santiago,13,Santiago,13101,16,2020-07-22
Metropolitana de Santiago,13,Santiago,13101,13,2020-07-23
Metropolitana de Santiago,13,Santiago,13101,11,2020-07-24
Metropolitana de Santiago,13,Santiago,13101,8,2020-07-25
Metropolitana de Santiago,13,Santiago,13101,12,2020-07-26
Metropolitana de Santiago,13,Santiago,13101,10,2020-07-27
Metropolitana de Santiago,13,Santiago,13101,16,2020-07-28
Metropolitana de Santiago,13,Santiago,13101,16,2020-07-29
Metropolitana de Santiago,13,Santiago,13101,13,2020-07-30
Metropolitana de Santiago,13,Santiago,13101,9,2020-07-31
Metropolitana de Santiago,13,Santiago,13101,11,2020-08-01
Metropolitana de Santiago,13,Santiago,13101,5,2020-08-02
Metropolitana de Santiago,13,Santiago,13101,13,2020-08-03
Metropolitana de Santiago,13,Santiago,13101,14,2020-08-04
Metropolitana de Santiago,13,Santiago,13101,9,2020-08-05
Metropolitana de Santiago,13,Santiago,13101,9,2020-08-06
Metropolitana de Santiago,13,Santiago,13101,8,2020-08-07
Metropolitana de Santiago,13,Santiago,13101,9,2020-08-08
Metropolitana de Santiago,13,Santiago,13101,6,2020-08-09
Metropolitana de Santiago,13,Santiago,13101,14,2020-08-10
Metropolitana de Santiago,13,Santiago,13101,6,2020-08-11
Metropolitana de Santiago,13,Santiago,13101,9,2020-08-12
Metropolitana de Santiago,13,Santiago,13101,11,2020-08-13
Metropolitana de Santiago,13,Santiago,13101,10,2020-08-14
Metropolitana de Santiago,13,Santiago,13101,3,2020-08-15
Metropolitana de Santiago,13,Santiago,13101,7,2020-08-16
Metropolitana de Santiago,13,Santiago,13101,17,2020-08-17
Metropolitana de Santiago,13,Santiago,13101,14,2020-08-18
Metropolitana de Santiago,13,Santiago,13101,13,2020-08-19
Metropolitana de Santiago,13,Santiago,13101,8,2020-08-20
Metropolitana de Santiago,13,Santiago,13101,12,2020-08-21
Metropolitana de Santiago,13,Santiago,13101,12,2020-08-22
Metropolitana de Santiago,13,Santiago,13101,9,2020-08-23
Metropolitana de Santiago,13,Santiago,13101,12,2020-08-24
Metropolitana de Santiago,13,Santiago,13101,10,2020-08-25
Metropolitana de Santiago,13,Santiago,13101,12,2020-08-26
Metropolitana de Santiago,13,Santiago,13101,11,2020-08-27
Metropolitana de Santiago,13,Santiago,13101,10,2020-08-28
Metropolitana de Santiago,13,Santiago,13101,9,2020-08-29
Metropolitana de Santiago,13,Santiago,13101,7,2020-08-30
Metropolitana de Santiago,13,Santiago,13101,11,2020-08-31
Metropolitana de Santiago,13,Santiago,13101,10,2020-09-01
Metropolitana de Santiago,13,Santiago,13101,6,2020-09-02
Metropolitana de Santiago,13,Santiago,13101,12,2020-09-03
Metropolitana de Santiago,13,Santiago,13101,8,2020-09-04
Metropolitana de Santiago,13,Santiago,13101,12,2020-09-05
Metropolitana de Santiago,13,Santiago,13101,8,2020-09-06
Metropolitana de Santiago,13,Santiago,13101,5,2020-09-07
Metropolitana de Santiago,13,Santiago,13101,9,2020-09-08
Metropolitana de Santiago,13,Santiago,13101,8,2020-09-09
Metropolitana de Santiago,13,Santiago,13101,11,2020-09-10
Metropolitana de Santiago,13,Santiago,13101,8,2020-09-11
Metropolitana de Santiago,13,Santiago,13101,5,2020-09-12
Metropolitana de Santiago,13,Santiago,13101,5,2020-09-13
Metropolitana de Santiago,13,Santiago,13101,8,2020-09-14
Metropolitana de Santiago,13,Santiago,13101,7,2020-09-15
Metropolitana de Santiago,13,Santiago,13101,13,2020-09-16
Metropolitana de Santiago,13,Santiago,13101,4,2020-09-17
Metropolitana de Santiago,13,Santiago,13101,12,2020-09-18
Metropolitana de Santiago,13,Santiago,13101,6,2020-09-19
Metropolitana de Santiago,13,Santiago,13101,4,2020-09-20
Metropolitana de Santiago,13,Santiago,13101,6,2020-09-21
Metropolitana de Santiago,13,Santiago,13101,8,2020-09-22
Metropolitana de Santiago,13,Santiago,13101,11,2020-09-23
Metropolitana de Santiago,13,Santiago,13101,8,2020-09-24
Metropolitana de Santiago,13,Santiago,13101,5,2020-09-25
Metropolitana de Santiago,13,Santiago,13101,11,2020-09-26
Metropolitana de Santiago,13,Santiago,13101,7,2020-09-27
Metropolitana de Santiago,13,Santiago,13101,9,2020-09-28
Metropolitana de Santiago,13,Santiago,13101,10,2020-09-29
Metropolitana de Santiago,13,Santiago,13101,4,2020-09-30
Metropolitana de Santiago,13,Santiago,13101,5,2020-10-01
Metropolitana de Santiago,13,Santiago,13101,5,2020-10-02
Metropolitana de Santiago,13,Santiago,13101,7,2020-10-03
Metropolitana de Santiago,13,Santiago,13101,10,2020-10-04
Metropolitana de Santiago,13,Santiago,13101,11,2020-10-05
Metropolitana de Santiago,13,Santiago,13101,7,2020-10-06
Metropolitana de Santiago,13,Santiago,13101,11,2020-10-07
Metropolitana de Santiago,13,Santiago,13101,3,2020-10-08
Metropolitana de Santiago,13,Santiago,13101,7,2020-10-09
Metropolitana de Santiago,13,Santiago,13101,10,2020-10-10
Metropolitana de Santiago,13,Santiago,13101,9,2020-10-11
Metropolitana de Santiago,13,Santiago,13101,7,2020-10-12
Metropolitana de Santiago,13,Santiago,13101,7,2020-10-13
Metropolitana de Santiago,13,Santiago,13101,5,2020-10-14
Metropolitana de Santiago,13,Santiago,13101,5,2020-10-15
Metropolitana de Santiago,13,Santiago,13101,8,2020-10-16
Metropolitana de Santiago,13,Santiago,13101,3,2020-10-17
Metropolitana de Santiago,13,Santiago,13101,4,2020-10-18
Metropolitana de Santiago,13,Santiago,13101,9,2020-10-19
Metropolitana de Santiago,13,Santiago,13101,11,2020-10-20
Metropolitana de Santiago,13,Santiago,13101,12,2020-10-21
Metropolitana de Santiago,13,Santiago,13101,6,2020-10-22
Metropolitana de Santiago,13,Santiago,13101,8,2020-10-23
Metropolitana de Santiago,13,Santiago,13101,9,2020-10-24
Metropolitana de Santiago,13,Santiago,13101,4,2020-10-25
Metropolitana de Santiago,13,Santiago,13101,8,2020-10-26
Metropolitana de Santiago,13,Santiago,13101,8,2020-10-27
Metropolitana de Santiago,13,Santiago,13101,11,2020-10-28
Metropolitana de Santiago,13,Santiago,13101,9,2020-10-29
Metropolitana de Santiago,13,Santiago,13101,8,2020-10-30
Metropolitana de Santiago,13,Santiago,13101,7,2020-10-31
Metropolitana de Santiago,13,Santiago,13101,8,2020-11-01
Metropolitana de Santiago,13,Santiago,13101,5,2020-11-02
Metropolitana de Santiago,13,Santiago,13101,7,2020-11-03
Metropolitana de Santiago,13,Santiago,13101,7,2020-11-04
Metropolitana de Santiago,13,Santiago,13101,7,2020-11-05
Metropolitana de Santiago,13,Santiago,13101,8,2020-11-06
Metropolitana de Santiago,13,Santiago,13101,9,2020-11-07
Metropolitana de Santiago,13,Santiago,13101,9,2020-11-08
Metropolitana de Santiago,13,Santiago,13101,10,2020-11-09
Metropolitana de Santiago,13,Santiago,13101,4,2020-11-10
Metropolitana de Santiago,13,Santiago,13101,11,2020-11-11
Metropolitana de Santiago,13,Santiago,13101,7,2020-11-12
Metropolitana de Santiago,13,Santiago,13101,9,2020-11-13
Metropolitana de Santiago,13,Santiago,13101,6,2020-11-14
Metropolitana de Santiago,13,Santiago,13101,5,2020-11-15
Metropolitana de Santiago,13,Santiago,13101,8,2020-11-16
Metropolitana de Santiago,13,Santiago,13101,11,2020-11-17
Metropolitana de Santiago,13,Santiago,13101,5,2020-11-18
Metropolitana de Santiago,13,Santiago,13101,14,2020-11-19
Metropolitana de Santiago,13,Santiago,13101,3,2020-11-20
Metropolitana de Santiago,13,Santiago,13101,8,2020-11-21
Metropolitana de Santiago,13,Santiago,13101,4,2020-11-22
Metropolitana de Santiago,13,Santiago,13101,14,2020-11-23
Metropolitana de Santiago,13,Santiago,13101,7,2020-11-24
Metropolitana de Santiago,13,Santiago,13101,7,2020-11-25
Metropolitana de Santiago,13,Santiago,13101,7,2020-11-26
Metropolitana de Santiago,13,Santiago,13101,7,2020-11-27
Metropolitana de Santiago,13,Santiago,13101,8,2020-11-28
Metropolitana de Santiago,13,Santiago,13101,2,2020-11-29
Metropolitana de Santiago,13,Santiago,13101,8,2020-11-30
Metropolitana de Santiago,13,Santiago,13101,10,2020-12-01
Metropolitana de Santiago,13,Santiago,13101,10,2020-12-02
Metropolitana de Santiago,13,Santiago,13101,8,2020-12-03
Metropolitana de Santiago,13,Santiago,13101,4,2020-12-04
Metropolitana de Santiago,13,Santiago,13101,8,2020-12-05
Metropolitana de Santiago,13,Santiago,13101,8,2020-12-06
Metropolitana de Santiago,13,Santiago,13101,8,2020-12-07
Metropolitana de Santiago,13,Santiago,13101,3,2020-12-08
Metropolitana de Santiago,13,Santiago,13101,12,2020-12-09
Metropolitana de Santiago,13,Santiago,13101,13,2020-12-10
Metropolitana de Santiago,13,Santiago,13101,10,2020-12-11
Metropolitana de Santiago,13,Santiago,13101,6,2020-12-12
Metropolitana de Santiago,13,Santiago,13101,8,2020-12-13
Metropolitana de Santiago,13,Santiago,13101,7,2020-12-14
Metropolitana de Santiago,13,Santiago,13101,8,2020-12-15
Metropolitana de Santiago,13,Santiago,13101,13,2020-12-16
Metropolitana de Santiago,13,Santiago,13101,14,2020-12-17
Metropolitana de Santiago,13,Santiago,13101,9,2020-12-18
Metropolitana de Santiago,13,Santiago,13101,6,2020-12-19
Metropolitana de Santiago,13,Santiago,13101,3,2020-12-20
Metropolitana de Santiago,13,Santiago,13101,10,2020-12-21
Metropolitana de Santiago,13,Santiago,13101,12,2020-12-22
Metropolitana de Santiago,13,Santiago,13101,6,2020-12-23
Metropolitana de Santiago,13,Santiago,13101,9,2020-12-24
Metropolitana de Santiago,13,Santiago,13101,1,2020-12-25
Metropolitana de Santiago,13,Santiago,13101,14,2020-12-26
Metropolitana de Santiago,13,Santiago,13101,7,2020-12-27
Metropolitana de Santiago,13,Santiago,13101,5,2020-12-28
Metropolitana de Santiago,13,Santiago,13101,2,2020-12-29
Metropolitana de Santiago,13,Santiago,13101,5,2020-12-30
Metropolitana de Santiago,13,Santiago,13101,6,2020-12-31
Metropolitana de Santiago,13,Santiago,13101,1,2021-01-01
Metropolitana de Santiago,13,Santiago,13101,12,2021-01-02
Metropolitana de Santiago,13,Santiago,13101,10,2021-01-03
Metropolitana de Santiago,13,Santiago,13101,9,2021-01-04
Metropolitana de Santiago,13,Santiago,13101,12,2021-01-05
Metropolitana de Santiago,13,Santiago,13101,8,2021-01-06
Metropolitana de Santiago,13,Santiago,13101,2,2021-01-07
Metropolitana de Santiago,13,Santiago,13101,9,2021-01-08
Metropolitana de Santiago,13,Santiago,13101,6,2021-01-09
Metropolitana de Santiago,13,Santiago,13101,10,2021-01-10
Metropolitana de Santiago,13,Santiago,13101,12,2021-01-11
Metropolitana de Santiago,13,Santiago,13101,9,2021-01-12
Metropolitana de Santiago,13,Santiago,13101,10,2021-01-13
Metropolitana de Santiago,13,Santiago,13101,8,2021-01-14
Metropolitana de Santiago,13,Cerrillos,13102,2,2020-01-02
Metropolitana de Santiago,13,Cerrillos,13102,1,2020-01-04
Metropolitana de Santiago,13,Cerrillos,13102,1,2020-01-06
Metropolitana de Santiago,13,Cerrillos,13102,3,2020-01-07
Metropolitana de Santiago,13,Cerrillos,13102,2,2020-01-08
Metropolitana de Santiago,13,Cerrillos,13102,2,2020-01-10
Metropolitana de Santiago,13,Cerrillos,13102,1,2020-01-15
Metropolitana de Santiago,13,Cerrillos,13102,1,2020-01-16
Metropolitana de Santiago,13,Cerrillos,13102,1,2020-01-17
Metropolitana de Santiago,13,Cerrillos,13102,1,2020-01-18
Metropolitana de Santiago,13,Cerrillos,13102,1,2020-01-19
Metropolitana de Santiago,13,Cerrillos,13102,1,2020-01-21
Metropolitana de Santiago,13,Cerrillos,13102,1,2020-01-22
Metropolitana de Santiago,13,Cerrillos,13102,1,2020-01-24
Metropolitana de Santiago,13,Cerrillos,13102,1,2020-01-25
Metropolitana de Santiago,13,Cerrillos,13102,1,2020-01-27
Metropolitana de Santiago,13,Cerrillos,13102,3,2020-01-29
Metropolitana de Santiago,13,Cerrillos,13102,1,2020-02-01
Metropolitana de Santiago,13,Cerrillos,13102,3,2020-02-04
Metropolitana de Santiago,13,Cerrillos,13102,1,2020-02-07
Metropolitana de Santiago,13,Cerrillos,13102,2,2020-02-09
Metropolitana de Santiago,13,Cerrillos,13102,1,2020-02-10
Metropolitana de Santiago,13,Cerrillos,13102,1,2020-02-11
Metropolitana de Santiago,13,Cerrillos,13102,1,2020-02-14
Metropolitana de Santiago,13,Cerrillos,13102,2,2020-02-21
Metropolitana de Santiago,13,Cerrillos,13102,1,2020-02-26
Metropolitana de Santiago,13,Cerrillos,13102,1,2020-03-02
Metropolitana de Santiago,13,Cerrillos,13102,2,2020-03-03
Metropolitana de Santiago,13,Cerrillos,13102,1,2020-03-05
Metropolitana de Santiago,13,Cerrillos,13102,1,2020-03-06
Metropolitana de Santiago,13,Cerrillos,13102,1,2020-03-08
Metropolitana de Santiago,13,Cerrillos,13102,1,2020-03-11
Metropolitana de Santiago,13,Cerrillos,13102,1,2020-03-12
Metropolitana de Santiago,13,Cerrillos,13102,1,2020-03-14
Metropolitana de Santiago,13,Cerrillos,13102,1,2020-03-15
Metropolitana de Santiago,13,Cerrillos,13102,1,2020-03-16
Metropolitana de Santiago,13,Cerrillos,13102,1,2020-03-17
Metropolitana de Santiago,13,Cerrillos,13102,1,2020-03-18
Metropolitana de Santiago,13,Cerrillos,13102,1,2020-03-21
Metropolitana de Santiago,13,Cerrillos,13102,1,2020-03-27
Metropolitana de Santiago,13,Cerrillos,13102,1,2020-03-30
Metropolitana de Santiago,13,Cerrillos,13102,1,2020-04-02
Metropolitana de Santiago,13,Cerrillos,13102,1,2020-04-04
Metropolitana de Santiago,13,Cerrillos,13102,1,2020-04-06
Metropolitana de Santiago,13,Cerrillos,13102,1,2020-04-08
Metropolitana de Santiago,13,Cerrillos,13102,1,2020-04-10
Metropolitana de Santiago,13,Cerrillos,13102,1,2020-04-16
Metropolitana de Santiago,13,Cerrillos,13102,1,2020-04-20
Metropolitana de Santiago,13,Cerrillos,13102,1,2020-04-21
Metropolitana de Santiago,13,Cerrillos,13102,1,2020-04-22
Metropolitana de Santiago,13,Cerrillos,13102,1,2020-04-24
Metropolitana de Santiago,13,Cerrillos,13102,1,2020-04-25
Metropolitana de Santiago,13,Cerrillos,13102,1,2020-04-29
Metropolitana de Santiago,13,Cerrillos,13102,2,2020-05-02
Metropolitana de Santiago,13,Cerrillos,13102,3,2020-05-03
Metropolitana de Santiago,13,Cerrillos,13102,1,2020-05-04
Metropolitana de Santiago,13,Cerrillos,13102,2,2020-05-06
Metropolitana de Santiago,13,Cerrillos,13102,2,2020-05-08
Metropolitana de Santiago,13,Cerrillos,13102,1,2020-05-10
Metropolitana de Santiago,13,Cerrillos,13102,3,2020-05-17
Metropolitana de Santiago,13,Cerrillos,13102,1,2020-05-18
Metropolitana de Santiago,13,Cerrillos,13102,1,2020-05-19
Metropolitana de Santiago,13,Cerrillos,13102,1,2020-05-21
Metropolitana de Santiago,13,Cerrillos,13102,1,2020-05-22
Metropolitana de Santiago,13,Cerrillos,13102,2,2020-05-23
Metropolitana de Santiago,13,Cerrillos,13102,1,2020-05-24
Metropolitana de Santiago,13,Cerrillos,13102,1,2020-05-29
Metropolitana de Santiago,13,Cerrillos,13102,1,2020-05-30
Metropolitana de Santiago,13,Cerrillos,13102,1,2020-05-31
Metropolitana de Santiago,13,Cerrillos,13102,2,2020-06-01
Metropolitana de Santiago,13,Cerrillos,13102,2,2020-06-04
Metropolitana de Santiago,13,Cerrillos,13102,1,2020-06-08
Metropolitana de Santiago,13,Cerrillos,13102,1,2020-06-09
Metropolitana de Santiago,13,Cerrillos,13102,1,2020-06-10
Metropolitana de Santiago,13,Cerrillos,13102,2,2020-06-11
Metropolitana de Santiago,13,Cerrillos,13102,3,2020-06-13
Metropolitana de Santiago,13,Cerrillos,13102,1,2020-06-14
Metropolitana de Santiago,13,Cerrillos,13102,4,2020-06-15
Metropolitana de Santiago,13,Cerrillos,13102,2,2020-06-16
Metropolitana de Santiago,13,Cerrillos,13102,2,2020-06-17
Metropolitana de Santiago,13,Cerrillos,13102,1,2020-06-18
Metropolitana de Santiago,13,Cerrillos,13102,3,2020-06-19
Metropolitana de Santiago,13,Cerrillos,13102,1,2020-06-21
Metropolitana de Santiago,13,Cerrillos,13102,1,2020-06-22
Metropolitana de Santiago,13,Cerrillos,13102,1,2020-06-23
Metropolitana de Santiago,13,Cerrillos,13102,1,2020-06-24
Metropolitana de Santiago,13,Cerrillos,13102,2,2020-06-25
Metropolitana de Santiago,13,Cerrillos,13102,2,2020-06-27
Metropolitana de Santiago,13,Cerrillos,13102,1,2020-06-28
Metropolitana de Santiago,13,Cerrillos,13102,1,2020-06-30
Metropolitana de Santiago,13,Cerrillos,13102,2,2020-07-06
Metropolitana de Santiago,13,Cerrillos,13102,1,2020-07-07
Metropolitana de Santiago,13,Cerrillos,13102,3,2020-07-08
Metropolitana de Santiago,13,Cerrillos,13102,1,2020-07-09
Metropolitana de Santiago,13,Cerrillos,13102,1,2020-07-10
Metropolitana de Santiago,13,Cerrillos,13102,2,2020-07-12
Metropolitana de Santiago,13,Cerrillos,13102,1,2020-07-14
Metropolitana de Santiago,13,Cerrillos,13102,3,2020-07-15
Metropolitana de Santiago,13,Cerrillos,13102,2,2020-07-23
Metropolitana de Santiago,13,Cerrillos,13102,1,2020-07-24
Metropolitana de Santiago,13,Cerrillos,13102,1,2020-07-26
Metropolitana de Santiago,13,Cerrillos,13102,1,2020-07-28
Metropolitana de Santiago,13,Cerrillos,13102,1,2020-07-29
Metropolitana de Santiago,13,Cerrillos,13102,2,2020-07-30
Metropolitana de Santiago,13,Cerrillos,13102,2,2020-07-31
Metropolitana de Santiago,13,Cerrillos,13102,1,2020-08-01
Metropolitana de Santiago,13,Cerrillos,13102,2,2020-08-03
Metropolitana de Santiago,13,Cerrillos,13102,1,2020-08-04
Metropolitana de Santiago,13,Cerrillos,13102,1,2020-08-06
Metropolitana de Santiago,13,Cerrillos,13102,1,2020-08-07
Metropolitana de Santiago,13,Cerrillos,13102,3,2020-08-08
Metropolitana de Santiago,13,Cerrillos,13102,1,2020-08-09
Metropolitana de Santiago,13,Cerrillos,13102,2,2020-08-10
Metropolitana de Santiago,13,Cerrillos,13102,1,2020-08-13
Metropolitana de Santiago,13,Cerrillos,13102,1,2020-08-16
Metropolitana de Santiago,13,Cerrillos,13102,1,2020-08-19
Metropolitana de Santiago,13,Cerrillos,13102,1,2020-08-22
Metropolitana de Santiago,13,Cerrillos,13102,1,2020-08-23
Metropolitana de Santiago,13,Cerrillos,13102,1,2020-08-27
Metropolitana de Santiago,13,Cerrillos,13102,1,2020-08-28
Metropolitana de Santiago,13,Cerrillos,13102,1,2020-08-29
Metropolitana de Santiago,13,Cerrillos,13102,1,2020-08-30
Metropolitana de Santiago,13,Cerrillos,13102,2,2020-08-31
Metropolitana de Santiago,13,Cerrillos,13102,1,2020-09-04
Metropolitana de Santiago,13,Cerrillos,13102,1,2020-09-05
Metropolitana de Santiago,13,Cerrillos,13102,2,2020-09-06
Metropolitana de Santiago,13,Cerrillos,13102,1,2020-09-09
Metropolitana de Santiago,13,Cerrillos,13102,2,2020-09-10
Metropolitana de Santiago,13,Cerrillos,13102,2,2020-09-12
Metropolitana de Santiago,13,Cerrillos,13102,1,2020-09-13
Metropolitana de Santiago,13,Cerrillos,13102,1,2020-09-14
Metropolitana de Santiago,13,Cerrillos,13102,1,2020-09-18
Metropolitana de Santiago,13,Cerrillos,13102,1,2020-09-20
Metropolitana de Santiago,13,Cerrillos,13102,1,2020-09-21
Metropolitana de Santiago,13,Cerrillos,13102,1,2020-09-29
Metropolitana de Santiago,13,Cerrillos,13102,2,2020-10-01
Metropolitana de Santiago,13,Cerrillos,13102,2,2020-10-06
Metropolitana de Santiago,13,Cerrillos,13102,1,2020-10-07
Metropolitana de Santiago,13,Cerrillos,13102,1,2020-10-08
Metropolitana de Santiago,13,Cerrillos,13102,1,2020-10-09
Metropolitana de Santiago,13,Cerrillos,13102,1,2020-10-11
Metropolitana de Santiago,13,Cerrillos,13102,2,2020-10-12
Metropolitana de Santiago,13,Cerrillos,13102,1,2020-10-13
Metropolitana de Santiago,13,Cerrillos,13102,1,2020-10-15
Metropolitana de Santiago,13,Cerrillos,13102,2,2020-10-16
Metropolitana de Santiago,13,Cerrillos,13102,1,2020-10-18
Metropolitana de Santiago,13,Cerrillos,13102,1,2020-10-20
Metropolitana de Santiago,13,Cerrillos,13102,1,2020-10-21
Metropolitana de Santiago,13,Cerrillos,13102,1,2020-10-25
Metropolitana de Santiago,13,Cerrillos,13102,2,2020-10-31
Metropolitana de Santiago,13,Cerrillos,13102,1,2020-11-01
Metropolitana de Santiago,13,Cerrillos,13102,1,2020-11-03
Metropolitana de Santiago,13,Cerrillos,13102,1,2020-11-05
Metropolitana de Santiago,13,Cerrillos,13102,1,2020-11-07
Metropolitana de Santiago,13,Cerrillos,13102,2,2020-11-08
Metropolitana de Santiago,13,Cerrillos,13102,1,2020-11-11
Metropolitana de Santiago,13,Cerrillos,13102,2,2020-11-13
Metropolitana de Santiago,13,Cerrillos,13102,1,2020-11-14
Metropolitana de Santiago,13,Cerrillos,13102,1,2020-11-15
Metropolitana de Santiago,13,Cerrillos,13102,1,2020-11-16
Metropolitana de Santiago,13,Cerrillos,13102,1,2020-11-17
Metropolitana de Santiago,13,Cerrillos,13102,1,2020-11-19
Metropolitana de Santiago,13,Cerrillos,13102,1,2020-11-20
Metropolitana de Santiago,13,Cerrillos,13102,1,2020-11-25
Metropolitana de Santiago,13,Cerrillos,13102,1,2020-12-03
Metropolitana de Santiago,13,Cerrillos,13102,1,2020-12-05
Metropolitana de Santiago,13,Cerrillos,13102,1,2020-12-08
Metropolitana de Santiago,13,Cerrillos,13102,1,2020-12-11
Metropolitana de Santiago,13,Cerrillos,13102,1,2020-12-13
Metropolitana de Santiago,13,Cerrillos,13102,1,2020-12-14
Metropolitana de Santiago,13,Cerrillos,13102,1,2020-12-17
Metropolitana de Santiago,13,Cerrillos,13102,1,2020-12-18
Metropolitana de Santiago,13,Cerrillos,13102,1,2020-12-19
Metropolitana de Santiago,13,Cerrillos,13102,3,2020-12-20
Metropolitana de Santiago,13,Cerrillos,13102,1,2020-12-22
Metropolitana de Santiago,13,Cerrillos,13102,1,2020-12-23
Metropolitana de Santiago,13,Cerrillos,13102,1,2020-12-26
Metropolitana de Santiago,13,Cerrillos,13102,1,2020-12-28
Metropolitana de Santiago,13,Cerrillos,13102,1,2020-12-29
Metropolitana de Santiago,13,Cerrillos,13102,1,2021-01-02
Metropolitana de Santiago,13,Cerrillos,13102,1,2021-01-04
Metropolitana de Santiago,13,Cerrillos,13102,1,2021-01-08
Metropolitana de Santiago,13,Cerrillos,13102,1,2021-01-12
Metropolitana de Santiago,13,Cerro Navia,13103,2,2020-01-02
Metropolitana de Santiago,13,Cerro Navia,13103,1,2020-01-06
Metropolitana de Santiago,13,Cerro Navia,13103,1,2020-01-07
Metropolitana de Santiago,13,Cerro Navia,13103,2,2020-01-08
Metropolitana de Santiago,13,Cerro Navia,13103,1,2020-01-10
Metropolitana de Santiago,13,Cerro Navia,13103,2,2020-01-11
Metropolitana de Santiago,13,Cerro Navia,13103,1,2020-01-12
Metropolitana de Santiago,13,Cerro Navia,13103,1,2020-01-13
Metropolitana de Santiago,13,Cerro Navia,13103,5,2020-01-15
Metropolitana de Santiago,13,Cerro Navia,13103,1,2020-01-18
Metropolitana de Santiago,13,Cerro Navia,13103,2,2020-01-19
Metropolitana de Santiago,13,Cerro Navia,13103,3,2020-01-20
Metropolitana de Santiago,13,Cerro Navia,13103,2,2020-01-21
Metropolitana de Santiago,13,Cerro Navia,13103,1,2020-01-25
Metropolitana de Santiago,13,Cerro Navia,13103,1,2020-01-26
Metropolitana de Santiago,13,Cerro Navia,13103,1,2020-01-27
Metropolitana de Santiago,13,Cerro Navia,13103,1,2020-01-28
Metropolitana de Santiago,13,Cerro Navia,13103,1,2020-01-29
Metropolitana de Santiago,13,Cerro Navia,13103,2,2020-01-30
Metropolitana de Santiago,13,Cerro Navia,13103,3,2020-01-31
Metropolitana de Santiago,13,Cerro Navia,13103,1,2020-02-01
Metropolitana de Santiago,13,Cerro Navia,13103,1,2020-02-03
Metropolitana de Santiago,13,Cerro Navia,13103,1,2020-02-04
Metropolitana de Santiago,13,Cerro Navia,13103,3,2020-02-05
Metropolitana de Santiago,13,Cerro Navia,13103,1,2020-02-06
Metropolitana de Santiago,13,Cerro Navia,13103,1,2020-02-07
Metropolitana de Santiago,13,Cerro Navia,13103,1,2020-02-08
Metropolitana de Santiago,13,Cerro Navia,13103,1,2020-02-11
Metropolitana de Santiago,13,Cerro Navia,13103,1,2020-02-13
Metropolitana de Santiago,13,Cerro Navia,13103,1,2020-02-14
Metropolitana de Santiago,13,Cerro Navia,13103,1,2020-02-15
Metropolitana de Santiago,13,Cerro Navia,13103,1,2020-02-17
Metropolitana de Santiago,13,Cerro Navia,13103,1,2020-02-20
Metropolitana de Santiago,13,Cerro Navia,13103,2,2020-02-22
Metropolitana de Santiago,13,Cerro Navia,13103,1,2020-02-23
Metropolitana de Santiago,13,Cerro Navia,13103,1,2020-02-24
Metropolitana de Santiago,13,Cerro Navia,13103,2,2020-02-25
Metropolitana de Santiago,13,Cerro Navia,13103,1,2020-02-26
Metropolitana de Santiago,13,Cerro Navia,13103,1,2020-03-02
Metropolitana de Santiago,13,Cerro Navia,13103,3,2020-03-03
Metropolitana de Santiago,13,Cerro Navia,13103,2,2020-03-04
Metropolitana de Santiago,13,Cerro Navia,13103,2,2020-03-05
Metropolitana de Santiago,13,Cerro Navia,13103,2,2020-03-06
Metropolitana de Santiago,13,Cerro Navia,13103,4,2020-03-07
Metropolitana de Santiago,13,Cerro Navia,13103,2,2020-03-09
Metropolitana de Santiago,13,Cerro Navia,13103,2,2020-03-12
Metropolitana de Santiago,13,Cerro Navia,13103,2,2020-03-13
Metropolitana de Santiago,13,Cerro Navia,13103,3,2020-03-14
Metropolitana de Santiago,13,Cerro Navia,13103,1,2020-03-15
Metropolitana de Santiago,13,Cerro Navia,13103,3,2020-03-16
Metropolitana de Santiago,13,Cerro Navia,13103,1,2020-03-17
Metropolitana de Santiago,13,Cerro Navia,13103,2,2020-03-18
Metropolitana de Santiago,13,Cerro Navia,13103,2,2020-03-19
Metropolitana de Santiago,13,Cerro Navia,13103,2,2020-03-20
Metropolitana de Santiago,13,Cerro Navia,13103,1,2020-03-23
Metropolitana de Santiago,13,Cerro Navia,13103,2,2020-03-24
Metropolitana de Santiago,13,Cerro Navia,13103,1,2020-03-25
Metropolitana de Santiago,13,Cerro Navia,13103,1,2020-03-26
Metropolitana de Santiago,13,Cerro Navia,13103,2,2020-03-27
Metropolitana de Santiago,13,Cerro Navia,13103,1,2020-03-28
Metropolitana de Santiago,13,Cerro Navia,13103,2,2020-03-29
Metropolitana de Santiago,13,Cerro Navia,13103,2,2020-03-30
Metropolitana de Santiago,13,Cerro Navia,13103,3,2020-03-31
Metropolitana de Santiago,13,Cerro Navia,13103,1,2020-04-01
Metropolitana de Santiago,13,Cerro Navia,13103,1,2020-04-02
Metropolitana de Santiago,13,Cerro Navia,13103,1,2020-04-03
Metropolitana de Santiago,13,Cerro Navia,13103,2,2020-04-04
Metropolitana de Santiago,13,Cerro Navia,13103,2,2020-04-05
Metropolitana de Santiago,13,Cerro Navia,13103,1,2020-04-06
Metropolitana de Santiago,13,Cerro Navia,13103,1,2020-04-07
Metropolitana de Santiago,13,Cerro Navia,13103,3,2020-04-10
Metropolitana de Santiago,13,Cerro Navia,13103,1,2020-04-11
Metropolitana de Santiago,13,Cerro Navia,13103,2,2020-04-12
Metropolitana de Santiago,13,Cerro Navia,13103,3,2020-04-13
Metropolitana de Santiago,13,Cerro Navia,13103,1,2020-04-14
Metropolitana de Santiago,13,Cerro Navia,13103,1,2020-04-15
Metropolitana de Santiago,13,Cerro Navia,13103,2,2020-04-16
Metropolitana de Santiago,13,Cerro Navia,13103,1,2020-04-18
Metropolitana de Santiago,13,Cerro Navia,13103,2,2020-04-20
Metropolitana de Santiago,13,Cerro Navia,13103,1,2020-04-21
Metropolitana de Santiago,13,Cerro Navia,13103,1,2020-04-23
Metropolitana de Santiago,13,Cerro Navia,13103,5,2020-04-24
Metropolitana de Santiago,13,Cerro Navia,13103,3,2020-04-25
Metropolitana de Santiago,13,Cerro Navia,13103,1,2020-04-26
Metropolitana de Santiago,13,Cerro Navia,13103,2,2020-04-27
Metropolitana de Santiago,13,Cerro Navia,13103,1,2020-04-28
Metropolitana de Santiago,13,Cerro Navia,13103,2,2020-04-29
Metropolitana de Santiago,13,Cerro Navia,13103,1,2020-04-30
Metropolitana de Santiago,13,Cerro Navia,13103,4,2020-05-02
Metropolitana de Santiago,13,Cerro Navia,13103,3,2020-05-03
Metropolitana de Santiago,13,Cerro Navia,13103,4,2020-05-04
Metropolitana de Santiago,13,Cerro Navia,13103,2,2020-05-05
Metropolitana de Santiago,13,Cerro Navia,13103,3,2020-05-06
Metropolitana de Santiago,13,Cerro Navia,13103,2,2020-05-07
Metropolitana de Santiago,13,Cerro Navia,13103,5,2020-05-08
Metropolitana de Santiago,13,Cerro Navia,13103,3,2020-05-09
Metropolitana de Santiago,13,Cerro Navia,13103,3,2020-05-10
Metropolitana de Santiago,13,Cerro Navia,13103,7,2020-05-11
Metropolitana de Santiago,13,Cerro Navia,13103,5,2020-05-12
Metropolitana de Santiago,13,Cerro Navia,13103,1,2020-05-13
Metropolitana de Santiago,13,Cerro Navia,13103,5,2020-05-14
Metropolitana de Santiago,13,Cerro Navia,13103,2,2020-05-15
Metropolitana de Santiago,13,Cerro Navia,13103,2,2020-05-16
Metropolitana de Santiago,13,Cerro Navia,13103,9,2020-05-17
Metropolitana de Santiago,13,Cerro Navia,13103,5,2020-05-18
Metropolitana de Santiago,13,Cerro Navia,13103,5,2020-05-19
Metropolitana de Santiago,13,Cerro Navia,13103,6,2020-05-20
Metropolitana de Santiago,13,Cerro Navia,13103,6,2020-05-21
Metropolitana de Santiago,13,Cerro Navia,13103,16,2020-05-22
Metropolitana de Santiago,13,Cerro Navia,13103,15,2020-05-23
Metropolitana de Santiago,13,Cerro Navia,13103,10,2020-05-24
Metropolitana de Santiago,13,Cerro Navia,13103,22,2020-05-25
Metropolitana de Santiago,13,Cerro Navia,13103,12,2020-05-26
Metropolitana de Santiago,13,Cerro Navia,13103,14,2020-05-27
Metropolitana de Santiago,13,Cerro Navia,13103,12,2020-05-28
Metropolitana de Santiago,13,Cerro Navia,13103,12,2020-05-29
Metropolitana de Santiago,13,Cerro Navia,13103,14,2020-05-30
Metropolitana de Santiago,13,Cerro Navia,13103,10,2020-05-31
Metropolitana de Santiago,13,Cerro Navia,13103,22,2020-06-01
Metropolitana de Santiago,13,Cerro Navia,13103,18,2020-06-02
Metropolitana de Santiago,13,Cerro Navia,13103,18,2020-06-03
Metropolitana de Santiago,13,Cerro Navia,13103,13,2020-06-04
Metropolitana de Santiago,13,Cerro Navia,13103,12,2020-06-05
Metropolitana de Santiago,13,Cerro Navia,13103,16,2020-06-06
Metropolitana de Santiago,13,Cerro Navia,13103,17,2020-06-07
Metropolitana de Santiago,13,Cerro Navia,13103,18,2020-06-08
Metropolitana de Santiago,13,Cerro Navia,13103,16,2020-06-09
Metropolitana de Santiago,13,Cerro Navia,13103,17,2020-06-10
Metropolitana de Santiago,13,Cerro Navia,13103,16,2020-06-11
Metropolitana de Santiago,13,Cerro Navia,13103,20,2020-06-12
Metropolitana de Santiago,13,Cerro Navia,13103,9,2020-06-13
Metropolitana de Santiago,13,Cerro Navia,13103,8,2020-06-14
Metropolitana de Santiago,13,Cerro Navia,13103,19,2020-06-15
Metropolitana de Santiago,13,Cerro Navia,13103,14,2020-06-16
Metropolitana de Santiago,13,Cerro Navia,13103,18,2020-06-17
Metropolitana de Santiago,13,Cerro Navia,13103,15,2020-06-18
Metropolitana de Santiago,13,Cerro Navia,13103,10,2020-06-19
Metropolitana de Santiago,13,Cerro Navia,13103,14,2020-06-20
Metropolitana de Santiago,13,Cerro Navia,13103,5,2020-06-21
Metropolitana de Santiago,13,Cerro Navia,13103,14,2020-06-22
Metropolitana de Santiago,13,Cerro Navia,13103,9,2020-06-23
Metropolitana de Santiago,13,Cerro Navia,13103,15,2020-06-24
Metropolitana de Santiago,13,Cerro Navia,13103,13,2020-06-25
Metropolitana de Santiago,13,Cerro Navia,13103,12,2020-06-26
Metropolitana de Santiago,13,Cerro Navia,13103,5,2020-06-27
Metropolitana de Santiago,13,Cerro Navia,13103,15,2020-06-28
Metropolitana de Santiago,13,Cerro Navia,13103,7,2020-06-29
Metropolitana de Santiago,13,Cerro Navia,13103,9,2020-06-30
Metropolitana de Santiago,13,Cerro Navia,13103,13,2020-07-01
Metropolitana de Santiago,13,Cerro Navia,13103,15,2020-07-02
Metropolitana de Santiago,13,Cerro Navia,13103,12,2020-07-03
Metropolitana de Santiago,13,Cerro Navia,13103,8,2020-07-04
Metropolitana de Santiago,13,Cerro Navia,13103,4,2020-07-05
Metropolitana de Santiago,13,Cerro Navia,13103,8,2020-07-06
Metropolitana de Santiago,13,Cerro Navia,13103,6,2020-07-07
Metropolitana de Santiago,13,Cerro Navia,13103,8,2020-07-08
Metropolitana de Santiago,13,Cerro Navia,13103,2,2020-07-09
Metropolitana de Santiago,13,Cerro Navia,13103,14,2020-07-10
Metropolitana de Santiago,13,Cerro Navia,13103,1,2020-07-11
Metropolitana de Santiago,13,Cerro Navia,13103,4,2020-07-12
Metropolitana de Santiago,13,Cerro Navia,13103,3,2020-07-13
Metropolitana de Santiago,13,Cerro Navia,13103,13,2020-07-14
Metropolitana de Santiago,13,Cerro Navia,13103,9,2020-07-15
Metropolitana de Santiago,13,Cerro Navia,13103,6,2020-07-16
Metropolitana de Santiago,13,Cerro Navia,13103,7,2020-07-17
Metropolitana de Santiago,13,Cerro Navia,13103,8,2020-07-18
Metropolitana de Santiago,13,Cerro Navia,13103,6,2020-07-19
Metropolitana de Santiago,13,Cerro Navia,13103,13,2020-07-20
Metropolitana de Santiago,13,Cerro Navia,13103,6,2020-07-21
Metropolitana de Santiago,13,Cerro Navia,13103,3,2020-07-22
Metropolitana de Santiago,13,Cerro Navia,13103,9,2020-07-23
Metropolitana de Santiago,13,Cerro Navia,13103,11,2020-07-24
Metropolitana de Santiago,13,Cerro Navia,13103,7,2020-07-25
Metropolitana de Santiago,13,Cerro Navia,13103,6,2020-07-26
Metropolitana de Santiago,13,Cerro Navia,13103,8,2020-07-27
Metropolitana de Santiago,13,Cerro Navia,13103,10,2020-07-28
Metropolitana de Santiago,13,Cerro Navia,13103,7,2020-07-29
Metropolitana de Santiago,13,Cerro Navia,13103,9,2020-07-30
Metropolitana de Santiago,13,Cerro Navia,13103,5,2020-07-31
Metropolitana de Santiago,13,Cerro Navia,13103,5,2020-08-01
Metropolitana de Santiago,13,Cerro Navia,13103,11,2020-08-02
Metropolitana de Santiago,13,Cerro Navia,13103,5,2020-08-03
Metropolitana de Santiago,13,Cerro Navia,13103,8,2020-08-04
Metropolitana de Santiago,13,Cerro Navia,13103,4,2020-08-05
Metropolitana de Santiago,13,Cerro Navia,13103,7,2020-08-06
Metropolitana de Santiago,13,Cerro Navia,13103,11,2020-08-07
Metropolitana de Santiago,13,Cerro Navia,13103,6,2020-08-08
Metropolitana de Santiago,13,Cerro Navia,13103,4,2020-08-09
Metropolitana de Santiago,13,Cerro Navia,13103,8,2020-08-10
Metropolitana de Santiago,13,Cerro Navia,13103,5,2020-08-11
Metropolitana de Santiago,13,Cerro Navia,13103,5,2020-08-12
Metropolitana de Santiago,13,Cerro Navia,13103,6,2020-08-13
Metropolitana de Santiago,13,Cerro Navia,13103,1,2020-08-14
Metropolitana de Santiago,13,Cerro Navia,13103,4,2020-08-15
Metropolitana de Santiago,13,Cerro Navia,13103,6,2020-08-16
Metropolitana de Santiago,13,Cerro Navia,13103,5,2020-08-17
Metropolitana de Santiago,13,Cerro Navia,13103,5,2020-08-18
Metropolitana de Santiago,13,Cerro Navia,13103,6,2020-08-19
Metropolitana de Santiago,13,Cerro Navia,13103,8,2020-08-20
Metropolitana de Santiago,13,Cerro Navia,13103,9,2020-08-21
Metropolitana de Santiago,13,Cerro Navia,13103,6,2020-08-22
Metropolitana de Santiago,13,Cerro Navia,13103,6,2020-08-23
Metropolitana de Santiago,13,Cerro Navia,13103,6,2020-08-24
Metropolitana de Santiago,13,Cerro Navia,13103,8,2020-08-25
Metropolitana de Santiago,13,Cerro Navia,13103,1,2020-08-26
Metropolitana de Santiago,13,Cerro Navia,13103,2,2020-08-27
Metropolitana de Santiago,13,Cerro Navia,13103,3,2020-08-28
Metropolitana de Santiago,13,Cerro Navia,13103,6,2020-08-29
Metropolitana de Santiago,13,Cerro Navia,13103,5,2020-08-30
Metropolitana de Santiago,13,Cerro Navia,13103,6,2020-08-31
Metropolitana de Santiago,13,Cerro Navia,13103,8,2020-09-01
Metropolitana de Santiago,13,Cerro Navia,13103,4,2020-09-02
Metropolitana de Santiago,13,Cerro Navia,13103,4,2020-09-03
Metropolitana de Santiago,13,Cerro Navia,13103,8,2020-09-04
Metropolitana de Santiago,13,Cerro Navia,13103,5,2020-09-05
Metropolitana de Santiago,13,Cerro Navia,13103,4,2020-09-06
Metropolitana de Santiago,13,Cerro Navia,13103,4,2020-09-07
Metropolitana de Santiago,13,Cerro Navia,13103,5,2020-09-08
Metropolitana de Santiago,13,Cerro Navia,13103,3,2020-09-09
Metropolitana de Santiago,13,Cerro Navia,13103,5,2020-09-10
Metropolitana de Santiago,13,Cerro Navia,13103,10,2020-09-11
Metropolitana de Santiago,13,Cerro Navia,13103,1,2020-09-12
Metropolitana de Santiago,13,Cerro Navia,13103,4,2020-09-13
Metropolitana de Santiago,13,Cerro Navia,13103,9,2020-09-14
Metropolitana de Santiago,13,Cerro Navia,13103,1,2020-09-15
Metropolitana de Santiago,13,Cerro Navia,13103,1,2020-09-16
Metropolitana de Santiago,13,Cerro Navia,13103,1,2020-09-17
Metropolitana de Santiago,13,Cerro Navia,13103,4,2020-09-18
Metropolitana de Santiago,13,Cerro Navia,13103,2,2020-09-19
Metropolitana de Santiago,13,Cerro Navia,13103,3,2020-09-20
Metropolitana de Santiago,13,Cerro Navia,13103,4,2020-09-21
Metropolitana de Santiago,13,Cerro Navia,13103,3,2020-09-22
Metropolitana de Santiago,13,Cerro Navia,13103,4,2020-09-23
Metropolitana de Santiago,13,Cerro Navia,13103,4,2020-09-24
Metropolitana de Santiago,13,Cerro Navia,13103,3,2020-09-25
Metropolitana de Santiago,13,Cerro Navia,13103,7,2020-09-26
Metropolitana de Santiago,13,Cerro Navia,13103,2,2020-09-27
Metropolitana de Santiago,13,Cerro Navia,13103,2,2020-09-28
Metropolitana de Santiago,13,Cerro Navia,13103,5,2020-09-29
Metropolitana de Santiago,13,Cerro Navia,13103,1,2020-09-30
Metropolitana de Santiago,13,Cerro Navia,13103,1,2020-10-01
Metropolitana de Santiago,13,Cerro Navia,13103,7,2020-10-02
Metropolitana de Santiago,13,Cerro Navia,13103,1,2020-10-03
Metropolitana de Santiago,13,Cerro Navia,13103,3,2020-10-04
Metropolitana de Santiago,13,Cerro Navia,13103,5,2020-10-05
Metropolitana de Santiago,13,Cerro Navia,13103,4,2020-10-06
Metropolitana de Santiago,13,Cerro Navia,13103,2,2020-10-07
Metropolitana de Santiago,13,Cerro Navia,13103,3,2020-10-08
Metropolitana de Santiago,13,Cerro Navia,13103,6,2020-10-09
Metropolitana de Santiago,13,Cerro Navia,13103,3,2020-10-10
Metropolitana de Santiago,13,Cerro Navia,13103,4,2020-10-11
Metropolitana de Santiago,13,Cerro Navia,13103,3,2020-10-12
Metropolitana de Santiago,13,Cerro Navia,13103,3,2020-10-13
Metropolitana de Santiago,13,Cerro Navia,13103,7,2020-10-14
Metropolitana de Santiago,13,Cerro Navia,13103,3,2020-10-15
Metropolitana de Santiago,13,Cerro Navia,13103,9,2020-10-16
Metropolitana de Santiago,13,Cerro Navia,13103,1,2020-10-17
Metropolitana de Santiago,13,Cerro Navia,13103,2,2020-10-18
Metropolitana de Santiago,13,Cerro Navia,13103,5,2020-10-19
Metropolitana de Santiago,13,Cerro Navia,13103,2,2020-10-20
Metropolitana de Santiago,13,Cerro Navia,13103,4,2020-10-21
Metropolitana de Santiago,13,Cerro Navia,13103,3,2020-10-22
Metropolitana de Santiago,13,Cerro Navia,13103,2,2020-10-23
Metropolitana de Santiago,13,Cerro Navia,13103,6,2020-10-24
Metropolitana de Santiago,13,Cerro Navia,13103,2,2020-10-25
Metropolitana de Santiago,13,Cerro Navia,13103,5,2020-10-26
Metropolitana de Santiago,13,Cerro Navia,13103,6,2020-10-27
Metropolitana de Santiago,13,Cerro Navia,13103,6,2020-10-28
Metropolitana de Santiago,13,Cerro Navia,13103,5,2020-10-29
Metropolitana de Santiago,13,Cerro Navia,13103,4,2020-10-30
Metropolitana de Santiago,13,Cerro Navia,13103,7,2020-10-31
Metropolitana de Santiago,13,Cerro Navia,13103,4,2020-11-01
Metropolitana de Santiago,13,Cerro Navia,13103,5,2020-11-02
Metropolitana de Santiago,13,Cerro Navia,13103,5,2020-11-03
Metropolitana de Santiago,13,Cerro Navia,13103,8,2020-11-04
Metropolitana de Santiago,13,Cerro Navia,13103,9,2020-11-05
Metropolitana de Santiago,13,Cerro Navia,13103,5,2020-11-06
Metropolitana de Santiago,13,Cerro Navia,13103,3,2020-11-07
Metropolitana de Santiago,13,Cerro Navia,13103,2,2020-11-08
Metropolitana de Santiago,13,Cerro Navia,13103,6,2020-11-09
Metropolitana de Santiago,13,Cerro Navia,13103,1,2020-11-10
Metropolitana de Santiago,13,Cerro Navia,13103,3,2020-11-11
Metropolitana de Santiago,13,Cerro Navia,13103,2,2020-11-12
Metropolitana de Santiago,13,Cerro Navia,13103,6,2020-11-13
Metropolitana de Santiago,13,Cerro Navia,13103,3,2020-11-14
Metropolitana de Santiago,13,Cerro Navia,13103,1,2020-11-15
Metropolitana de Santiago,13,Cerro Navia,13103,8,2020-11-16
Metropolitana de Santiago,13,Cerro Navia,13103,1,2020-11-17
Metropolitana de Santiago,13,Cerro Navia,13103,3,2020-11-18
Metropolitana de Santiago,13,Cerro Navia,13103,6,2020-11-19
Metropolitana de Santiago,13,Cerro Navia,13103,3,2020-11-20
Metropolitana de Santiago,13,Cerro Navia,13103,4,2020-11-21
Metropolitana de Santiago,13,Cerro Navia,13103,2,2020-11-22
Metropolitana de Santiago,13,Cerro Navia,13103,3,2020-11-23
Metropolitana de Santiago,13,Cerro Navia,13103,6,2020-11-24
Metropolitana de Santiago,13,Cerro Navia,13103,4,2020-11-25
Metropolitana de Santiago,13,Cerro Navia,13103,5,2020-11-26
Metropolitana de Santiago,13,Cerro Navia,13103,5,2020-11-27
Metropolitana de Santiago,13,Cerro Navia,13103,4,2020-11-28
Metropolitana de Santiago,13,Cerro Navia,13103,3,2020-11-29
Metropolitana de Santiago,13,Cerro Navia,13103,5,2020-11-30
Metropolitana de Santiago,13,Cerro Navia,13103,8,2020-12-01
Metropolitana de Santiago,13,Cerro Navia,13103,5,2020-12-03
Metropolitana de Santiago,13,Cerro Navia,13103,5,2020-12-04
Metropolitana de Santiago,13,Cerro Navia,13103,6,2020-12-05
Metropolitana de Santiago,13,Cerro Navia,13103,4,2020-12-06
Metropolitana de Santiago,13,Cerro Navia,13103,5,2020-12-07
Metropolitana de Santiago,13,Cerro Navia,13103,2,2020-12-08
Metropolitana de Santiago,13,Cerro Navia,13103,4,2020-12-09
Metropolitana de Santiago,13,Cerro Navia,13103,1,2020-12-10
Metropolitana de Santiago,13,Cerro Navia,13103,2,2020-12-11
Metropolitana de Santiago,13,Cerro Navia,13103,4,2020-12-12
Metropolitana de Santiago,13,Cerro Navia,13103,3,2020-12-13
Metropolitana de Santiago,13,Cerro Navia,13103,3,2020-12-14
Metropolitana de Santiago,13,Cerro Navia,13103,2,2020-12-15
Metropolitana de Santiago,13,Cerro Navia,13103,5,2020-12-16
Metropolitana de Santiago,13,Cerro Navia,13103,3,2020-12-17
Metropolitana de Santiago,13,Cerro Navia,13103,4,2020-12-18
Metropolitana de Santiago,13,Cerro Navia,13103,1,2020-12-19
Metropolitana de Santiago,13,Cerro Navia,13103,2,2020-12-20
Metropolitana de Santiago,13,Cerro Navia,13103,5,2020-12-21
Metropolitana de Santiago,13,Cerro Navia,13103,4,2020-12-22
Metropolitana de Santiago,13,Cerro Navia,13103,8,2020-12-23
Metropolitana de Santiago,13,Cerro Navia,13103,2,2020-12-24
Metropolitana de Santiago,13,Cerro Navia,13103,5,2020-12-26
Metropolitana de Santiago,13,Cerro Navia,13103,3,2020-12-27
Metropolitana de Santiago,13,Cerro Navia,13103,5,2020-12-28
Metropolitana de Santiago,13,Cerro Navia,13103,3,2020-12-29
Metropolitana de Santiago,13,Cerro Navia,13103,5,2020-12-30
Metropolitana de Santiago,13,Cerro Navia,13103,3,2020-12-31
Metropolitana de Santiago,13,Cerro Navia,13103,8,2021-01-02
Metropolitana de Santiago,13,Cerro Navia,13103,4,2021-01-03
Metropolitana de Santiago,13,Cerro Navia,13103,7,2021-01-04
Metropolitana de Santiago,13,Cerro Navia,13103,4,2021-01-05
Metropolitana de Santiago,13,Cerro Navia,13103,6,2021-01-06
Metropolitana de Santiago,13,Cerro Navia,13103,1,2021-01-07
Metropolitana de Santiago,13,Cerro Navia,13103,4,2021-01-08
Metropolitana de Santiago,13,Cerro Navia,13103,3,2021-01-09
Metropolitana de Santiago,13,Cerro Navia,13103,2,2021-01-10
Metropolitana de Santiago,13,Cerro Navia,13103,1,2021-01-11
Metropolitana de Santiago,13,Cerro Navia,13103,3,2021-01-12
Metropolitana de Santiago,13,Cerro Navia,13103,3,2021-01-13
Metropolitana de Santiago,13,Cerro Navia,13103,2,2021-01-14
Metropolitana de Santiago,13,Conchalí,13104,3,2020-01-02
Metropolitana de Santiago,13,Conchalí,13104,2,2020-01-04
Metropolitana de Santiago,13,Conchalí,13104,1,2020-01-05
Metropolitana de Santiago,13,Conchalí,13104,2,2020-01-06
Metropolitana de Santiago,13,Conchalí,13104,1,2020-01-07
Metropolitana de Santiago,13,Conchalí,13104,1,2020-01-08
Metropolitana de Santiago,13,Conchalí,13104,1,2020-01-09
Metropolitana de Santiago,13,Conchalí,13104,1,2020-01-11
Metropolitana de Santiago,13,Conchalí,13104,4,2020-01-13
Metropolitana de Santiago,13,Conchalí,13104,4,2020-01-16
Metropolitana de Santiago,13,Conchalí,13104,2,2020-01-18
Metropolitana de Santiago,13,Conchalí,13104,1,2020-01-20
Metropolitana de Santiago,13,Conchalí,13104,2,2020-01-21
Metropolitana de Santiago,13,Conchalí,13104,2,2020-01-23
Metropolitana de Santiago,13,Conchalí,13104,2,2020-01-24
Metropolitana de Santiago,13,Conchalí,13104,1,2020-01-25
Metropolitana de Santiago,13,Conchalí,13104,1,2020-01-26
Metropolitana de Santiago,13,Conchalí,13104,2,2020-01-28
Metropolitana de Santiago,13,Conchalí,13104,1,2020-01-29
Metropolitana de Santiago,13,Conchalí,13104,1,2020-01-30
Metropolitana de Santiago,13,Conchalí,13104,1,2020-01-31
Metropolitana de Santiago,13,Conchalí,13104,2,2020-02-04
Metropolitana de Santiago,13,Conchalí,13104,2,2020-02-05
Metropolitana de Santiago,13,Conchalí,13104,2,2020-02-08
Metropolitana de Santiago,13,Conchalí,13104,4,2020-02-10
Metropolitana de Santiago,13,Conchalí,13104,2,2020-02-12
Metropolitana de Santiago,13,Conchalí,13104,2,2020-02-17
Metropolitana de Santiago,13,Conchalí,13104,1,2020-02-18
Metropolitana de Santiago,13,Conchalí,13104,4,2020-02-19
Metropolitana de Santiago,13,Conchalí,13104,1,2020-02-22
Metropolitana de Santiago,13,Conchalí,13104,3,2020-02-24
Metropolitana de Santiago,13,Conchalí,13104,1,2020-02-25
Metropolitana de Santiago,13,Conchalí,13104,1,2020-02-27
Metropolitana de Santiago,13,Conchalí,13104,1,2020-02-28
Metropolitana de Santiago,13,Conchalí,13104,1,2020-02-29
Metropolitana de Santiago,13,Conchalí,13104,1,2020-03-01
Metropolitana de Santiago,13,Conchalí,13104,1,2020-03-02
Metropolitana de Santiago,13,Conchalí,13104,2,2020-03-03
Metropolitana de Santiago,13,Conchalí,13104,1,2020-03-06
Metropolitana de Santiago,13,Conchalí,13104,1,2020-03-07
Metropolitana de Santiago,13,Conchalí,13104,3,2020-03-08
Metropolitana de Santiago,13,Conchalí,13104,3,2020-03-09
Metropolitana de Santiago,13,Conchalí,13104,1,2020-03-12
Metropolitana de Santiago,13,Conchalí,13104,2,2020-03-13
Metropolitana de Santiago,13,Conchalí,13104,1,2020-03-14
Metropolitana de Santiago,13,Conchalí,13104,2,2020-03-15
Metropolitana de Santiago,13,Conchalí,13104,1,2020-03-16
Metropolitana de Santiago,13,Conchalí,13104,2,2020-03-19
Metropolitana de Santiago,13,Conchalí,13104,3,2020-03-20
Metropolitana de Santiago,13,Conchalí,13104,1,2020-03-21
Metropolitana de Santiago,13,Conchalí,13104,2,2020-03-22
Metropolitana de Santiago,13,Conchalí,13104,3,2020-03-23
Metropolitana de Santiago,13,Conchalí,13104,5,2020-03-24
Metropolitana de Santiago,13,Conchalí,13104,1,2020-03-26
Metropolitana de Santiago,13,Conchalí,13104,3,2020-03-27
Metropolitana de Santiago,13,Conchalí,13104,1,2020-03-28
Metropolitana de Santiago,13,Conchalí,13104,1,2020-03-31
Metropolitana de Santiago,13,Conchalí,13104,1,2020-04-01
Metropolitana de Santiago,13,Conchalí,13104,1,2020-04-02
Metropolitana de Santiago,13,Conchalí,13104,1,2020-04-03
Metropolitana de Santiago,13,Conchalí,13104,1,2020-04-04
Metropolitana de Santiago,13,Conchalí,13104,2,2020-04-07
Metropolitana de Santiago,13,Conchalí,13104,3,2020-04-08
Metropolitana de Santiago,13,Conchalí,13104,1,2020-04-09
Metropolitana de Santiago,13,Conchalí,13104,2,2020-04-10
Metropolitana de Santiago,13,Conchalí,13104,2,2020-04-11
Metropolitana de Santiago,13,Conchalí,13104,1,2020-04-13
Metropolitana de Santiago,13,Conchalí,13104,2,2020-04-14
Metropolitana de Santiago,13,Conchalí,13104,1,2020-04-16
Metropolitana de Santiago,13,Conchalí,13104,1,2020-04-17
Metropolitana de Santiago,13,Conchalí,13104,2,2020-04-20
Metropolitana de Santiago,13,Conchalí,13104,1,2020-04-21
Metropolitana de Santiago,13,Conchalí,13104,2,2020-04-22
Metropolitana de Santiago,13,Conchalí,13104,4,2020-04-23
Metropolitana de Santiago,13,Conchalí,13104,1,2020-04-24
Metropolitana de Santiago,13,Conchalí,13104,2,2020-04-25
Metropolitana de Santiago,13,Conchalí,13104,1,2020-04-26
Metropolitana de Santiago,13,Conchalí,13104,2,2020-04-27
Metropolitana de Santiago,13,Conchalí,13104,1,2020-04-28
Metropolitana de Santiago,13,Conchalí,13104,3,2020-04-30
Metropolitana de Santiago,13,Conchalí,13104,3,2020-05-02
Metropolitana de Santiago,13,Conchalí,13104,1,2020-05-04
Metropolitana de Santiago,13,Conchalí,13104,4,2020-05-06
Metropolitana de Santiago,13,Conchalí,13104,1,2020-05-07
Metropolitana de Santiago,13,Conchalí,13104,2,2020-05-08
Metropolitana de Santiago,13,Conchalí,13104,2,2020-05-10
Metropolitana de Santiago,13,Conchalí,13104,2,2020-05-13
Metropolitana de Santiago,13,Conchalí,13104,4,2020-05-14
Metropolitana de Santiago,13,Conchalí,13104,5,2020-05-15
Metropolitana de Santiago,13,Conchalí,13104,4,2020-05-16
Metropolitana de Santiago,13,Conchalí,13104,3,2020-05-17
Metropolitana de Santiago,13,Conchalí,13104,7,2020-05-18
Metropolitana de Santiago,13,Conchalí,13104,2,2020-05-19
Metropolitana de Santiago,13,Conchalí,13104,1,2020-05-21
Metropolitana de Santiago,13,Conchalí,13104,2,2020-05-22
Metropolitana de Santiago,13,Conchalí,13104,4,2020-05-23
Metropolitana de Santiago,13,Conchalí,13104,1,2020-05-24
Metropolitana de Santiago,13,Conchalí,13104,6,2020-05-25
Metropolitana de Santiago,13,Conchalí,13104,3,2020-05-26
Metropolitana de Santiago,13,Conchalí,13104,6,2020-05-27
Metropolitana de Santiago,13,Conchalí,13104,6,2020-05-28
Metropolitana de Santiago,13,Conchalí,13104,4,2020-05-29
Metropolitana de Santiago,13,Conchalí,13104,4,2020-05-30
Metropolitana de Santiago,13,Conchalí,13104,3,2020-05-31
Metropolitana de Santiago,13,Conchalí,13104,5,2020-06-01
Metropolitana de Santiago,13,Conchalí,13104,8,2020-06-02
Metropolitana de Santiago,13,Conchalí,13104,6,2020-06-03
Metropolitana de Santiago,13,Conchalí,13104,3,2020-06-04
Metropolitana de Santiago,13,Conchalí,13104,6,2020-06-05
Metropolitana de Santiago,13,Conchalí,13104,2,2020-06-06
Metropolitana de Santiago,13,Conchalí,13104,6,2020-06-07
Metropolitana de Santiago,13,Conchalí,13104,7,2020-06-08
Metropolitana de Santiago,13,Conchalí,13104,2,2020-06-09
Metropolitana de Santiago,13,Conchalí,13104,11,2020-06-10
Metropolitana de Santiago,13,Conchalí,13104,4,2020-06-11
Metropolitana de Santiago,13,Conchalí,13104,8,2020-06-12
Metropolitana de Santiago,13,Conchalí,13104,2,2020-06-13
Metropolitana de Santiago,13,Conchalí,13104,8,2020-06-14
Metropolitana de Santiago,13,Conchalí,13104,8,2020-06-15
Metropolitana de Santiago,13,Conchalí,13104,3,2020-06-16
Metropolitana de Santiago,13,Conchalí,13104,3,2020-06-17
Metropolitana de Santiago,13,Conchalí,13104,5,2020-06-18
Metropolitana de Santiago,13,Conchalí,13104,1,2020-06-19
Metropolitana de Santiago,13,Conchalí,13104,3,2020-06-20
Metropolitana de Santiago,13,Conchalí,13104,2,2020-06-21
Metropolitana de Santiago,13,Conchalí,13104,3,2020-06-22
Metropolitana de Santiago,13,Conchalí,13104,5,2020-06-23
Metropolitana de Santiago,13,Conchalí,13104,3,2020-06-24
Metropolitana de Santiago,13,Conchalí,13104,4,2020-06-25
Metropolitana de Santiago,13,Conchalí,13104,2,2020-06-26
Metropolitana de Santiago,13,Conchalí,13104,2,2020-06-27
Metropolitana de Santiago,13,Conchalí,13104,7,2020-06-28
Metropolitana de Santiago,13,Conchalí,13104,3,2020-06-29
Metropolitana de Santiago,13,Conchalí,13104,1,2020-06-30
Metropolitana de Santiago,13,Conchalí,13104,6,2020-07-01
Metropolitana de Santiago,13,Conchalí,13104,2,2020-07-03
Metropolitana de Santiago,13,Conchalí,13104,2,2020-07-04
Metropolitana de Santiago,13,Conchalí,13104,1,2020-07-05
Metropolitana de Santiago,13,Conchalí,13104,1,2020-07-06
Metropolitana de Santiago,13,Conchalí,13104,3,2020-07-08
Metropolitana de Santiago,13,Conchalí,13104,7,2020-07-09
Metropolitana de Santiago,13,Conchalí,13104,1,2020-07-10
Metropolitana de Santiago,13,Conchalí,13104,4,2020-07-13
Metropolitana de Santiago,13,Conchalí,13104,1,2020-07-14
Metropolitana de Santiago,13,Conchalí,13104,4,2020-07-15
Metropolitana de Santiago,13,Conchalí,13104,1,2020-07-16
Metropolitana de Santiago,13,Conchalí,13104,2,2020-07-17
Metropolitana de Santiago,13,Conchalí,13104,2,2020-07-20
Metropolitana de Santiago,13,Conchalí,13104,2,2020-07-22
Metropolitana de Santiago,13,Conchalí,13104,1,2020-07-25
Metropolitana de Santiago,13,Conchalí,13104,1,2020-07-26
Metropolitana de Santiago,13,Conchalí,13104,1,2020-07-27
Metropolitana de Santiago,13,Conchalí,13104,2,2020-07-28
Metropolitana de Santiago,13,Conchalí,13104,3,2020-07-29
Metropolitana de Santiago,13,Conchalí,13104,1,2020-07-30
Metropolitana de Santiago,13,Conchalí,13104,2,2020-07-31
Metropolitana de Santiago,13,Conchalí,13104,3,2020-08-01
Metropolitana de Santiago,13,Conchalí,13104,2,2020-08-02
Metropolitana de Santiago,13,Conchalí,13104,2,2020-08-03
Metropolitana de Santiago,13,Conchalí,13104,2,2020-08-04
Metropolitana de Santiago,13,Conchalí,13104,3,2020-08-05
Metropolitana de Santiago,13,Conchalí,13104,1,2020-08-06
Metropolitana de Santiago,13,Conchalí,13104,1,2020-08-07
Metropolitana de Santiago,13,Conchalí,13104,2,2020-08-08
Metropolitana de Santiago,13,Conchalí,13104,1,2020-08-09
Metropolitana de Santiago,13,Conchalí,13104,5,2020-08-10
Metropolitana de Santiago,13,Conchalí,13104,4,2020-08-11
Metropolitana de Santiago,13,Conchalí,13104,2,2020-08-12
Metropolitana de Santiago,13,Conchalí,13104,1,2020-08-13
Metropolitana de Santiago,13,Conchalí,13104,4,2020-08-14
Metropolitana de Santiago,13,Conchalí,13104,3,2020-08-15
Metropolitana de Santiago,13,Conchalí,13104,3,2020-08-16
Metropolitana de Santiago,13,Conchalí,13104,1,2020-08-18
Metropolitana de Santiago,13,Conchalí,13104,3,2020-08-20
Metropolitana de Santiago,13,Conchalí,13104,2,2020-08-21
Metropolitana de Santiago,13,Conchalí,13104,1,2020-08-22
Metropolitana de Santiago,13,Conchalí,13104,1,2020-08-23
Metropolitana de Santiago,13,Conchalí,13104,1,2020-08-24
Metropolitana de Santiago,13,Conchalí,13104,2,2020-08-25
Metropolitana de Santiago,13,Conchalí,13104,3,2020-08-27
Metropolitana de Santiago,13,Conchalí,13104,3,2020-08-29
Metropolitana de Santiago,13,Conchalí,13104,3,2020-08-30
Metropolitana de Santiago,13,Conchalí,13104,2,2020-08-31
Metropolitana de Santiago,13,Conchalí,13104,3,2020-09-01
Metropolitana de Santiago,13,Conchalí,13104,1,2020-09-02
Metropolitana de Santiago,13,Conchalí,13104,3,2020-09-03
Metropolitana de Santiago,13,Conchalí,13104,1,2020-09-04
Metropolitana de Santiago,13,Conchalí,13104,1,2020-09-05
Metropolitana de Santiago,13,Conchalí,13104,2,2020-09-06
Metropolitana de Santiago,13,Conchalí,13104,3,2020-09-07
Metropolitana de Santiago,13,Conchalí,13104,2,2020-09-09
Metropolitana de Santiago,13,Conchalí,13104,1,2020-09-11
Metropolitana de Santiago,13,Conchalí,13104,1,2020-09-12
Metropolitana de Santiago,13,Conchalí,13104,2,2020-09-14
Metropolitana de Santiago,13,Conchalí,13104,1,2020-09-15
Metropolitana de Santiago,13,Conchalí,13104,2,2020-09-17
Metropolitana de Santiago,13,Conchalí,13104,1,2020-09-18
Metropolitana de Santiago,13,Conchalí,13104,3,2020-09-20
Metropolitana de Santiago,13,Conchalí,13104,1,2020-09-21
Metropolitana de Santiago,13,Conchalí,13104,2,2020-09-22
Metropolitana de Santiago,13,Conchalí,13104,4,2020-09-23
Metropolitana de Santiago,13,Conchalí,13104,2,2020-09-25
Metropolitana de Santiago,13,Conchalí,13104,1,2020-09-26
Metropolitana de Santiago,13,Conchalí,13104,1,2020-09-28
Metropolitana de Santiago,13,Conchalí,13104,4,2020-09-29
Metropolitana de Santiago,13,Conchalí,13104,3,2020-10-02
Metropolitana de Santiago,13,Conchalí,13104,1,2020-10-03
Metropolitana de Santiago,13,Conchalí,13104,1,2020-10-04
Metropolitana de Santiago,13,Conchalí,13104,5,2020-10-07
Metropolitana de Santiago,13,Conchalí,13104,1,2020-10-09
Metropolitana de Santiago,13,Conchalí,13104,2,2020-10-10
Metropolitana de Santiago,13,Conchalí,13104,3,2020-10-11
Metropolitana de Santiago,13,Conchalí,13104,1,2020-10-13
Metropolitana de Santiago,13,Conchalí,13104,1,2020-10-15
Metropolitana de Santiago,13,Conchalí,13104,3,2020-10-16
Metropolitana de Santiago,13,Conchalí,13104,3,2020-10-17
Metropolitana de Santiago,13,Conchalí,13104,1,2020-10-19
Metropolitana de Santiago,13,Conchalí,13104,1,2020-10-20
Metropolitana de Santiago,13,Conchalí,13104,1,2020-10-22
Metropolitana de Santiago,13,Conchalí,13104,1,2020-10-23
Metropolitana de Santiago,13,Conchalí,13104,1,2020-10-24
Metropolitana de Santiago,13,Conchalí,13104,2,2020-10-25
Metropolitana de Santiago,13,Conchalí,13104,3,2020-10-26
Metropolitana de Santiago,13,Conchalí,13104,3,2020-10-27
Metropolitana de Santiago,13,Conchalí,13104,2,2020-10-28
Metropolitana de Santiago,13,Conchalí,13104,3,2020-10-29
Metropolitana de Santiago,13,Conchalí,13104,1,2020-10-30
Metropolitana de Santiago,13,Conchalí,13104,1,2020-10-31
Metropolitana de Santiago,13,Conchalí,13104,2,2020-11-01
Metropolitana de Santiago,13,Conchalí,13104,1,2020-11-02
Metropolitana de Santiago,13,Conchalí,13104,1,2020-11-06
Metropolitana de Santiago,13,Conchalí,13104,1,2020-11-07
Metropolitana de Santiago,13,Conchalí,13104,2,2020-11-08
Metropolitana de Santiago,13,Conchalí,13104,1,2020-11-09
Metropolitana de Santiago,13,Conchalí,13104,3,2020-11-10
Metropolitana de Santiago,13,Conchalí,13104,2,2020-11-11
Metropolitana de Santiago,13,Conchalí,13104,1,2020-11-13
Metropolitana de Santiago,13,Conchalí,13104,3,2020-11-14
Metropolitana de Santiago,13,Conchalí,13104,2,2020-11-16
Metropolitana de Santiago,13,Conchalí,13104,3,2020-11-17
Metropolitana de Santiago,13,Conchalí,13104,1,2020-11-18
Metropolitana de Santiago,13,Conchalí,13104,1,2020-11-19
Metropolitana de Santiago,13,Conchalí,13104,1,2020-11-21
Metropolitana de Santiago,13,Conchalí,13104,2,2020-11-22
Metropolitana de Santiago,13,Conchalí,13104,1,2020-11-23
Metropolitana de Santiago,13,Conchalí,13104,1,2020-11-24
Metropolitana de Santiago,13,Conchalí,13104,1,2020-11-25
Metropolitana de Santiago,13,Conchalí,13104,3,2020-11-27
Metropolitana de Santiago,13,Conchalí,13104,1,2020-11-28
Metropolitana de Santiago,13,Conchalí,13104,1,2020-11-30
Metropolitana de Santiago,13,Conchalí,13104,1,2020-12-02
Metropolitana de Santiago,13,Conchalí,13104,1,2020-12-03
Metropolitana de Santiago,13,Conchalí,13104,1,2020-12-04
Metropolitana de Santiago,13,Conchalí,13104,1,2020-12-05
Metropolitana de Santiago,13,Conchalí,13104,1,2020-12-07
Metropolitana de Santiago,13,Conchalí,13104,3,2020-12-09
Metropolitana de Santiago,13,Conchalí,13104,1,2020-12-10
Metropolitana de Santiago,13,Conchalí,13104,2,2020-12-11
Metropolitana de Santiago,13,Conchalí,13104,1,2020-12-13
Metropolitana de Santiago,13,Conchalí,13104,2,2020-12-15
Metropolitana de Santiago,13,Conchalí,13104,3,2020-12-16
Metropolitana de Santiago,13,Conchalí,13104,1,2020-12-17
Metropolitana de Santiago,13,Conchalí,13104,2,2020-12-18
Metropolitana de Santiago,13,Conchalí,13104,1,2020-12-19
Metropolitana de Santiago,13,Conchalí,13104,1,2020-12-21
Metropolitana de Santiago,13,Conchalí,13104,1,2020-12-22
Metropolitana de Santiago,13,Conchalí,13104,2,2020-12-24
Metropolitana de Santiago,13,Conchalí,13104,4,2020-12-26
Metropolitana de Santiago,13,Conchalí,13104,1,2020-12-27
Metropolitana de Santiago,13,Conchalí,13104,2,2020-12-28
Metropolitana de Santiago,13,Conchalí,13104,3,2020-12-29
Metropolitana de Santiago,13,Conchalí,13104,1,2020-12-30
Metropolitana de Santiago,13,Conchalí,13104,4,2020-12-31
Metropolitana de Santiago,13,Conchalí,13104,4,2021-01-02
Metropolitana de Santiago,13,Conchalí,13104,2,2021-01-03
Metropolitana de Santiago,13,Conchalí,13104,3,2021-01-04
Metropolitana de Santiago,13,Conchalí,13104,1,2021-01-05
Metropolitana de Santiago,13,Conchalí,13104,2,2021-01-07
Metropolitana de Santiago,13,Conchalí,13104,3,2021-01-09
Metropolitana de Santiago,13,Conchalí,13104,2,2021-01-10
Metropolitana de Santiago,13,Conchalí,13104,3,2021-01-11
Metropolitana de Santiago,13,Conchalí,13104,1,2021-01-12
Metropolitana de Santiago,13,El Bosque,13105,1,2020-01-02
Metropolitana de Santiago,13,El Bosque,13105,1,2020-01-03
Metropolitana de Santiago,13,El Bosque,13105,1,2020-01-05
Metropolitana de Santiago,13,El Bosque,13105,4,2020-01-06
Metropolitana de Santiago,13,El Bosque,13105,2,2020-01-09
Metropolitana de Santiago,13,El Bosque,13105,5,2020-01-10
Metropolitana de Santiago,13,El Bosque,13105,3,2020-01-11
Metropolitana de Santiago,13,El Bosque,13105,4,2020-01-13
Metropolitana de Santiago,13,El Bosque,13105,1,2020-01-14
Metropolitana de Santiago,13,El Bosque,13105,1,2020-01-15
Metropolitana de Santiago,13,El Bosque,13105,2,2020-01-16
Metropolitana de Santiago,13,El Bosque,13105,3,2020-01-17
Metropolitana de Santiago,13,El Bosque,13105,1,2020-01-18
Metropolitana de Santiago,13,El Bosque,13105,1,2020-01-19
Metropolitana de Santiago,13,El Bosque,13105,1,2020-01-20
Metropolitana de Santiago,13,El Bosque,13105,3,2020-01-21
Metropolitana de Santiago,13,El Bosque,13105,1,2020-01-22
Metropolitana de Santiago,13,El Bosque,13105,2,2020-01-25
Metropolitana de Santiago,13,El Bosque,13105,1,2020-01-26
Metropolitana de Santiago,13,El Bosque,13105,1,2020-01-27
Metropolitana de Santiago,13,El Bosque,13105,2,2020-01-28
Metropolitana de Santiago,13,El Bosque,13105,1,2020-01-30
Metropolitana de Santiago,13,El Bosque,13105,1,2020-02-02
Metropolitana de Santiago,13,El Bosque,13105,3,2020-02-03
Metropolitana de Santiago,13,El Bosque,13105,1,2020-02-05
Metropolitana de Santiago,13,El Bosque,13105,1,2020-02-06
Metropolitana de Santiago,13,El Bosque,13105,2,2020-02-07
Metropolitana de Santiago,13,El Bosque,13105,1,2020-02-08
Metropolitana de Santiago,13,El Bosque,13105,3,2020-02-10
Metropolitana de Santiago,13,El Bosque,13105,2,2020-02-12
Metropolitana de Santiago,13,El Bosque,13105,2,2020-02-13
Metropolitana de Santiago,13,El Bosque,13105,1,2020-02-14
Metropolitana de Santiago,13,El Bosque,13105,1,2020-02-15
Metropolitana de Santiago,13,El Bosque,13105,3,2020-02-17
Metropolitana de Santiago,13,El Bosque,13105,1,2020-02-18
Metropolitana de Santiago,13,El Bosque,13105,1,2020-02-19
Metropolitana de Santiago,13,El Bosque,13105,1,2020-02-21
Metropolitana de Santiago,13,El Bosque,13105,2,2020-02-24
Metropolitana de Santiago,13,El Bosque,13105,3,2020-02-25
Metropolitana de Santiago,13,El Bosque,13105,3,2020-02-26
Metropolitana de Santiago,13,El Bosque,13105,1,2020-02-28
Metropolitana de Santiago,13,El Bosque,13105,1,2020-03-02
Metropolitana de Santiago,13,El Bosque,13105,1,2020-03-03
Metropolitana de Santiago,13,El Bosque,13105,2,2020-03-04
Metropolitana de Santiago,13,El Bosque,13105,6,2020-03-05
Metropolitana de Santiago,13,El Bosque,13105,1,2020-03-06
Metropolitana de Santiago,13,El Bosque,13105,1,2020-03-07
Metropolitana de Santiago,13,El Bosque,13105,3,2020-03-09
Metropolitana de Santiago,13,El Bosque,13105,1,2020-03-10
Metropolitana de Santiago,13,El Bosque,13105,3,2020-03-12
Metropolitana de Santiago,13,El Bosque,13105,1,2020-03-13
Metropolitana de Santiago,13,El Bosque,13105,3,2020-03-14
Metropolitana de Santiago,13,El Bosque,13105,2,2020-03-17
Metropolitana de Santiago,13,El Bosque,13105,2,2020-03-19
Metropolitana de Santiago,13,El Bosque,13105,1,2020-03-20
Metropolitana de Santiago,13,El Bosque,13105,1,2020-03-21
Metropolitana de Santiago,13,El Bosque,13105,1,2020-03-22
Metropolitana de Santiago,13,El Bosque,13105,3,2020-03-23
Metropolitana de Santiago,13,El Bosque,13105,3,2020-03-25
Metropolitana de Santiago,13,El Bosque,13105,2,2020-03-26
Metropolitana de Santiago,13,El Bosque,13105,1,2020-03-27
Metropolitana de Santiago,13,El Bosque,13105,1,2020-03-28
Metropolitana de Santiago,13,El Bosque,13105,4,2020-03-29
Metropolitana de Santiago,13,El Bosque,13105,1,2020-03-31
Metropolitana de Santiago,13,El Bosque,13105,1,2020-04-01
Metropolitana de Santiago,13,El Bosque,13105,2,2020-04-02
Metropolitana de Santiago,13,El Bosque,13105,3,2020-04-04
Metropolitana de Santiago,13,El Bosque,13105,3,2020-04-06
Metropolitana de Santiago,13,El Bosque,13105,2,2020-04-07
Metropolitana de Santiago,13,El Bosque,13105,4,2020-04-09
Metropolitana de Santiago,13,El Bosque,13105,2,2020-04-11
Metropolitana de Santiago,13,El Bosque,13105,2,2020-04-13
Metropolitana de Santiago,13,El Bosque,13105,1,2020-04-14
Metropolitana de Santiago,13,El Bosque,13105,1,2020-04-16
Metropolitana de Santiago,13,El Bosque,13105,1,2020-04-17
Metropolitana de Santiago,13,El Bosque,13105,1,2020-04-18
Metropolitana de Santiago,13,El Bosque,13105,1,2020-04-19
Metropolitana de Santiago,13,El Bosque,13105,2,2020-04-20
Metropolitana de Santiago,13,El Bosque,13105,3,2020-04-21
Metropolitana de Santiago,13,El Bosque,13105,1,2020-04-22
Metropolitana de Santiago,13,El Bosque,13105,1,2020-04-23
Metropolitana de Santiago,13,El Bosque,13105,1,2020-04-24
Metropolitana de Santiago,13,El Bosque,13105,1,2020-04-26
Metropolitana de Santiago,13,El Bosque,13105,1,2020-04-27
Metropolitana de Santiago,13,El Bosque,13105,3,2020-04-28
Metropolitana de Santiago,13,El Bosque,13105,2,2020-04-29
Metropolitana de Santiago,13,El Bosque,13105,3,2020-04-30
Metropolitana de Santiago,13,El Bosque,13105,2,2020-05-02
Metropolitana de Santiago,13,El Bosque,13105,1,2020-05-04
Metropolitana de Santiago,13,El Bosque,13105,3,2020-05-05
Metropolitana de Santiago,13,El Bosque,13105,4,2020-05-07
Metropolitana de Santiago,13,El Bosque,13105,2,2020-05-08
Metropolitana de Santiago,13,El Bosque,13105,1,2020-05-09
Metropolitana de Santiago,13,El Bosque,13105,2,2020-05-12
Metropolitana de Santiago,13,El Bosque,13105,3,2020-05-13
Metropolitana de Santiago,13,El Bosque,13105,2,2020-05-15
Metropolitana de Santiago,13,El Bosque,13105,4,2020-05-17
Metropolitana de Santiago,13,El Bosque,13105,4,2020-05-18
Metropolitana de Santiago,13,El Bosque,13105,1,2020-05-19
Metropolitana de Santiago,13,El Bosque,13105,3,2020-05-20
Metropolitana de Santiago,13,El Bosque,13105,5,2020-05-22
Metropolitana de Santiago,13,El Bosque,13105,4,2020-05-23
Metropolitana de Santiago,13,El Bosque,13105,3,2020-05-24
Metropolitana de Santiago,13,El Bosque,13105,7,2020-05-25
Metropolitana de Santiago,13,El Bosque,13105,8,2020-05-26
Metropolitana de Santiago,13,El Bosque,13105,5,2020-05-27
Metropolitana de Santiago,13,El Bosque,13105,5,2020-05-28
Metropolitana de Santiago,13,El Bosque,13105,5,2020-05-29
Metropolitana de Santiago,13,El Bosque,13105,2,2020-05-30
Metropolitana de Santiago,13,El Bosque,13105,3,2020-05-31
Metropolitana de Santiago,13,El Bosque,13105,4,2020-06-01
Metropolitana de Santiago,13,El Bosque,13105,2,2020-06-02
Metropolitana de Santiago,13,El Bosque,13105,2,2020-06-03
Metropolitana de Santiago,13,El Bosque,13105,3,2020-06-04
Metropolitana de Santiago,13,El Bosque,13105,5,2020-06-05
Metropolitana de Santiago,13,El Bosque,13105,5,2020-06-06
Metropolitana de Santiago,13,El Bosque,13105,1,2020-06-07
Metropolitana de Santiago,13,El Bosque,13105,9,2020-06-08
Metropolitana de Santiago,13,El Bosque,13105,5,2020-06-09
Metropolitana de Santiago,13,El Bosque,13105,5,2020-06-10
Metropolitana de Santiago,13,El Bosque,13105,2,2020-06-11
Metropolitana de Santiago,13,El Bosque,13105,5,2020-06-12
Metropolitana de Santiago,13,El Bosque,13105,9,2020-06-13
Metropolitana de Santiago,13,El Bosque,13105,4,2020-06-14
Metropolitana de Santiago,13,El Bosque,13105,6,2020-06-15
Metropolitana de Santiago,13,El Bosque,13105,5,2020-06-16
Metropolitana de Santiago,13,El Bosque,13105,6,2020-06-17
Metropolitana de Santiago,13,El Bosque,13105,2,2020-06-18
Metropolitana de Santiago,13,El Bosque,13105,3,2020-06-19
Metropolitana de Santiago,13,El Bosque,13105,3,2020-06-20
Metropolitana de Santiago,13,El Bosque,13105,4,2020-06-21
Metropolitana de Santiago,13,El Bosque,13105,3,2020-06-22
Metropolitana de Santiago,13,El Bosque,13105,5,2020-06-23
Metropolitana de Santiago,13,El Bosque,13105,2,2020-06-24
Metropolitana de Santiago,13,El Bosque,13105,2,2020-06-25
Metropolitana de Santiago,13,El Bosque,13105,6,2020-06-26
Metropolitana de Santiago,13,El Bosque,13105,3,2020-06-27
Metropolitana de Santiago,13,El Bosque,13105,2,2020-06-28
Metropolitana de Santiago,13,El Bosque,13105,3,2020-06-29
Metropolitana de Santiago,13,El Bosque,13105,2,2020-06-30
Metropolitana de Santiago,13,El Bosque,13105,6,2020-07-01
Metropolitana de Santiago,13,El Bosque,13105,1,2020-07-02
Metropolitana de Santiago,13,El Bosque,13105,1,2020-07-03
Metropolitana de Santiago,13,El Bosque,13105,2,2020-07-04
Metropolitana de Santiago,13,El Bosque,13105,1,2020-07-05
Metropolitana de Santiago,13,El Bosque,13105,3,2020-07-06
Metropolitana de Santiago,13,El Bosque,13105,1,2020-07-07
Metropolitana de Santiago,13,El Bosque,13105,1,2020-07-08
Metropolitana de Santiago,13,El Bosque,13105,2,2020-07-09
Metropolitana de Santiago,13,El Bosque,13105,4,2020-07-12
Metropolitana de Santiago,13,El Bosque,13105,4,2020-07-13
Metropolitana de Santiago,13,El Bosque,13105,4,2020-07-14
Metropolitana de Santiago,13,El Bosque,13105,1,2020-07-15
Metropolitana de Santiago,13,El Bosque,13105,3,2020-07-16
Metropolitana de Santiago,13,El Bosque,13105,1,2020-07-17
Metropolitana de Santiago,13,El Bosque,13105,2,2020-07-18
Metropolitana de Santiago,13,El Bosque,13105,3,2020-07-19
Metropolitana de Santiago,13,El Bosque,13105,4,2020-07-22
Metropolitana de Santiago,13,El Bosque,13105,2,2020-07-23
Metropolitana de Santiago,13,El Bosque,13105,2,2020-07-24
Metropolitana de Santiago,13,El Bosque,13105,1,2020-07-25
Metropolitana de Santiago,13,El Bosque,13105,5,2020-07-26
Metropolitana de Santiago,13,El Bosque,13105,2,2020-07-27
Metropolitana de Santiago,13,El Bosque,13105,3,2020-07-28
Metropolitana de Santiago,13,El Bosque,13105,3,2020-07-29
Metropolitana de Santiago,13,El Bosque,13105,2,2020-07-30
Metropolitana de Santiago,13,El Bosque,13105,2,2020-07-31
Metropolitana de Santiago,13,El Bosque,13105,1,2020-08-02
Metropolitana de Santiago,13,El Bosque,13105,3,2020-08-04
Metropolitana de Santiago,13,El Bosque,13105,2,2020-08-06
Metropolitana de Santiago,13,El Bosque,13105,3,2020-08-07
Metropolitana de Santiago,13,El Bosque,13105,4,2020-08-08
Metropolitana de Santiago,13,El Bosque,13105,1,2020-08-09
Metropolitana de Santiago,13,El Bosque,13105,5,2020-08-10
Metropolitana de Santiago,13,El Bosque,13105,1,2020-08-12
Metropolitana de Santiago,13,El Bosque,13105,2,2020-08-13
Metropolitana de Santiago,13,El Bosque,13105,2,2020-08-14
Metropolitana de Santiago,13,El Bosque,13105,5,2020-08-17
Metropolitana de Santiago,13,El Bosque,13105,1,2020-08-18
Metropolitana de Santiago,13,El Bosque,13105,2,2020-08-19
Metropolitana de Santiago,13,El Bosque,13105,3,2020-08-20
Metropolitana de Santiago,13,El Bosque,13105,2,2020-08-21
Metropolitana de Santiago,13,El Bosque,13105,1,2020-08-22
Metropolitana de Santiago,13,El Bosque,13105,2,2020-08-23
Metropolitana de Santiago,13,El Bosque,13105,4,2020-08-24
Metropolitana de Santiago,13,El Bosque,13105,1,2020-08-25
Metropolitana de Santiago,13,El Bosque,13105,1,2020-08-26
Metropolitana de Santiago,13,El Bosque,13105,2,2020-08-27
Metropolitana de Santiago,13,El Bosque,13105,1,2020-08-28
Metropolitana de Santiago,13,El Bosque,13105,1,2020-08-29
Metropolitana de Santiago,13,El Bosque,13105,2,2020-08-30
Metropolitana de Santiago,13,El Bosque,13105,3,2020-08-31
Metropolitana de Santiago,13,El Bosque,13105,1,2020-09-02
Metropolitana de Santiago,13,El Bosque,13105,1,2020-09-03
Metropolitana de Santiago,13,El Bosque,13105,2,2020-09-04
Metropolitana de Santiago,13,El Bosque,13105,2,2020-09-05
Metropolitana de Santiago,13,El Bosque,13105,2,2020-09-06
Metropolitana de Santiago,13,El Bosque,13105,4,2020-09-08
Metropolitana de Santiago,13,El Bosque,13105,4,2020-09-09
Metropolitana de Santiago,13,El Bosque,13105,4,2020-09-12
Metropolitana de Santiago,13,El Bosque,13105,3,2020-09-14
Metropolitana de Santiago,13,El Bosque,13105,1,2020-09-15
Metropolitana de Santiago,13,El Bosque,13105,2,2020-09-17
Metropolitana de Santiago,13,El Bosque,13105,3,2020-09-18
Metropolitana de Santiago,13,El Bosque,13105,2,2020-09-20
Metropolitana de Santiago,13,El Bosque,13105,1,2020-09-22
Metropolitana de Santiago,13,El Bosque,13105,3,2020-09-23
Metropolitana de Santiago,13,El Bosque,13105,1,2020-09-26
Metropolitana de Santiago,13,El Bosque,13105,1,2020-09-27
Metropolitana de Santiago,13,El Bosque,13105,3,2020-09-28
Metropolitana de Santiago,13,El Bosque,13105,3,2020-09-29
Metropolitana de Santiago,13,El Bosque,13105,2,2020-09-30
Metropolitana de Santiago,13,El Bosque,13105,1,2020-10-01
Metropolitana de Santiago,13,El Bosque,13105,1,2020-10-02
Metropolitana de Santiago,13,El Bosque,13105,1,2020-10-03
Metropolitana de Santiago,13,El Bosque,13105,1,2020-10-04
Metropolitana de Santiago,13,El Bosque,13105,2,2020-10-05
Metropolitana de Santiago,13,El Bosque,13105,2,2020-10-06
Metropolitana de Santiago,13,El Bosque,13105,1,2020-10-07
Metropolitana de Santiago,13,El Bosque,13105,1,2020-10-08
Metropolitana de Santiago,13,El Bosque,13105,1,2020-10-09
Metropolitana de Santiago,13,El Bosque,13105,1,2020-10-10
Metropolitana de Santiago,13,El Bosque,13105,1,2020-10-11
Metropolitana de Santiago,13,El Bosque,13105,1,2020-10-12
Metropolitana de Santiago,13,El Bosque,13105,3,2020-10-13
Metropolitana de Santiago,13,El Bosque,13105,1,2020-10-14
Metropolitana de Santiago,13,El Bosque,13105,2,2020-10-15
Metropolitana de Santiago,13,El Bosque,13105,2,2020-10-16
Metropolitana de Santiago,13,El Bosque,13105,1,2020-10-17
Metropolitana de Santiago,13,El Bosque,13105,3,2020-10-18
Metropolitana de Santiago,13,El Bosque,13105,3,2020-10-19
Metropolitana de Santiago,13,El Bosque,13105,3,2020-10-23
Metropolitana de Santiago,13,El Bosque,13105,4,2020-10-24
Metropolitana de Santiago,13,El Bosque,13105,2,2020-10-25
Metropolitana de Santiago,13,El Bosque,13105,5,2020-10-26
Metropolitana de Santiago,13,El Bosque,13105,2,2020-10-27
Metropolitana de Santiago,13,El Bosque,13105,1,2020-10-30
Metropolitana de Santiago,13,El Bosque,13105,1,2020-10-31
Metropolitana de Santiago,13,El Bosque,13105,1,2020-11-01
Metropolitana de Santiago,13,El Bosque,13105,3,2020-11-02
Metropolitana de Santiago,13,El Bosque,13105,1,2020-11-04
Metropolitana de Santiago,13,El Bosque,13105,2,2020-11-06
Metropolitana de Santiago,13,El Bosque,13105,2,2020-11-07
Metropolitana de Santiago,13,El Bosque,13105,5,2020-11-08
Metropolitana de Santiago,13,El Bosque,13105,1,2020-11-10
Metropolitana de Santiago,13,El Bosque,13105,2,2020-11-12
Metropolitana de Santiago,13,El Bosque,13105,1,2020-11-14
Metropolitana de Santiago,13,El Bosque,13105,3,2020-11-15
Metropolitana de Santiago,13,El Bosque,13105,6,2020-11-16
Metropolitana de Santiago,13,El Bosque,13105,1,2020-11-17
Metropolitana de Santiago,13,El Bosque,13105,1,2020-11-18
Metropolitana de Santiago,13,El Bosque,13105,3,2020-11-19
Metropolitana de Santiago,13,El Bosque,13105,1,2020-11-20
Metropolitana de Santiago,13,El Bosque,13105,1,2020-11-21
Metropolitana de Santiago,13,El Bosque,13105,3,2020-11-23
Metropolitana de Santiago,13,El Bosque,13105,2,2020-11-24
Metropolitana de Santiago,13,El Bosque,13105,3,2020-11-25
Metropolitana de Santiago,13,El Bosque,13105,4,2020-11-26
Metropolitana de Santiago,13,El Bosque,13105,3,2020-11-28
Metropolitana de Santiago,13,El Bosque,13105,2,2020-11-29
Metropolitana de Santiago,13,El Bosque,13105,3,2020-11-30
Metropolitana de Santiago,13,El Bosque,13105,1,2020-12-01
Metropolitana de Santiago,13,El Bosque,13105,2,2020-12-02
Metropolitana de Santiago,13,El Bosque,13105,1,2020-12-03
Metropolitana de Santiago,13,El Bosque,13105,2,2020-12-06
Metropolitana de Santiago,13,El Bosque,13105,5,2020-12-07
Metropolitana de Santiago,13,El Bosque,13105,2,2020-12-08
Metropolitana de Santiago,13,El Bosque,13105,3,2020-12-09
Metropolitana de Santiago,13,El Bosque,13105,1,2020-12-10
Metropolitana de Santiago,13,El Bosque,13105,1,2020-12-11
Metropolitana de Santiago,13,El Bosque,13105,1,2020-12-12
Metropolitana de Santiago,13,El Bosque,13105,2,2020-12-13
Metropolitana de Santiago,13,El Bosque,13105,4,2020-12-14
Metropolitana de Santiago,13,El Bosque,13105,2,2020-12-16
Metropolitana de Santiago,13,El Bosque,13105,1,2020-12-17
Metropolitana de Santiago,13,El Bosque,13105,2,2020-12-18
Metropolitana de Santiago,13,El Bosque,13105,1,2020-12-19
Metropolitana de Santiago,13,El Bosque,13105,1,2020-12-23
Metropolitana de Santiago,13,El Bosque,13105,5,2020-12-26
Metropolitana de Santiago,13,El Bosque,13105,2,2020-12-27
Metropolitana de Santiago,13,El Bosque,13105,1,2020-12-29
Metropolitana de Santiago,13,El Bosque,13105,4,2020-12-31
Metropolitana de Santiago,13,El Bosque,13105,3,2021-01-02
Metropolitana de Santiago,13,El Bosque,13105,1,2021-01-03
Metropolitana de Santiago,13,El Bosque,13105,2,2021-01-04
Metropolitana de Santiago,13,El Bosque,13105,2,2021-01-05
Metropolitana de Santiago,13,El Bosque,13105,3,2021-01-06
Metropolitana de Santiago,13,El Bosque,13105,2,2021-01-07
Metropolitana de Santiago,13,El Bosque,13105,1,2021-01-08
Metropolitana de Santiago,13,El Bosque,13105,2,2021-01-12
Metropolitana de Santiago,13,El Bosque,13105,2,2021-01-13
Metropolitana de Santiago,13,El Bosque,13105,1,2021-01-14
Metropolitana de Santiago,13,Estación Central,13106,3,2020-01-03
Metropolitana de Santiago,13,Estación Central,13106,1,2020-01-04
Metropolitana de Santiago,13,Estación Central,13106,1,2020-01-07
Metropolitana de Santiago,13,Estación Central,13106,3,2020-01-08
Metropolitana de Santiago,13,Estación Central,13106,2,2020-01-10
Metropolitana de Santiago,13,Estación Central,13106,2,2020-01-12
Metropolitana de Santiago,13,Estación Central,13106,3,2020-01-13
Metropolitana de Santiago,13,Estación Central,13106,1,2020-01-14
Metropolitana de Santiago,13,Estación Central,13106,2,2020-01-15
Metropolitana de Santiago,13,Estación Central,13106,2,2020-01-16
Metropolitana de Santiago,13,Estación Central,13106,2,2020-01-17
Metropolitana de Santiago,13,Estación Central,13106,1,2020-01-18
Metropolitana de Santiago,13,Estación Central,13106,2,2020-01-19
Metropolitana de Santiago,13,Estación Central,13106,1,2020-01-20
Metropolitana de Santiago,13,Estación Central,13106,3,2020-01-21
Metropolitana de Santiago,13,Estación Central,13106,1,2020-01-23
Metropolitana de Santiago,13,Estación Central,13106,3,2020-01-24
Metropolitana de Santiago,13,Estación Central,13106,1,2020-01-25
Metropolitana de Santiago,13,Estación Central,13106,1,2020-01-26
Metropolitana de Santiago,13,Estación Central,13106,4,2020-01-27
Metropolitana de Santiago,13,Estación Central,13106,3,2020-01-28
Metropolitana de Santiago,13,Estación Central,13106,3,2020-01-29
Metropolitana de Santiago,13,Estación Central,13106,2,2020-01-30
Metropolitana de Santiago,13,Estación Central,13106,1,2020-02-01
Metropolitana de Santiago,13,Estación Central,13106,1,2020-02-02
Metropolitana de Santiago,13,Estación Central,13106,2,2020-02-03
Metropolitana de Santiago,13,Estación Central,13106,2,2020-02-04
Metropolitana de Santiago,13,Estación Central,13106,2,2020-02-05
Metropolitana de Santiago,13,Estación Central,13106,5,2020-02-06
Metropolitana de Santiago,13,Estación Central,13106,2,2020-02-08
Metropolitana de Santiago,13,Estación Central,13106,2,2020-02-10
Metropolitana de Santiago,13,Estación Central,13106,3,2020-02-11
Metropolitana de Santiago,13,Estación Central,13106,3,2020-02-13
Metropolitana de Santiago,13,Estación Central,13106,2,2020-02-14
Metropolitana de Santiago,13,Estación Central,13106,2,2020-02-15
Metropolitana de Santiago,13,Estación Central,13106,3,2020-02-16
Metropolitana de Santiago,13,Estación Central,13106,1,2020-02-17
Metropolitana de Santiago,13,Estación Central,13106,1,2020-02-18
Metropolitana de Santiago,13,Estación Central,13106,5,2020-02-19
Metropolitana de Santiago,13,Estación Central,13106,2,2020-02-22
Metropolitana de Santiago,13,Estación Central,13106,1,2020-02-23
Metropolitana de Santiago,13,Estación Central,13106,2,2020-02-25
Metropolitana de Santiago,13,Estación Central,13106,1,2020-02-26
Metropolitana de Santiago,13,Estación Central,13106,1,2020-02-27
Metropolitana de Santiago,13,Estación Central,13106,2,2020-02-28
Metropolitana de Santiago,13,Estación Central,13106,1,2020-03-04
Metropolitana de Santiago,13,Estación Central,13106,3,2020-03-06
Metropolitana de Santiago,13,Estación Central,13106,2,2020-03-07
Metropolitana de Santiago,13,Estación Central,13106,1,2020-03-08
Metropolitana de Santiago,13,Estación Central,13106,3,2020-03-09
Metropolitana de Santiago,13,Estación Central,13106,2,2020-03-11
Metropolitana de Santiago,13,Estación Central,13106,1,2020-03-12
Metropolitana de Santiago,13,Estación Central,13106,2,2020-03-13
Metropolitana de Santiago,13,Estación Central,13106,3,2020-03-14
Metropolitana de Santiago,13,Estación Central,13106,1,2020-03-15
Metropolitana de Santiago,13,Estación Central,13106,2,2020-03-16
Metropolitana de Santiago,13,Estación Central,13106,3,2020-03-17
Metropolitana de Santiago,13,Estación Central,13106,1,2020-03-18
Metropolitana de Santiago,13,Estación Central,13106,1,2020-03-19
Metropolitana de Santiago,13,Estación Central,13106,2,2020-03-21
Metropolitana de Santiago,13,Estación Central,13106,1,2020-03-23
Metropolitana de Santiago,13,Estación Central,13106,1,2020-03-24
Metropolitana de Santiago,13,Estación Central,13106,3,2020-03-25
Metropolitana de Santiago,13,Estación Central,13106,1,2020-03-26
Metropolitana de Santiago,13,Estación Central,13106,1,2020-03-27
Metropolitana de Santiago,13,Estación Central,13106,2,2020-03-28
Metropolitana de Santiago,13,Estación Central,13106,3,2020-03-29
Metropolitana de Santiago,13,Estación Central,13106,4,2020-03-31
Metropolitana de Santiago,13,Estación Central,13106,1,2020-04-01
Metropolitana de Santiago,13,Estación Central,13106,2,2020-04-02
Metropolitana de Santiago,13,Estación Central,13106,1,2020-04-04
Metropolitana de Santiago,13,Estación Central,13106,2,2020-04-05
Metropolitana de Santiago,13,Estación Central,13106,2,2020-04-06
Metropolitana de Santiago,13,Estación Central,13106,2,2020-04-07
Metropolitana de Santiago,13,Estación Central,13106,3,2020-04-08
Metropolitana de Santiago,13,Estación Central,13106,2,2020-04-09
Metropolitana de Santiago,13,Estación Central,13106,1,2020-04-10
Metropolitana de Santiago,13,Estación Central,13106,3,2020-04-12
Metropolitana de Santiago,13,Estación Central,13106,5,2020-04-13
Metropolitana de Santiago,13,Estación Central,13106,2,2020-04-14
Metropolitana de Santiago,13,Estación Central,13106,5,2020-04-15
Metropolitana de Santiago,13,Estación Central,13106,1,2020-04-17
Metropolitana de Santiago,13,Estación Central,13106,1,2020-04-18
Metropolitana de Santiago,13,Estación Central,13106,1,2020-04-20
Metropolitana de Santiago,13,Estación Central,13106,2,2020-04-21
Metropolitana de Santiago,13,Estación Central,13106,2,2020-04-22
Metropolitana de Santiago,13,Estación Central,13106,2,2020-04-23
Metropolitana de Santiago,13,Estación Central,13106,2,2020-04-24
Metropolitana de Santiago,13,Estación Central,13106,2,2020-04-25
Metropolitana de Santiago,13,Estación Central,13106,2,2020-04-26
Metropolitana de Santiago,13,Estación Central,13106,2,2020-04-27
Metropolitana de Santiago,13,Estación Central,13106,5,2020-04-28
Metropolitana de Santiago,13,Estación Central,13106,1,2020-04-29
Metropolitana de Santiago,13,Estación Central,13106,1,2020-04-30
Metropolitana de Santiago,13,Estación Central,13106,3,2020-05-02
Metropolitana de Santiago,13,Estación Central,13106,2,2020-05-04
Metropolitana de Santiago,13,Estación Central,13106,2,2020-05-05
Metropolitana de Santiago,13,Estación Central,13106,4,2020-05-07
Metropolitana de Santiago,13,Estación Central,13106,3,2020-05-08
Metropolitana de Santiago,13,Estación Central,13106,4,2020-05-09
Metropolitana de Santiago,13,Estación Central,13106,3,2020-05-10
Metropolitana de Santiago,13,Estación Central,13106,1,2020-05-12
Metropolitana de Santiago,13,Estación Central,13106,1,2020-05-13
Metropolitana de Santiago,13,Estación Central,13106,3,2020-05-14
Metropolitana de Santiago,13,Estación Central,13106,1,2020-05-15
Metropolitana de Santiago,13,Estación Central,13106,1,2020-05-16
Metropolitana de Santiago,13,Estación Central,13106,2,2020-05-17
Metropolitana de Santiago,13,Estación Central,13106,1,2020-05-18
Metropolitana de Santiago,13,Estación Central,13106,4,2020-05-19
Metropolitana de Santiago,13,Estación Central,13106,3,2020-05-20
Metropolitana de Santiago,13,Estación Central,13106,4,2020-05-21
Metropolitana de Santiago,13,Estación Central,13106,5,2020-05-22
Metropolitana de Santiago,13,Estación Central,13106,9,2020-05-23
Metropolitana de Santiago,13,Estación Central,13106,7,2020-05-24
Metropolitana de Santiago,13,Estación Central,13106,6,2020-05-25
Metropolitana de Santiago,13,Estación Central,13106,5,2020-05-26
Metropolitana de Santiago,13,Estación Central,13106,1,2020-05-27
Metropolitana de Santiago,13,Estación Central,13106,13,2020-05-28
Metropolitana de Santiago,13,Estación Central,13106,5,2020-05-29
Metropolitana de Santiago,13,Estación Central,13106,5,2020-05-30
Metropolitana de Santiago,13,Estación Central,13106,5,2020-05-31
Metropolitana de Santiago,13,Estación Central,13106,10,2020-06-01
Metropolitana de Santiago,13,Estación Central,13106,8,2020-06-02
Metropolitana de Santiago,13,Estación Central,13106,14,2020-06-03
Metropolitana de Santiago,13,Estación Central,13106,6,2020-06-04
Metropolitana de Santiago,13,Estación Central,13106,11,2020-06-05
Metropolitana de Santiago,13,Estación Central,13106,3,2020-06-06
Metropolitana de Santiago,13,Estación Central,13106,14,2020-06-07
Metropolitana de Santiago,13,Estación Central,13106,6,2020-06-08
Metropolitana de Santiago,13,Estación Central,13106,12,2020-06-09
Metropolitana de Santiago,13,Estación Central,13106,11,2020-06-10
Metropolitana de Santiago,13,Estación Central,13106,13,2020-06-11
Metropolitana de Santiago,13,Estación Central,13106,4,2020-06-12
Metropolitana de Santiago,13,Estación Central,13106,10,2020-06-13
Metropolitana de Santiago,13,Estación Central,13106,9,2020-06-15
Metropolitana de Santiago,13,Estación Central,13106,6,2020-06-16
Metropolitana de Santiago,13,Estación Central,13106,8,2020-06-17
Metropolitana de Santiago,13,Estación Central,13106,7,2020-06-18
Metropolitana de Santiago,13,Estación Central,13106,7,2020-06-19
Metropolitana de Santiago,13,Estación Central,13106,4,2020-06-20
Metropolitana de Santiago,13,Estación Central,13106,5,2020-06-21
Metropolitana de Santiago,13,Estación Central,13106,9,2020-06-22
Metropolitana de Santiago,13,Estación Central,13106,4,2020-06-23
Metropolitana de Santiago,13,Estación Central,13106,4,2020-06-24
Metropolitana de Santiago,13,Estación Central,13106,4,2020-06-25
Metropolitana de Santiago,13,Estación Central,13106,8,2020-06-26
Metropolitana de Santiago,13,Estación Central,13106,3,2020-06-27
Metropolitana de Santiago,13,Estación Central,13106,6,2020-06-28
Metropolitana de Santiago,13,Estación Central,13106,8,2020-06-29
Metropolitana de Santiago,13,Estación Central,13106,1,2020-06-30
Metropolitana de Santiago,13,Estación Central,13106,8,2020-07-01
Metropolitana de Santiago,13,Estación Central,13106,8,2020-07-02
Metropolitana de Santiago,13,Estación Central,13106,3,2020-07-03
Metropolitana de Santiago,13,Estación Central,13106,4,2020-07-04
Metropolitana de Santiago,13,Estación Central,13106,4,2020-07-05
Metropolitana de Santiago,13,Estación Central,13106,3,2020-07-06
Metropolitana de Santiago,13,Estación Central,13106,7,2020-07-07
Metropolitana de Santiago,13,Estación Central,13106,3,2020-07-08
Metropolitana de Santiago,13,Estación Central,13106,2,2020-07-09
Metropolitana de Santiago,13,Estación Central,13106,5,2020-07-10
Metropolitana de Santiago,13,Estación Central,13106,8,2020-07-11
Metropolitana de Santiago,13,Estación Central,13106,4,2020-07-12
Metropolitana de Santiago,13,Estación Central,13106,2,2020-07-13
Metropolitana de Santiago,13,Estación Central,13106,6,2020-07-14
Metropolitana de Santiago,13,Estación Central,13106,3,2020-07-15
Metropolitana de Santiago,13,Estación Central,13106,4,2020-07-16
Metropolitana de Santiago,13,Estación Central,13106,4,2020-07-17
Metropolitana de Santiago,13,Estación Central,13106,2,2020-07-18
Metropolitana de Santiago,13,Estación Central,13106,3,2020-07-20
Metropolitana de Santiago,13,Estación Central,13106,5,2020-07-21
Metropolitana de Santiago,13,Estación Central,13106,3,2020-07-22
Metropolitana de Santiago,13,Estación Central,13106,5,2020-07-23
Metropolitana de Santiago,13,Estación Central,13106,4,2020-07-24
Metropolitana de Santiago,13,Estación Central,13106,5,2020-07-25
Metropolitana de Santiago,13,Estación Central,13106,2,2020-07-26
Metropolitana de Santiago,13,Estación Central,13106,4,2020-07-27
Metropolitana de Santiago,13,Estación Central,13106,1,2020-07-28
Metropolitana de Santiago,13,Estación Central,13106,4,2020-07-29
Metropolitana de Santiago,13,Estación Central,13106,4,2020-07-30
Metropolitana de Santiago,13,Estación Central,13106,4,2020-07-31
Metropolitana de Santiago,13,Estación Central,13106,2,2020-08-01
Metropolitana de Santiago,13,Estación Central,13106,2,2020-08-02
Metropolitana de Santiago,13,Estación Central,13106,1,2020-08-03
Metropolitana de Santiago,13,Estación Central,13106,2,2020-08-04
Metropolitana de Santiago,13,Estación Central,13106,2,2020-08-05
Metropolitana de Santiago,13,Estación Central,13106,3,2020-08-06
Metropolitana de Santiago,13,Estación Central,13106,2,2020-08-07
Metropolitana de Santiago,13,Estación Central,13106,3,2020-08-08
Metropolitana de Santiago,13,Estación Central,13106,6,2020-08-10
Metropolitana de Santiago,13,Estación Central,13106,2,2020-08-11
Metropolitana de Santiago,13,Estación Central,13106,2,2020-08-12
Metropolitana de Santiago,13,Estación Central,13106,1,2020-08-14
Metropolitana de Santiago,13,Estación Central,13106,3,2020-08-15
Metropolitana de Santiago,13,Estación Central,13106,1,2020-08-16
Metropolitana de Santiago,13,Estación Central,13106,2,2020-08-17
Metropolitana de Santiago,13,Estación Central,13106,2,2020-08-18
Metropolitana de Santiago,13,Estación Central,13106,3,2020-08-20
Metropolitana de Santiago,13,Estación Central,13106,1,2020-08-21
Metropolitana de Santiago,13,Estación Central,13106,5,2020-08-22
Metropolitana de Santiago,13,Estación Central,13106,1,2020-08-23
Metropolitana de Santiago,13,Estación Central,13106,1,2020-08-24
Metropolitana de Santiago,13,Estación Central,13106,4,2020-08-25
Metropolitana de Santiago,13,Estación Central,13106,3,2020-08-27
Metropolitana de Santiago,13,Estación Central,13106,2,2020-08-28
Metropolitana de Santiago,13,Estación Central,13106,5,2020-08-29
Metropolitana de Santiago,13,Estación Central,13106,1,2020-08-30
Metropolitana de Santiago,13,Estación Central,13106,2,2020-09-01
Metropolitana de Santiago,13,Estación Central,13106,5,2020-09-02
Metropolitana de Santiago,13,Estación Central,13106,2,2020-09-03
Metropolitana de Santiago,13,Estación Central,13106,3,2020-09-04
Metropolitana de Santiago,13,Estación Central,13106,1,2020-09-05
Metropolitana de Santiago,13,Estación Central,13106,4,2020-09-07
Metropolitana de Santiago,13,Estación Central,13106,6,2020-09-08
Metropolitana de Santiago,13,Estación Central,13106,3,2020-09-09
Metropolitana de Santiago,13,Estación Central,13106,5,2020-09-10
Metropolitana de Santiago,13,Estación Central,13106,1,2020-09-11
Metropolitana de Santiago,13,Estación Central,13106,4,2020-09-12
Metropolitana de Santiago,13,Estación Central,13106,2,2020-09-13
Metropolitana de Santiago,13,Estación Central,13106,1,2020-09-15
Metropolitana de Santiago,13,Estación Central,13106,1,2020-09-16
Metropolitana de Santiago,13,Estación Central,13106,3,2020-09-17
Metropolitana de Santiago,13,Estación Central,13106,4,2020-09-19
Metropolitana de Santiago,13,Estación Central,13106,4,2020-09-21
Metropolitana de Santiago,13,Estación Central,13106,1,2020-09-22
Metropolitana de Santiago,13,Estación Central,13106,1,2020-09-23
Metropolitana de Santiago,13,Estación Central,13106,2,2020-09-24
Metropolitana de Santiago,13,Estación Central,13106,3,2020-09-25
Metropolitana de Santiago,13,Estación Central,13106,1,2020-09-26
Metropolitana de Santiago,13,Estación Central,13106,3,2020-09-27
Metropolitana de Santiago,13,Estación Central,13106,2,2020-09-28
Metropolitana de Santiago,13,Estación Central,13106,6,2020-09-29
Metropolitana de Santiago,13,Estación Central,13106,2,2020-09-30
Metropolitana de Santiago,13,Estación Central,13106,1,2020-10-01
Metropolitana de Santiago,13,Estación Central,13106,2,2020-10-02
Metropolitana de Santiago,13,Estación Central,13106,2,2020-10-03
Metropolitana de Santiago,13,Estación Central,13106,5,2020-10-04
Metropolitana de Santiago,13,Estación Central,13106,2,2020-10-05
Metropolitana de Santiago,13,Estación Central,13106,3,2020-10-06
Metropolitana de Santiago,13,Estación Central,13106,2,2020-10-07
Metropolitana de Santiago,13,Estación Central,13106,4,2020-10-08
Metropolitana de Santiago,13,Estación Central,13106,1,2020-10-09
Metropolitana de Santiago,13,Estación Central,13106,1,2020-10-11
Metropolitana de Santiago,13,Estación Central,13106,1,2020-10-12
Metropolitana de Santiago,13,Estación Central,13106,1,2020-10-13
Metropolitana de Santiago,13,Estación Central,13106,2,2020-10-14
Metropolitana de Santiago,13,Estación Central,13106,4,2020-10-16
Metropolitana de Santiago,13,Estación Central,13106,1,2020-10-17
Metropolitana de Santiago,13,Estación Central,13106,1,2020-10-18
Metropolitana de Santiago,13,Estación Central,13106,1,2020-10-20
Metropolitana de Santiago,13,Estación Central,13106,1,2020-10-22
Metropolitana de Santiago,13,Estación Central,13106,1,2020-10-24
Metropolitana de Santiago,13,Estación Central,13106,1,2020-10-25
Metropolitana de Santiago,13,Estación Central,13106,3,2020-10-26
Metropolitana de Santiago,13,Estación Central,13106,4,2020-10-28
Metropolitana de Santiago,13,Estación Central,13106,3,2020-10-29
Metropolitana de Santiago,13,Estación Central,13106,3,2020-10-30
Metropolitana de Santiago,13,Estación Central,13106,1,2020-10-31
Metropolitana de Santiago,13,Estación Central,13106,3,2020-11-01
Metropolitana de Santiago,13,Estación Central,13106,2,2020-11-02
Metropolitana de Santiago,13,Estación Central,13106,3,2020-11-03
Metropolitana de Santiago,13,Estación Central,13106,1,2020-11-04
Metropolitana de Santiago,13,Estación Central,13106,2,2020-11-05
Metropolitana de Santiago,13,Estación Central,13106,4,2020-11-06
Metropolitana de Santiago,13,Estación Central,13106,3,2020-11-07
Metropolitana de Santiago,13,Estación Central,13106,2,2020-11-09
Metropolitana de Santiago,13,Estación Central,13106,2,2020-11-10
Metropolitana de Santiago,13,Estación Central,13106,1,2020-11-12
Metropolitana de Santiago,13,Estación Central,13106,6,2020-11-13
Metropolitana de Santiago,13,Estación Central,13106,1,2020-11-14
Metropolitana de Santiago,13,Estación Central,13106,4,2020-11-15
Metropolitana de Santiago,13,Estación Central,13106,5,2020-11-16
Metropolitana de Santiago,13,Estación Central,13106,2,2020-11-17
Metropolitana de Santiago,13,Estación Central,13106,2,2020-11-18
Metropolitana de Santiago,13,Estación Central,13106,1,2020-11-19
Metropolitana de Santiago,13,Estación Central,13106,3,2020-11-20
Metropolitana de Santiago,13,Estación Central,13106,3,2020-11-21
Metropolitana de Santiago,13,Estación Central,13106,3,2020-11-22
Metropolitana de Santiago,13,Estación Central,13106,2,2020-11-23
Metropolitana de Santiago,13,Estación Central,13106,2,2020-11-25
Metropolitana de Santiago,13,Estación Central,13106,2,2020-11-26
Metropolitana de Santiago,13,Estación Central,13106,3,2020-11-27
Metropolitana de Santiago,13,Estación Central,13106,1,2020-11-28
Metropolitana de Santiago,13,Estación Central,13106,1,2020-11-29
Metropolitana de Santiago,13,Estación Central,13106,5,2020-11-30
Metropolitana de Santiago,13,Estación Central,13106,1,2020-12-01
Metropolitana de Santiago,13,Estación Central,13106,4,2020-12-02
Metropolitana de Santiago,13,Estación Central,13106,1,2020-12-03
Metropolitana de Santiago,13,Estación Central,13106,3,2020-12-04
Metropolitana de Santiago,13,Estación Central,13106,4,2020-12-05
Metropolitana de Santiago,13,Estación Central,13106,1,2020-12-06
Metropolitana de Santiago,13,Estación Central,13106,3,2020-12-07
Metropolitana de Santiago,13,Estación Central,13106,1,2020-12-08
Metropolitana de Santiago,13,Estación Central,13106,3,2020-12-09
Metropolitana de Santiago,13,Estación Central,13106,5,2020-12-11
Metropolitana de Santiago,13,Estación Central,13106,2,2020-12-12
Metropolitana de Santiago,13,Estación Central,13106,4,2020-12-13
Metropolitana de Santiago,13,Estación Central,13106,2,2020-12-14
Metropolitana de Santiago,13,Estación Central,13106,2,2020-12-15
Metropolitana de Santiago,13,Estación Central,13106,3,2020-12-16
Metropolitana de Santiago,13,Estación Central,13106,1,2020-12-17
Metropolitana de Santiago,13,Estación Central,13106,5,2020-12-19
Metropolitana de Santiago,13,Estación Central,13106,3,2020-12-20
Metropolitana de Santiago,13,Estación Central,13106,4,2020-12-21
Metropolitana de Santiago,13,Estación Central,13106,2,2020-12-22
Metropolitana de Santiago,13,Estación Central,13106,2,2020-12-23
Metropolitana de Santiago,13,Estación Central,13106,2,2020-12-24
Metropolitana de Santiago,13,Estación Central,13106,3,2020-12-26
Metropolitana de Santiago,13,Estación Central,13106,2,2020-12-27
Metropolitana de Santiago,13,Estación Central,13106,3,2020-12-29
Metropolitana de Santiago,13,Estación Central,13106,1,2020-12-30
Metropolitana de Santiago,13,Estación Central,13106,5,2020-12-31
Metropolitana de Santiago,13,Estación Central,13106,4,2021-01-02
Metropolitana de Santiago,13,Estación Central,13106,2,2021-01-03
Metropolitana de Santiago,13,Estación Central,13106,2,2021-01-04
Metropolitana de Santiago,13,Estación Central,13106,3,2021-01-05
Metropolitana de Santiago,13,Estación Central,13106,5,2021-01-06
Metropolitana de Santiago,13,Estación Central,13106,1,2021-01-07
Metropolitana de Santiago,13,Estación Central,13106,1,2021-01-08
Metropolitana de Santiago,13,Estación Central,13106,6,2021-01-09
Metropolitana de Santiago,13,Estación Central,13106,1,2021-01-10
Metropolitana de Santiago,13,Estación Central,13106,4,2021-01-12
Metropolitana de Santiago,13,Estación Central,13106,1,2021-01-13
Metropolitana de Santiago,13,Huechuraba,13107,3,2020-01-02
Metropolitana de Santiago,13,Huechuraba,13107,1,2020-01-03
Metropolitana de Santiago,13,Huechuraba,13107,1,2020-01-05
Metropolitana de Santiago,13,Huechuraba,13107,1,2020-01-07
Metropolitana de Santiago,13,Huechuraba,13107,1,2020-01-11
Metropolitana de Santiago,13,Huechuraba,13107,1,2020-01-13
Metropolitana de Santiago,13,Huechuraba,13107,1,2020-01-15
Metropolitana de Santiago,13,Huechuraba,13107,2,2020-01-17
Metropolitana de Santiago,13,Huechuraba,13107,1,2020-01-18
Metropolitana de Santiago,13,Huechuraba,13107,2,2020-01-21
Metropolitana de Santiago,13,Huechuraba,13107,2,2020-01-22
Metropolitana de Santiago,13,Huechuraba,13107,1,2020-01-27
Metropolitana de Santiago,13,Huechuraba,13107,1,2020-01-28
Metropolitana de Santiago,13,Huechuraba,13107,1,2020-01-29
Metropolitana de Santiago,13,Huechuraba,13107,1,2020-01-31
Metropolitana de Santiago,13,Huechuraba,13107,1,2020-02-11
Metropolitana de Santiago,13,Huechuraba,13107,1,2020-02-15
Metropolitana de Santiago,13,Huechuraba,13107,2,2020-02-17
Metropolitana de Santiago,13,Huechuraba,13107,1,2020-02-21
Metropolitana de Santiago,13,Huechuraba,13107,1,2020-02-25
Metropolitana de Santiago,13,Huechuraba,13107,2,2020-02-27
Metropolitana de Santiago,13,Huechuraba,13107,2,2020-03-03
Metropolitana de Santiago,13,Huechuraba,13107,1,2020-03-05
Metropolitana de Santiago,13,Huechuraba,13107,2,2020-03-09
Metropolitana de Santiago,13,Huechuraba,13107,2,2020-03-11
Metropolitana de Santiago,13,Huechuraba,13107,1,2020-03-14
Metropolitana de Santiago,13,Huechuraba,13107,1,2020-03-15
Metropolitana de Santiago,13,Huechuraba,13107,2,2020-03-18
Metropolitana de Santiago,13,Huechuraba,13107,2,2020-03-19
Metropolitana de Santiago,13,Huechuraba,13107,2,2020-03-23
Metropolitana de Santiago,13,Huechuraba,13107,1,2020-03-28
Metropolitana de Santiago,13,Huechuraba,13107,2,2020-04-01
Metropolitana de Santiago,13,Huechuraba,13107,1,2020-04-03
Metropolitana de Santiago,13,Huechuraba,13107,1,2020-04-06
Metropolitana de Santiago,13,Huechuraba,13107,1,2020-04-08
Metropolitana de Santiago,13,Huechuraba,13107,1,2020-04-10
Metropolitana de Santiago,13,Huechuraba,13107,2,2020-04-11
Metropolitana de Santiago,13,Huechuraba,13107,1,2020-04-13
Metropolitana de Santiago,13,Huechuraba,13107,1,2020-04-15
Metropolitana de Santiago,13,Huechuraba,13107,2,2020-04-16
Metropolitana de Santiago,13,Huechuraba,13107,2,2020-04-18
Metropolitana de Santiago,13,Huechuraba,13107,3,2020-04-21
Metropolitana de Santiago,13,Huechuraba,13107,3,2020-04-22
Metropolitana de Santiago,13,Huechuraba,13107,1,2020-04-23
Metropolitana de Santiago,13,Huechuraba,13107,1,2020-04-27
Metropolitana de Santiago,13,Huechuraba,13107,2,2020-04-28
Metropolitana de Santiago,13,Huechuraba,13107,2,2020-04-29
Metropolitana de Santiago,13,Huechuraba,13107,1,2020-04-30
Metropolitana de Santiago,13,Huechuraba,13107,2,2020-05-02
Metropolitana de Santiago,13,Huechuraba,13107,1,2020-05-03
Metropolitana de Santiago,13,Huechuraba,13107,1,2020-05-04
Metropolitana de Santiago,13,Huechuraba,13107,2,2020-05-05
Metropolitana de Santiago,13,Huechuraba,13107,1,2020-05-06
Metropolitana de Santiago,13,Huechuraba,13107,1,2020-05-07
Metropolitana de Santiago,13,Huechuraba,13107,2,2020-05-11
Metropolitana de Santiago,13,Huechuraba,13107,2,2020-05-12
Metropolitana de Santiago,13,Huechuraba,13107,1,2020-05-13
Metropolitana de Santiago,13,Huechuraba,13107,2,2020-05-14
Metropolitana de Santiago,13,Huechuraba,13107,1,2020-05-15
Metropolitana de Santiago,13,Huechuraba,13107,3,2020-05-16
Metropolitana de Santiago,13,Huechuraba,13107,3,2020-05-17
Metropolitana de Santiago,13,Huechuraba,13107,3,2020-05-18
Metropolitana de Santiago,13,Huechuraba,13107,2,2020-05-20
Metropolitana de Santiago,13,Huechuraba,13107,1,2020-05-22
Metropolitana de Santiago,13,Huechuraba,13107,1,2020-05-23
Metropolitana de Santiago,13,Huechuraba,13107,2,2020-05-24
Metropolitana de Santiago,13,Huechuraba,13107,5,2020-05-25
Metropolitana de Santiago,13,Huechuraba,13107,2,2020-05-26
Metropolitana de Santiago,13,Huechuraba,13107,1,2020-05-27
Metropolitana de Santiago,13,Huechuraba,13107,3,2020-05-28
Metropolitana de Santiago,13,Huechuraba,13107,2,2020-05-29
Metropolitana de Santiago,13,Huechuraba,13107,2,2020-05-31
Metropolitana de Santiago,13,Huechuraba,13107,5,2020-06-01
Metropolitana de Santiago,13,Huechuraba,13107,4,2020-06-02
Metropolitana de Santiago,13,Huechuraba,13107,4,2020-06-03
Metropolitana de Santiago,13,Huechuraba,13107,2,2020-06-04
Metropolitana de Santiago,13,Huechuraba,13107,2,2020-06-05
Metropolitana de Santiago,13,Huechuraba,13107,5,2020-06-06
Metropolitana de Santiago,13,Huechuraba,13107,2,2020-06-07
Metropolitana de Santiago,13,Huechuraba,13107,2,2020-06-08
Metropolitana de Santiago,13,Huechuraba,13107,3,2020-06-09
Metropolitana de Santiago,13,Huechuraba,13107,3,2020-06-10
Metropolitana de Santiago,13,Huechuraba,13107,3,2020-06-12
Metropolitana de Santiago,13,Huechuraba,13107,2,2020-06-13
Metropolitana de Santiago,13,Huechuraba,13107,4,2020-06-14
Metropolitana de Santiago,13,Huechuraba,13107,2,2020-06-15
Metropolitana de Santiago,13,Huechuraba,13107,2,2020-06-16
Metropolitana de Santiago,13,Huechuraba,13107,3,2020-06-17
Metropolitana de Santiago,13,Huechuraba,13107,1,2020-06-18
Metropolitana de Santiago,13,Huechuraba,13107,6,2020-06-19
Metropolitana de Santiago,13,Huechuraba,13107,4,2020-06-20
Metropolitana de Santiago,13,Huechuraba,13107,2,2020-06-21
Metropolitana de Santiago,13,Huechuraba,13107,2,2020-06-22
Metropolitana de Santiago,13,Huechuraba,13107,3,2020-06-25
Metropolitana de Santiago,13,Huechuraba,13107,4,2020-06-26
Metropolitana de Santiago,13,Huechuraba,13107,1,2020-06-27
Metropolitana de Santiago,13,Huechuraba,13107,2,2020-06-28
Metropolitana de Santiago,13,Huechuraba,13107,3,2020-06-30
Metropolitana de Santiago,13,Huechuraba,13107,3,2020-07-01
Metropolitana de Santiago,13,Huechuraba,13107,1,2020-07-02
Metropolitana de Santiago,13,Huechuraba,13107,1,2020-07-03
Metropolitana de Santiago,13,Huechuraba,13107,3,2020-07-04
Metropolitana de Santiago,13,Huechuraba,13107,3,2020-07-05
Metropolitana de Santiago,13,Huechuraba,13107,1,2020-07-07
Metropolitana de Santiago,13,Huechuraba,13107,1,2020-07-08
Metropolitana de Santiago,13,Huechuraba,13107,1,2020-07-09
Metropolitana de Santiago,13,Huechuraba,13107,1,2020-07-10
Metropolitana de Santiago,13,Huechuraba,13107,1,2020-07-11
Metropolitana de Santiago,13,Huechuraba,13107,2,2020-07-12
Metropolitana de Santiago,13,Huechuraba,13107,1,2020-07-13
Metropolitana de Santiago,13,Huechuraba,13107,1,2020-07-15
Metropolitana de Santiago,13,Huechuraba,13107,1,2020-07-17
Metropolitana de Santiago,13,Huechuraba,13107,1,2020-07-18
Metropolitana de Santiago,13,Huechuraba,13107,3,2020-07-19
Metropolitana de Santiago,13,Huechuraba,13107,1,2020-07-20
Metropolitana de Santiago,13,Huechuraba,13107,1,2020-07-21
Metropolitana de Santiago,13,Huechuraba,13107,1,2020-07-22
Metropolitana de Santiago,13,Huechuraba,13107,2,2020-07-23
Metropolitana de Santiago,13,Huechuraba,13107,2,2020-07-25
Metropolitana de Santiago,13,Huechuraba,13107,1,2020-07-26
Metropolitana de Santiago,13,Huechuraba,13107,1,2020-07-27
Metropolitana de Santiago,13,Huechuraba,13107,1,2020-07-31
Metropolitana de Santiago,13,Huechuraba,13107,1,2020-08-02
Metropolitana de Santiago,13,Huechuraba,13107,1,2020-08-03
Metropolitana de Santiago,13,Huechuraba,13107,2,2020-08-04
Metropolitana de Santiago,13,Huechuraba,13107,1,2020-08-05
Metropolitana de Santiago,13,Huechuraba,13107,1,2020-08-09
Metropolitana de Santiago,13,Huechuraba,13107,3,2020-08-11
Metropolitana de Santiago,13,Huechuraba,13107,1,2020-08-13
Metropolitana de Santiago,13,Huechuraba,13107,2,2020-08-15
Metropolitana de Santiago,13,Huechuraba,13107,3,2020-08-17
Metropolitana de Santiago,13,Huechuraba,13107,2,2020-08-19
Metropolitana de Santiago,13,Huechuraba,13107,1,2020-08-21
Metropolitana de Santiago,13,Huechuraba,13107,1,2020-08-22
Metropolitana de Santiago,13,Huechuraba,13107,4,2020-08-24
Metropolitana de Santiago,13,Huechuraba,13107,5,2020-08-29
Metropolitana de Santiago,13,Huechuraba,13107,1,2020-08-31
Metropolitana de Santiago,13,Huechuraba,13107,1,2020-09-02
Metropolitana de Santiago,13,Huechuraba,13107,1,2020-09-04
Metropolitana de Santiago,13,Huechuraba,13107,1,2020-09-06
Metropolitana de Santiago,13,Huechuraba,13107,1,2020-09-07
Metropolitana de Santiago,13,Huechuraba,13107,1,2020-09-09
Metropolitana de Santiago,13,Huechuraba,13107,1,2020-09-10
Metropolitana de Santiago,13,Huechuraba,13107,2,2020-09-11
Metropolitana de Santiago,13,Huechuraba,13107,1,2020-09-20
Metropolitana de Santiago,13,Huechuraba,13107,2,2020-09-23
Metropolitana de Santiago,13,Huechuraba,13107,1,2020-09-27
Metropolitana de Santiago,13,Huechuraba,13107,1,2020-09-29
Metropolitana de Santiago,13,Huechuraba,13107,4,2020-10-01
Metropolitana de Santiago,13,Huechuraba,13107,1,2020-10-02
Metropolitana de Santiago,13,Huechuraba,13107,1,2020-10-03
Metropolitana de Santiago,13,Huechuraba,13107,2,2020-10-04
Metropolitana de Santiago,13,Huechuraba,13107,2,2020-10-05
Metropolitana de Santiago,13,Huechuraba,13107,1,2020-10-06
Metropolitana de Santiago,13,Huechuraba,13107,1,2020-10-09
Metropolitana de Santiago,13,Huechuraba,13107,1,2020-10-10
Metropolitana de Santiago,13,Huechuraba,13107,1,2020-10-12
Metropolitana de Santiago,13,Huechuraba,13107,2,2020-10-15
Metropolitana de Santiago,13,Huechuraba,13107,2,2020-10-16
Metropolitana de Santiago,13,Huechuraba,13107,3,2020-10-19
Metropolitana de Santiago,13,Huechuraba,13107,2,2020-10-20
Metropolitana de Santiago,13,Huechuraba,13107,1,2020-10-22
Metropolitana de Santiago,13,Huechuraba,13107,1,2020-10-23
Metropolitana de Santiago,13,Huechuraba,13107,1,2020-10-24
Metropolitana de Santiago,13,Huechuraba,13107,2,2020-10-27
Metropolitana de Santiago,13,Huechuraba,13107,1,2020-10-28
Metropolitana de Santiago,13,Huechuraba,13107,2,2020-10-29
Metropolitana de Santiago,13,Huechuraba,13107,1,2020-10-30
Metropolitana de Santiago,13,Huechuraba,13107,2,2020-11-02
Metropolitana de Santiago,13,Huechuraba,13107,1,2020-11-04
Metropolitana de Santiago,13,Huechuraba,13107,1,2020-11-07
Metropolitana de Santiago,13,Huechuraba,13107,2,2020-11-09
Metropolitana de Santiago,13,Huechuraba,13107,1,2020-11-10
Metropolitana de Santiago,13,Huechuraba,13107,1,2020-11-11
Metropolitana de Santiago,13,Huechuraba,13107,1,2020-11-12
Metropolitana de Santiago,13,Huechuraba,13107,1,2020-11-13
Metropolitana de Santiago,13,Huechuraba,13107,1,2020-11-14
Metropolitana de Santiago,13,Huechuraba,13107,1,2020-11-15
Metropolitana de Santiago,13,Huechuraba,13107,1,2020-11-16
Metropolitana de Santiago,13,Huechuraba,13107,1,2020-11-17
Metropolitana de Santiago,13,Huechuraba,13107,1,2020-11-22
Metropolitana de Santiago,13,Huechuraba,13107,1,2020-11-23
Metropolitana de Santiago,13,Huechuraba,13107,1,2020-11-24
Metropolitana de Santiago,13,Huechuraba,13107,2,2020-11-25
Metropolitana de Santiago,13,Huechuraba,13107,1,2020-11-26
Metropolitana de Santiago,13,Huechuraba,13107,1,2020-11-27
Metropolitana de Santiago,13,Huechuraba,13107,2,2020-11-28
Metropolitana de Santiago,13,Huechuraba,13107,1,2020-11-29
Metropolitana de Santiago,13,Huechuraba,13107,2,2020-12-01
Metropolitana de Santiago,13,Huechuraba,13107,2,2020-12-03
Metropolitana de Santiago,13,Huechuraba,13107,3,2020-12-04
Metropolitana de Santiago,13,Huechuraba,13107,2,2020-12-05
Metropolitana de Santiago,13,Huechuraba,13107,2,2020-12-07
Metropolitana de Santiago,13,Huechuraba,13107,1,2020-12-08
Metropolitana de Santiago,13,Huechuraba,13107,1,2020-12-09
Metropolitana de Santiago,13,Huechuraba,13107,2,2020-12-10
Metropolitana de Santiago,13,Huechuraba,13107,1,2020-12-11
Metropolitana de Santiago,13,Huechuraba,13107,3,2020-12-17
Metropolitana de Santiago,13,Huechuraba,13107,1,2020-12-18
Metropolitana de Santiago,13,Huechuraba,13107,1,2020-12-19
Metropolitana de Santiago,13,Huechuraba,13107,2,2020-12-21
Metropolitana de Santiago,13,Huechuraba,13107,1,2020-12-22
Metropolitana de Santiago,13,Huechuraba,13107,2,2020-12-23
Metropolitana de Santiago,13,Huechuraba,13107,1,2020-12-26
Metropolitana de Santiago,13,Huechuraba,13107,1,2020-12-27
Metropolitana de Santiago,13,Huechuraba,13107,1,2020-12-31
Metropolitana de Santiago,13,Huechuraba,13107,3,2021-01-03
Metropolitana de Santiago,13,Huechuraba,13107,1,2021-01-04
Metropolitana de Santiago,13,Huechuraba,13107,1,2021-01-05
Metropolitana de Santiago,13,Huechuraba,13107,2,2021-01-06
Metropolitana de Santiago,13,Huechuraba,13107,2,2021-01-07
Metropolitana de Santiago,13,Huechuraba,13107,1,2021-01-09
Metropolitana de Santiago,13,Huechuraba,13107,2,2021-01-13
Metropolitana de Santiago,13,Independencia,13108,1,2020-01-01
Metropolitana de Santiago,13,Independencia,13108,45,2020-01-02
Metropolitana de Santiago,13,Independencia,13108,25,2020-01-03
Metropolitana de Santiago,13,Independencia,13108,10,2020-01-04
Metropolitana de Santiago,13,Independencia,13108,14,2020-01-05
Metropolitana de Santiago,13,Independencia,13108,20,2020-01-06
Metropolitana de Santiago,13,Independencia,13108,19,2020-01-07
Metropolitana de Santiago,13,Independencia,13108,23,2020-01-08
Metropolitana de Santiago,13,Independencia,13108,30,2020-01-09
Metropolitana de Santiago,13,Independencia,13108,19,2020-01-10
Metropolitana de Santiago,13,Independencia,13108,5,2020-01-11
Metropolitana de Santiago,13,Independencia,13108,18,2020-01-12
Metropolitana de Santiago,13,Independencia,13108,39,2020-01-13
Metropolitana de Santiago,13,Independencia,13108,15,2020-01-14
Metropolitana de Santiago,13,Independencia,13108,17,2020-01-15
Metropolitana de Santiago,13,Independencia,13108,11,2020-01-16
Metropolitana de Santiago,13,Independencia,13108,9,2020-01-17
Metropolitana de Santiago,13,Independencia,13108,11,2020-01-18
Metropolitana de Santiago,13,Independencia,13108,19,2020-01-19
Metropolitana de Santiago,13,Independencia,13108,22,2020-01-20
Metropolitana de Santiago,13,Independencia,13108,28,2020-01-21
Metropolitana de Santiago,13,Independencia,13108,19,2020-01-22
Metropolitana de Santiago,13,Independencia,13108,24,2020-01-23
Metropolitana de Santiago,13,Independencia,13108,14,2020-01-24
Metropolitana de Santiago,13,Independencia,13108,9,2020-01-25
Metropolitana de Santiago,13,Independencia,13108,19,2020-01-26
Metropolitana de Santiago,13,Independencia,13108,27,2020-01-27
Metropolitana de Santiago,13,Independencia,13108,24,2020-01-28
Metropolitana de Santiago,13,Independencia,13108,16,2020-01-29
Metropolitana de Santiago,13,Independencia,13108,8,2020-01-30
Metropolitana de Santiago,13,Independencia,13108,31,2020-01-31
Metropolitana de Santiago,13,Independencia,13108,7,2020-02-01
Metropolitana de Santiago,13,Independencia,13108,10,2020-02-02
Metropolitana de Santiago,13,Independencia,13108,18,2020-02-03
Metropolitana de Santiago,13,Independencia,13108,20,2020-02-04
Metropolitana de Santiago,13,Independencia,13108,12,2020-02-05
Metropolitana de Santiago,13,Independencia,13108,19,2020-02-06
Metropolitana de Santiago,13,Independencia,13108,12,2020-02-07
Metropolitana de Santiago,13,Independencia,13108,9,2020-02-08
Metropolitana de Santiago,13,Independencia,13108,9,2020-02-09
Metropolitana de Santiago,13,Independencia,13108,20,2020-02-10
Metropolitana de Santiago,13,Independencia,13108,12,2020-02-11
Metropolitana de Santiago,13,Independencia,13108,19,2020-02-12
Metropolitana de Santiago,13,Independencia,13108,18,2020-02-13
Metropolitana de Santiago,13,Independencia,13108,23,2020-02-14
Metropolitana de Santiago,13,Independencia,13108,4,2020-02-15
Metropolitana de Santiago,13,Independencia,13108,16,2020-02-16
Metropolitana de Santiago,13,Independencia,13108,26,2020-02-17
Metropolitana de Santiago,13,Independencia,13108,16,2020-02-18
Metropolitana de Santiago,13,Independencia,13108,22,2020-02-19
Metropolitana de Santiago,13,Independencia,13108,15,2020-02-20
Metropolitana de Santiago,13,Independencia,13108,15,2020-02-21
Metropolitana de Santiago,13,Independencia,13108,22,2020-02-24
Metropolitana de Santiago,13,Independencia,13108,17,2020-02-25
Metropolitana de Santiago,13,Independencia,13108,19,2020-02-26
Metropolitana de Santiago,13,Independencia,13108,14,2020-02-27
Metropolitana de Santiago,13,Independencia,13108,20,2020-02-28
Metropolitana de Santiago,13,Independencia,13108,23,2020-03-02
Metropolitana de Santiago,13,Independencia,13108,25,2020-03-03
Metropolitana de Santiago,13,Independencia,13108,22,2020-03-04
Metropolitana de Santiago,13,Independencia,13108,17,2020-03-05
Metropolitana de Santiago,13,Independencia,13108,16,2020-03-06
Metropolitana de Santiago,13,Independencia,13108,7,2020-03-07
Metropolitana de Santiago,13,Independencia,13108,14,2020-03-08
Metropolitana de Santiago,13,Independencia,13108,21,2020-03-09
Metropolitana de Santiago,13,Independencia,13108,28,2020-03-10
Metropolitana de Santiago,13,Independencia,13108,12,2020-03-11
Metropolitana de Santiago,13,Independencia,13108,24,2020-03-12
Metropolitana de Santiago,13,Independencia,13108,11,2020-03-13
Metropolitana de Santiago,13,Independencia,13108,7,2020-03-14
Metropolitana de Santiago,13,Independencia,13108,14,2020-03-15
Metropolitana de Santiago,13,Independencia,13108,23,2020-03-16
Metropolitana de Santiago,13,Independencia,13108,12,2020-03-17
Metropolitana de Santiago,13,Independencia,13108,3,2020-03-18
Metropolitana de Santiago,13,Independencia,13108,15,2020-03-19
Metropolitana de Santiago,13,Independencia,13108,20,2020-03-20
Metropolitana de Santiago,13,Independencia,13108,6,2020-03-21
Metropolitana de Santiago,13,Independencia,13108,14,2020-03-22
Metropolitana de Santiago,13,Independencia,13108,18,2020-03-23
Metropolitana de Santiago,13,Independencia,13108,14,2020-03-24
Metropolitana de Santiago,13,Independencia,13108,16,2020-03-25
Metropolitana de Santiago,13,Independencia,13108,15,2020-03-26
Metropolitana de Santiago,13,Independencia,13108,9,2020-03-27
Metropolitana de Santiago,13,Independencia,13108,8,2020-03-28
Metropolitana de Santiago,13,Independencia,13108,15,2020-03-29
Metropolitana de Santiago,13,Independencia,13108,23,2020-03-30
Metropolitana de Santiago,13,Independencia,13108,23,2020-03-31
Metropolitana de Santiago,13,Independencia,13108,16,2020-04-01
Metropolitana de Santiago,13,Independencia,13108,8,2020-04-02
Metropolitana de Santiago,13,Independencia,13108,16,2020-04-03
Metropolitana de Santiago,13,Independencia,13108,11,2020-04-04
Metropolitana de Santiago,13,Independencia,13108,17,2020-04-05
Metropolitana de Santiago,13,Independencia,13108,28,2020-04-06
Metropolitana de Santiago,13,Independencia,13108,17,2020-04-07
Metropolitana de Santiago,13,Independencia,13108,8,2020-04-08
Metropolitana de Santiago,13,Independencia,13108,20,2020-04-09
Metropolitana de Santiago,13,Independencia,13108,17,2020-04-10
Metropolitana de Santiago,13,Independencia,13108,19,2020-04-11
Metropolitana de Santiago,13,Independencia,13108,11,2020-04-12
Metropolitana de Santiago,13,Independencia,13108,25,2020-04-13
Metropolitana de Santiago,13,Independencia,13108,14,2020-04-14
Metropolitana de Santiago,13,Independencia,13108,27,2020-04-15
Metropolitana de Santiago,13,Independencia,13108,25,2020-04-16
Metropolitana de Santiago,13,Independencia,13108,25,2020-04-17
Metropolitana de Santiago,13,Independencia,13108,5,2020-04-18
Metropolitana de Santiago,13,Independencia,13108,7,2020-04-19
Metropolitana de Santiago,13,Independencia,13108,29,2020-04-20
Metropolitana de Santiago,13,Independencia,13108,11,2020-04-21
Metropolitana de Santiago,13,Independencia,13108,18,2020-04-22
Metropolitana de Santiago,13,Independencia,13108,20,2020-04-23
Metropolitana de Santiago,13,Independencia,13108,19,2020-04-24
Metropolitana de Santiago,13,Independencia,13108,5,2020-04-25
Metropolitana de Santiago,13,Independencia,13108,9,2020-04-26
Metropolitana de Santiago,13,Independencia,13108,23,2020-04-27
Metropolitana de Santiago,13,Independencia,13108,28,2020-04-28
Metropolitana de Santiago,13,Independencia,13108,18,2020-04-29
Metropolitana de Santiago,13,Independencia,13108,10,2020-04-30
Metropolitana de Santiago,13,Independencia,13108,21,2020-05-02
Metropolitana de Santiago,13,Independencia,13108,11,2020-05-03
Metropolitana de Santiago,13,Independencia,13108,33,2020-05-04
Metropolitana de Santiago,13,Independencia,13108,20,2020-05-05
Metropolitana de Santiago,13,Independencia,13108,17,2020-05-06
Metropolitana de Santiago,13,Independencia,13108,23,2020-05-07
Metropolitana de Santiago,13,Independencia,13108,27,2020-05-08
Metropolitana de Santiago,13,Independencia,13108,13,2020-05-09
Metropolitana de Santiago,13,Independencia,13108,20,2020-05-10
Metropolitana de Santiago,13,Independencia,13108,37,2020-05-11
Metropolitana de Santiago,13,Independencia,13108,24,2020-05-12
Metropolitana de Santiago,13,Independencia,13108,25,2020-05-13
Metropolitana de Santiago,13,Independencia,13108,18,2020-05-14
Metropolitana de Santiago,13,Independencia,13108,29,2020-05-15
Metropolitana de Santiago,13,Independencia,13108,13,2020-05-16
Metropolitana de Santiago,13,Independencia,13108,15,2020-05-17
Metropolitana de Santiago,13,Independencia,13108,42,2020-05-18
Metropolitana de Santiago,13,Independencia,13108,13,2020-05-19
Metropolitana de Santiago,13,Independencia,13108,22,2020-05-20
Metropolitana de Santiago,13,Independencia,13108,12,2020-05-21
Metropolitana de Santiago,13,Independencia,13108,34,2020-05-22
Metropolitana de Santiago,13,Independencia,13108,13,2020-05-23
Metropolitana de Santiago,13,Independencia,13108,20,2020-05-24
Metropolitana de Santiago,13,Independencia,13108,51,2020-05-25
Metropolitana de Santiago,13,Independencia,13108,32,2020-05-26
Metropolitana de Santiago,13,Independencia,13108,44,2020-05-27
Metropolitana de Santiago,13,Independencia,13108,34,2020-05-28
Metropolitana de Santiago,13,Independencia,13108,38,2020-05-29
Metropolitana de Santiago,13,Independencia,13108,18,2020-05-30
Metropolitana de Santiago,13,Independencia,13108,31,2020-05-31
Metropolitana de Santiago,13,Independencia,13108,47,2020-06-01
Metropolitana de Santiago,13,Independencia,13108,38,2020-06-02
Metropolitana de Santiago,13,Independencia,13108,27,2020-06-03
Metropolitana de Santiago,13,Independencia,13108,39,2020-06-04
Metropolitana de Santiago,13,Independencia,13108,31,2020-06-05
Metropolitana de Santiago,13,Independencia,13108,23,2020-06-06
Metropolitana de Santiago,13,Independencia,13108,27,2020-06-07
Metropolitana de Santiago,13,Independencia,13108,41,2020-06-08
Metropolitana de Santiago,13,Independencia,13108,26,2020-06-09
Metropolitana de Santiago,13,Independencia,13108,45,2020-06-10
Metropolitana de Santiago,13,Independencia,13108,37,2020-06-11
Metropolitana de Santiago,13,Independencia,13108,46,2020-06-12
Metropolitana de Santiago,13,Independencia,13108,22,2020-06-13
Metropolitana de Santiago,13,Independencia,13108,15,2020-06-14
Metropolitana de Santiago,13,Independencia,13108,31,2020-06-15
Metropolitana de Santiago,13,Independencia,13108,33,2020-06-16
Metropolitana de Santiago,13,Independencia,13108,45,2020-06-17
Metropolitana de Santiago,13,Independencia,13108,28,2020-06-18
Metropolitana de Santiago,13,Independencia,13108,32,2020-06-19
Metropolitana de Santiago,13,Independencia,13108,18,2020-06-20
Metropolitana de Santiago,13,Independencia,13108,17,2020-06-21
Metropolitana de Santiago,13,Independencia,13108,35,2020-06-22
Metropolitana de Santiago,13,Independencia,13108,27,2020-06-23
Metropolitana de Santiago,13,Independencia,13108,25,2020-06-24
Metropolitana de Santiago,13,Independencia,13108,19,2020-06-25
Metropolitana de Santiago,13,Independencia,13108,24,2020-06-26
Metropolitana de Santiago,13,Independencia,13108,7,2020-06-27
Metropolitana de Santiago,13,Independencia,13108,24,2020-06-28
Metropolitana de Santiago,13,Independencia,13108,25,2020-06-29
Metropolitana de Santiago,13,Independencia,13108,28,2020-06-30
Metropolitana de Santiago,13,Independencia,13108,23,2020-07-01
Metropolitana de Santiago,13,Independencia,13108,28,2020-07-02
Metropolitana de Santiago,13,Independencia,13108,21,2020-07-03
Metropolitana de Santiago,13,Independencia,13108,16,2020-07-04
Metropolitana de Santiago,13,Independencia,13108,16,2020-07-05
Metropolitana de Santiago,13,Independencia,13108,22,2020-07-06
Metropolitana de Santiago,13,Independencia,13108,27,2020-07-07
Metropolitana de Santiago,13,Independencia,13108,26,2020-07-08
Metropolitana de Santiago,13,Independencia,13108,23,2020-07-09
Metropolitana de Santiago,13,Independencia,13108,19,2020-07-10
Metropolitana de Santiago,13,Independencia,13108,3,2020-07-11
Metropolitana de Santiago,13,Independencia,13108,12,2020-07-12
Metropolitana de Santiago,13,Independencia,13108,30,2020-07-13
Metropolitana de Santiago,13,Independencia,13108,15,2020-07-14
Metropolitana de Santiago,13,Independencia,13108,16,2020-07-15
Metropolitana de Santiago,13,Independencia,13108,13,2020-07-16
Metropolitana de Santiago,13,Independencia,13108,29,2020-07-17
Metropolitana de Santiago,13,Independencia,13108,9,2020-07-18
Metropolitana de Santiago,13,Independencia,13108,17,2020-07-19
Metropolitana de Santiago,13,Independencia,13108,23,2020-07-20
Metropolitana de Santiago,13,Independencia,13108,16,2020-07-21
Metropolitana de Santiago,13,Independencia,13108,24,2020-07-22
Metropolitana de Santiago,13,Independencia,13108,20,2020-07-23
Metropolitana de Santiago,13,Independencia,13108,17,2020-07-24
Metropolitana de Santiago,13,Independencia,13108,7,2020-07-25
Metropolitana de Santiago,13,Independencia,13108,13,2020-07-26
Metropolitana de Santiago,13,Independencia,13108,21,2020-07-27
Metropolitana de Santiago,13,Independencia,13108,21,2020-07-28
Metropolitana de Santiago,13,Independencia,13108,17,2020-07-29
Metropolitana de Santiago,13,Independencia,13108,27,2020-07-30
Metropolitana de Santiago,13,Independencia,13108,11,2020-07-31
Metropolitana de Santiago,13,Independencia,13108,12,2020-08-01
Metropolitana de Santiago,13,Independencia,13108,10,2020-08-02
Metropolitana de Santiago,13,Independencia,13108,30,2020-08-03
Metropolitana de Santiago,13,Independencia,13108,11,2020-08-04
Metropolitana de Santiago,13,Independencia,13108,16,2020-08-05
Metropolitana de Santiago,13,Independencia,13108,11,2020-08-06
Metropolitana de Santiago,13,Independencia,13108,17,2020-08-07
Metropolitana de Santiago,13,Independencia,13108,13,2020-08-08
Metropolitana de Santiago,13,Independencia,13108,8,2020-08-09
Metropolitana de Santiago,13,Independencia,13108,18,2020-08-10
Metropolitana de Santiago,13,Independencia,13108,12,2020-08-11
Metropolitana de Santiago,13,Independencia,13108,16,2020-08-12
Metropolitana de Santiago,13,Independencia,13108,17,2020-08-13
Metropolitana de Santiago,13,Independencia,13108,15,2020-08-14
Metropolitana de Santiago,13,Independencia,13108,5,2020-08-15
Metropolitana de Santiago,13,Independencia,13108,8,2020-08-16
Metropolitana de Santiago,13,Independencia,13108,18,2020-08-17
Metropolitana de Santiago,13,Independencia,13108,26,2020-08-18
Metropolitana de Santiago,13,Independencia,13108,20,2020-08-19
Metropolitana de Santiago,13,Independencia,13108,17,2020-08-20
Metropolitana de Santiago,13,Independencia,13108,17,2020-08-21
Metropolitana de Santiago,13,Independencia,13108,15,2020-08-22
Metropolitana de Santiago,13,Independencia,13108,13,2020-08-23
Metropolitana de Santiago,13,Independencia,13108,26,2020-08-24
Metropolitana de Santiago,13,Independencia,13108,20,2020-08-25
Metropolitana de Santiago,13,Independencia,13108,19,2020-08-26
Metropolitana de Santiago,13,Independencia,13108,22,2020-08-27
Metropolitana de Santiago,13,Independencia,13108,15,2020-08-28
Metropolitana de Santiago,13,Independencia,13108,11,2020-08-29
Metropolitana de Santiago,13,Independencia,13108,14,2020-08-30
Metropolitana de Santiago,13,Independencia,13108,14,2020-08-31
Metropolitana de Santiago,13,Independencia,13108,13,2020-09-01
Metropolitana de Santiago,13,Independencia,13108,15,2020-09-02
Metropolitana de Santiago,13,Independencia,13108,22,2020-09-03
Metropolitana de Santiago,13,Independencia,13108,13,2020-09-04
Metropolitana de Santiago,13,Independencia,13108,11,2020-09-05
Metropolitana de Santiago,13,Independencia,13108,6,2020-09-06
Metropolitana de Santiago,13,Independencia,13108,25,2020-09-07
Metropolitana de Santiago,13,Independencia,13108,11,2020-09-08
Metropolitana de Santiago,13,Independencia,13108,7,2020-09-09
Metropolitana de Santiago,13,Independencia,13108,20,2020-09-10
Metropolitana de Santiago,13,Independencia,13108,16,2020-09-11
Metropolitana de Santiago,13,Independencia,13108,8,2020-09-12
Metropolitana de Santiago,13,Independencia,13108,14,2020-09-13
Metropolitana de Santiago,13,Independencia,13108,23,2020-09-14
Metropolitana de Santiago,13,Independencia,13108,20,2020-09-15
Metropolitana de Santiago,13,Independencia,13108,13,2020-09-16
Metropolitana de Santiago,13,Independencia,13108,16,2020-09-17
Metropolitana de Santiago,13,Independencia,13108,3,2020-09-18
Metropolitana de Santiago,13,Independencia,13108,13,2020-09-19
Metropolitana de Santiago,13,Independencia,13108,13,2020-09-20
Metropolitana de Santiago,13,Independencia,13108,24,2020-09-21
Metropolitana de Santiago,13,Independencia,13108,25,2020-09-22
Metropolitana de Santiago,13,Independencia,13108,15,2020-09-23
Metropolitana de Santiago,13,Independencia,13108,16,2020-09-24
Metropolitana de Santiago,13,Independencia,13108,15,2020-09-25
Metropolitana de Santiago,13,Independencia,13108,7,2020-09-26
Metropolitana de Santiago,13,Independencia,13108,6,2020-09-27
Metropolitana de Santiago,13,Independencia,13108,16,2020-09-28
Metropolitana de Santiago,13,Independencia,13108,23,2020-09-29
Metropolitana de Santiago,13,Independencia,13108,10,2020-09-30
Metropolitana de Santiago,13,Independencia,13108,20,2020-10-01
Metropolitana de Santiago,13,Independencia,13108,24,2020-10-02
Metropolitana de Santiago,13,Independencia,13108,15,2020-10-03
Metropolitana de Santiago,13,Independencia,13108,10,2020-10-04
Metropolitana de Santiago,13,Independencia,13108,20,2020-10-05
Metropolitana de Santiago,13,Independencia,13108,23,2020-10-06
Metropolitana de Santiago,13,Independencia,13108,13,2020-10-07
Metropolitana de Santiago,13,Independencia,13108,18,2020-10-08
Metropolitana de Santiago,13,Independencia,13108,19,2020-10-09
Metropolitana de Santiago,13,Independencia,13108,5,2020-10-10
Metropolitana de Santiago,13,Independencia,13108,9,2020-10-11
Metropolitana de Santiago,13,Independencia,13108,12,2020-10-12
Metropolitana de Santiago,13,Independencia,13108,21,2020-10-13
Metropolitana de Santiago,13,Independencia,13108,16,2020-10-14
Metropolitana de Santiago,13,Independencia,13108,13,2020-10-15
Metropolitana de Santiago,13,Independencia,13108,17,2020-10-16
Metropolitana de Santiago,13,Independencia,13108,10,2020-10-17
Metropolitana de Santiago,13,Independencia,13108,15,2020-10-18
Metropolitana de Santiago,13,Independencia,13108,10,2020-10-19
Metropolitana de Santiago,13,Independencia,13108,12,2020-10-20
Metropolitana de Santiago,13,Independencia,13108,16,2020-10-21
Metropolitana de Santiago,13,Independencia,13108,18,2020-10-22
Metropolitana de Santiago,13,Independencia,13108,9,2020-10-23
Metropolitana de Santiago,13,Independencia,13108,7,2020-10-24
Metropolitana de Santiago,13,Independencia,13108,5,2020-10-25
Metropolitana de Santiago,13,Independencia,13108,21,2020-10-26
Metropolitana de Santiago,13,Independencia,13108,17,2020-10-27
Metropolitana de Santiago,13,Independencia,13108,10,2020-10-28
Metropolitana de Santiago,13,Independencia,13108,11,2020-10-29
Metropolitana de Santiago,13,Independencia,13108,13,2020-10-30
Metropolitana de Santiago,13,Independencia,13108,18,2020-10-31
Metropolitana de Santiago,13,Independencia,13108,10,2020-11-01
Metropolitana de Santiago,13,Independencia,13108,23,2020-11-02
Metropolitana de Santiago,13,Independencia,13108,18,2020-11-03
Metropolitana de Santiago,13,Independencia,13108,21,2020-11-04
Metropolitana de Santiago,13,Independencia,13108,17,2020-11-05
Metropolitana de Santiago,13,Independencia,13108,11,2020-11-06
Metropolitana de Santiago,13,Independencia,13108,5,2020-11-07
Metropolitana de Santiago,13,Independencia,13108,16,2020-11-08
Metropolitana de Santiago,13,Independencia,13108,25,2020-11-09
Metropolitana de Santiago,13,Independencia,13108,18,2020-11-10
Metropolitana de Santiago,13,Independencia,13108,18,2020-11-11
Metropolitana de Santiago,13,Independencia,13108,19,2020-11-12
Metropolitana de Santiago,13,Independencia,13108,21,2020-11-13
Metropolitana de Santiago,13,Independencia,13108,6,2020-11-14
Metropolitana de Santiago,13,Independencia,13108,13,2020-11-15
Metropolitana de Santiago,13,Independencia,13108,17,2020-11-16
Metropolitana de Santiago,13,Independencia,13108,16,2020-11-17
Metropolitana de Santiago,13,Independencia,13108,23,2020-11-18
Metropolitana de Santiago,13,Independencia,13108,18,2020-11-19
Metropolitana de Santiago,13,Independencia,13108,20,2020-11-20
Metropolitana de Santiago,13,Independencia,13108,2,2020-11-21
Metropolitana de Santiago,13,Independencia,13108,17,2020-11-22
Metropolitana de Santiago,13,Independencia,13108,20,2020-11-23
Metropolitana de Santiago,13,Independencia,13108,23,2020-11-24
Metropolitana de Santiago,13,Independencia,13108,6,2020-11-25
Metropolitana de Santiago,13,Independencia,13108,8,2020-11-26
Metropolitana de Santiago,13,Independencia,13108,15,2020-11-27
Metropolitana de Santiago,13,Independencia,13108,11,2020-11-28
Metropolitana de Santiago,13,Independencia,13108,12,2020-11-29
Metropolitana de Santiago,13,Independencia,13108,17,2020-11-30
Metropolitana de Santiago,13,Independencia,13108,12,2020-12-01
Metropolitana de Santiago,13,Independencia,13108,17,2020-12-02
Metropolitana de Santiago,13,Independencia,13108,17,2020-12-03
Metropolitana de Santiago,13,Independencia,13108,18,2020-12-04
Metropolitana de Santiago,13,Independencia,13108,5,2020-12-05
Metropolitana de Santiago,13,Independencia,13108,9,2020-12-06
Metropolitana de Santiago,13,Independencia,13108,22,2020-12-07
Metropolitana de Santiago,13,Independencia,13108,4,2020-12-08
Metropolitana de Santiago,13,Independencia,13108,26,2020-12-09
Metropolitana de Santiago,13,Independencia,13108,20,2020-12-10
Metropolitana de Santiago,13,Independencia,13108,9,2020-12-11
Metropolitana de Santiago,13,Independencia,13108,2,2020-12-12
Metropolitana de Santiago,13,Independencia,13108,9,2020-12-13
Metropolitana de Santiago,13,Independencia,13108,16,2020-12-14
Metropolitana de Santiago,13,Independencia,13108,18,2020-12-15
Metropolitana de Santiago,13,Independencia,13108,14,2020-12-16
Metropolitana de Santiago,13,Independencia,13108,24,2020-12-17
Metropolitana de Santiago,13,Independencia,13108,12,2020-12-18
Metropolitana de Santiago,13,Independencia,13108,9,2020-12-19
Metropolitana de Santiago,13,Independencia,13108,12,2020-12-20
Metropolitana de Santiago,13,Independencia,13108,15,2020-12-21
Metropolitana de Santiago,13,Independencia,13108,25,2020-12-22
Metropolitana de Santiago,13,Independencia,13108,16,2020-12-23
Metropolitana de Santiago,13,Independencia,13108,7,2020-12-24
Metropolitana de Santiago,13,Independencia,13108,28,2020-12-26
Metropolitana de Santiago,13,Independencia,13108,15,2020-12-27
Metropolitana de Santiago,13,Independencia,13108,25,2020-12-28
Metropolitana de Santiago,13,Independencia,13108,14,2020-12-29
Metropolitana de Santiago,13,Independencia,13108,18,2020-12-30
Metropolitana de Santiago,13,Independencia,13108,5,2020-12-31
Metropolitana de Santiago,13,Independencia,13108,33,2021-01-02
Metropolitana de Santiago,13,Independencia,13108,14,2021-01-03
Metropolitana de Santiago,13,Independencia,13108,23,2021-01-04
Metropolitana de Santiago,13,Independencia,13108,16,2021-01-05
Metropolitana de Santiago,13,Independencia,13108,23,2021-01-06
Metropolitana de Santiago,13,Independencia,13108,14,2021-01-07
Metropolitana de Santiago,13,Independencia,13108,21,2021-01-08
Metropolitana de Santiago,13,Independencia,13108,3,2021-01-09
Metropolitana de Santiago,13,Independencia,13108,14,2021-01-10
Metropolitana de Santiago,13,Independencia,13108,8,2021-01-11
Metropolitana de Santiago,13,Independencia,13108,12,2021-01-12
Metropolitana de Santiago,13,Independencia,13108,15,2021-01-13
Metropolitana de Santiago,13,Independencia,13108,15,2021-01-14
Metropolitana de Santiago,13,La Cisterna,13109,2,2020-01-02
Metropolitana de Santiago,13,La Cisterna,13109,3,2020-01-03
Metropolitana de Santiago,13,La Cisterna,13109,2,2020-01-04
Metropolitana de Santiago,13,La Cisterna,13109,1,2020-01-05
Metropolitana de Santiago,13,La Cisterna,13109,1,2020-01-07
Metropolitana de Santiago,13,La Cisterna,13109,5,2020-01-09
Metropolitana de Santiago,13,La Cisterna,13109,2,2020-01-13
Metropolitana de Santiago,13,La Cisterna,13109,1,2020-01-16
Metropolitana de Santiago,13,La Cisterna,13109,2,2020-01-17
Metropolitana de Santiago,13,La Cisterna,13109,2,2020-01-18
Metropolitana de Santiago,13,La Cisterna,13109,1,2020-01-19
Metropolitana de Santiago,13,La Cisterna,13109,1,2020-01-21
Metropolitana de Santiago,13,La Cisterna,13109,2,2020-01-22
Metropolitana de Santiago,13,La Cisterna,13109,1,2020-01-23
Metropolitana de Santiago,13,La Cisterna,13109,2,2020-01-26
Metropolitana de Santiago,13,La Cisterna,13109,2,2020-01-29
Metropolitana de Santiago,13,La Cisterna,13109,3,2020-01-31
Metropolitana de Santiago,13,La Cisterna,13109,1,2020-02-02
Metropolitana de Santiago,13,La Cisterna,13109,1,2020-02-03
Metropolitana de Santiago,13,La Cisterna,13109,1,2020-02-04
Metropolitana de Santiago,13,La Cisterna,13109,1,2020-02-05
Metropolitana de Santiago,13,La Cisterna,13109,1,2020-02-08
Metropolitana de Santiago,13,La Cisterna,13109,1,2020-02-09
Metropolitana de Santiago,13,La Cisterna,13109,1,2020-02-10
Metropolitana de Santiago,13,La Cisterna,13109,1,2020-02-11
Metropolitana de Santiago,13,La Cisterna,13109,2,2020-02-12
Metropolitana de Santiago,13,La Cisterna,13109,1,2020-02-14
Metropolitana de Santiago,13,La Cisterna,13109,1,2020-02-15
Metropolitana de Santiago,13,La Cisterna,13109,1,2020-02-17
Metropolitana de Santiago,13,La Cisterna,13109,1,2020-02-18
Metropolitana de Santiago,13,La Cisterna,13109,1,2020-02-19
Metropolitana de Santiago,13,La Cisterna,13109,1,2020-02-21
Metropolitana de Santiago,13,La Cisterna,13109,1,2020-02-25
Metropolitana de Santiago,13,La Cisterna,13109,2,2020-02-26
Metropolitana de Santiago,13,La Cisterna,13109,1,2020-02-27
Metropolitana de Santiago,13,La Cisterna,13109,1,2020-02-28
Metropolitana de Santiago,13,La Cisterna,13109,1,2020-03-03
Metropolitana de Santiago,13,La Cisterna,13109,1,2020-03-04
Metropolitana de Santiago,13,La Cisterna,13109,2,2020-03-05
Metropolitana de Santiago,13,La Cisterna,13109,1,2020-03-07
Metropolitana de Santiago,13,La Cisterna,13109,2,2020-03-08
Metropolitana de Santiago,13,La Cisterna,13109,1,2020-03-09
Metropolitana de Santiago,13,La Cisterna,13109,2,2020-03-10
Metropolitana de Santiago,13,La Cisterna,13109,1,2020-03-11
Metropolitana de Santiago,13,La Cisterna,13109,1,2020-03-13
Metropolitana de Santiago,13,La Cisterna,13109,1,2020-03-14
Metropolitana de Santiago,13,La Cisterna,13109,2,2020-03-16
Metropolitana de Santiago,13,La Cisterna,13109,3,2020-03-17
Metropolitana de Santiago,13,La Cisterna,13109,3,2020-03-18
Metropolitana de Santiago,13,La Cisterna,13109,3,2020-03-19
Metropolitana de Santiago,13,La Cisterna,13109,1,2020-03-20
Metropolitana de Santiago,13,La Cisterna,13109,1,2020-03-22
Metropolitana de Santiago,13,La Cisterna,13109,1,2020-03-24
Metropolitana de Santiago,13,La Cisterna,13109,1,2020-03-25
Metropolitana de Santiago,13,La Cisterna,13109,2,2020-03-26
Metropolitana de Santiago,13,La Cisterna,13109,2,2020-03-27
Metropolitana de Santiago,13,La Cisterna,13109,2,2020-03-29
Metropolitana de Santiago,13,La Cisterna,13109,1,2020-03-31
Metropolitana de Santiago,13,La Cisterna,13109,6,2020-04-01
Metropolitana de Santiago,13,La Cisterna,13109,3,2020-04-03
Metropolitana de Santiago,13,La Cisterna,13109,3,2020-04-04
Metropolitana de Santiago,13,La Cisterna,13109,1,2020-04-07
Metropolitana de Santiago,13,La Cisterna,13109,1,2020-04-08
Metropolitana de Santiago,13,La Cisterna,13109,1,2020-04-13
Metropolitana de Santiago,13,La Cisterna,13109,1,2020-04-16
Metropolitana de Santiago,13,La Cisterna,13109,3,2020-04-17
Metropolitana de Santiago,13,La Cisterna,13109,1,2020-04-18
Metropolitana de Santiago,13,La Cisterna,13109,1,2020-04-20
Metropolitana de Santiago,13,La Cisterna,13109,1,2020-04-22
Metropolitana de Santiago,13,La Cisterna,13109,3,2020-04-23
Metropolitana de Santiago,13,La Cisterna,13109,2,2020-04-27
Metropolitana de Santiago,13,La Cisterna,13109,1,2020-04-28
Metropolitana de Santiago,13,La Cisterna,13109,1,2020-04-30
Metropolitana de Santiago,13,La Cisterna,13109,1,2020-05-02
Metropolitana de Santiago,13,La Cisterna,13109,1,2020-05-03
Metropolitana de Santiago,13,La Cisterna,13109,2,2020-05-04
Metropolitana de Santiago,13,La Cisterna,13109,4,2020-05-05
Metropolitana de Santiago,13,La Cisterna,13109,1,2020-05-07
Metropolitana de Santiago,13,La Cisterna,13109,1,2020-05-08
Metropolitana de Santiago,13,La Cisterna,13109,1,2020-05-10
Metropolitana de Santiago,13,La Cisterna,13109,2,2020-05-11
Metropolitana de Santiago,13,La Cisterna,13109,3,2020-05-14
Metropolitana de Santiago,13,La Cisterna,13109,2,2020-05-15
Metropolitana de Santiago,13,La Cisterna,13109,1,2020-05-16
Metropolitana de Santiago,13,La Cisterna,13109,2,2020-05-17
Metropolitana de Santiago,13,La Cisterna,13109,1,2020-05-18
Metropolitana de Santiago,13,La Cisterna,13109,3,2020-05-19
Metropolitana de Santiago,13,La Cisterna,13109,1,2020-05-20
Metropolitana de Santiago,13,La Cisterna,13109,1,2020-05-21
Metropolitana de Santiago,13,La Cisterna,13109,1,2020-05-22
Metropolitana de Santiago,13,La Cisterna,13109,2,2020-05-24
Metropolitana de Santiago,13,La Cisterna,13109,4,2020-05-25
Metropolitana de Santiago,13,La Cisterna,13109,2,2020-05-26
Metropolitana de Santiago,13,La Cisterna,13109,4,2020-05-27
Metropolitana de Santiago,13,La Cisterna,13109,5,2020-05-28
Metropolitana de Santiago,13,La Cisterna,13109,2,2020-05-29
Metropolitana de Santiago,13,La Cisterna,13109,2,2020-05-30
Metropolitana de Santiago,13,La Cisterna,13109,2,2020-05-31
Metropolitana de Santiago,13,La Cisterna,13109,5,2020-06-01
Metropolitana de Santiago,13,La Cisterna,13109,5,2020-06-02
Metropolitana de Santiago,13,La Cisterna,13109,4,2020-06-03
Metropolitana de Santiago,13,La Cisterna,13109,3,2020-06-04
Metropolitana de Santiago,13,La Cisterna,13109,2,2020-06-05
Metropolitana de Santiago,13,La Cisterna,13109,6,2020-06-06
Metropolitana de Santiago,13,La Cisterna,13109,2,2020-06-07
Metropolitana de Santiago,13,La Cisterna,13109,4,2020-06-08
Metropolitana de Santiago,13,La Cisterna,13109,4,2020-06-09
Metropolitana de Santiago,13,La Cisterna,13109,1,2020-06-10
Metropolitana de Santiago,13,La Cisterna,13109,3,2020-06-11
Metropolitana de Santiago,13,La Cisterna,13109,3,2020-06-12
Metropolitana de Santiago,13,La Cisterna,13109,1,2020-06-13
Metropolitana de Santiago,13,La Cisterna,13109,2,2020-06-15
Metropolitana de Santiago,13,La Cisterna,13109,2,2020-06-16
Metropolitana de Santiago,13,La Cisterna,13109,5,2020-06-17
Metropolitana de Santiago,13,La Cisterna,13109,1,2020-06-18
Metropolitana de Santiago,13,La Cisterna,13109,2,2020-06-19
Metropolitana de Santiago,13,La Cisterna,13109,4,2020-06-22
Metropolitana de Santiago,13,La Cisterna,13109,2,2020-06-23
Metropolitana de Santiago,13,La Cisterna,13109,2,2020-06-24
Metropolitana de Santiago,13,La Cisterna,13109,4,2020-06-25
Metropolitana de Santiago,13,La Cisterna,13109,6,2020-06-26
Metropolitana de Santiago,13,La Cisterna,13109,4,2020-06-27
Metropolitana de Santiago,13,La Cisterna,13109,3,2020-06-29
Metropolitana de Santiago,13,La Cisterna,13109,3,2020-06-30
Metropolitana de Santiago,13,La Cisterna,13109,3,2020-07-01
Metropolitana de Santiago,13,La Cisterna,13109,1,2020-07-04
Metropolitana de Santiago,13,La Cisterna,13109,3,2020-07-06
Metropolitana de Santiago,13,La Cisterna,13109,5,2020-07-07
Metropolitana de Santiago,13,La Cisterna,13109,2,2020-07-09
Metropolitana de Santiago,13,La Cisterna,13109,2,2020-07-11
Metropolitana de Santiago,13,La Cisterna,13109,2,2020-07-13
Metropolitana de Santiago,13,La Cisterna,13109,3,2020-07-14
Metropolitana de Santiago,13,La Cisterna,13109,3,2020-07-15
Metropolitana de Santiago,13,La Cisterna,13109,1,2020-07-16
Metropolitana de Santiago,13,La Cisterna,13109,2,2020-07-17
Metropolitana de Santiago,13,La Cisterna,13109,1,2020-07-18
Metropolitana de Santiago,13,La Cisterna,13109,1,2020-07-19
Metropolitana de Santiago,13,La Cisterna,13109,4,2020-07-21
Metropolitana de Santiago,13,La Cisterna,13109,1,2020-07-22
Metropolitana de Santiago,13,La Cisterna,13109,2,2020-07-23
Metropolitana de Santiago,13,La Cisterna,13109,1,2020-07-24
Metropolitana de Santiago,13,La Cisterna,13109,1,2020-07-25
Metropolitana de Santiago,13,La Cisterna,13109,1,2020-07-26
Metropolitana de Santiago,13,La Cisterna,13109,2,2020-07-28
Metropolitana de Santiago,13,La Cisterna,13109,1,2020-07-29
Metropolitana de Santiago,13,La Cisterna,13109,1,2020-07-31
Metropolitana de Santiago,13,La Cisterna,13109,1,2020-08-01
Metropolitana de Santiago,13,La Cisterna,13109,3,2020-08-02
Metropolitana de Santiago,13,La Cisterna,13109,2,2020-08-03
Metropolitana de Santiago,13,La Cisterna,13109,1,2020-08-04
Metropolitana de Santiago,13,La Cisterna,13109,3,2020-08-05
Metropolitana de Santiago,13,La Cisterna,13109,2,2020-08-06
Metropolitana de Santiago,13,La Cisterna,13109,1,2020-08-07
Metropolitana de Santiago,13,La Cisterna,13109,1,2020-08-08
Metropolitana de Santiago,13,La Cisterna,13109,1,2020-08-09
Metropolitana de Santiago,13,La Cisterna,13109,2,2020-08-11
Metropolitana de Santiago,13,La Cisterna,13109,1,2020-08-14
Metropolitana de Santiago,13,La Cisterna,13109,1,2020-08-15
Metropolitana de Santiago,13,La Cisterna,13109,2,2020-08-17
Metropolitana de Santiago,13,La Cisterna,13109,1,2020-08-18
Metropolitana de Santiago,13,La Cisterna,13109,1,2020-08-19
Metropolitana de Santiago,13,La Cisterna,13109,3,2020-08-20
Metropolitana de Santiago,13,La Cisterna,13109,1,2020-08-21
Metropolitana de Santiago,13,La Cisterna,13109,1,2020-08-22
Metropolitana de Santiago,13,La Cisterna,13109,1,2020-08-24
Metropolitana de Santiago,13,La Cisterna,13109,1,2020-08-26
Metropolitana de Santiago,13,La Cisterna,13109,1,2020-08-31
Metropolitana de Santiago,13,La Cisterna,13109,2,2020-09-01
Metropolitana de Santiago,13,La Cisterna,13109,1,2020-09-03
Metropolitana de Santiago,13,La Cisterna,13109,2,2020-09-04
Metropolitana de Santiago,13,La Cisterna,13109,2,2020-09-05
Metropolitana de Santiago,13,La Cisterna,13109,1,2020-09-06
Metropolitana de Santiago,13,La Cisterna,13109,1,2020-09-08
Metropolitana de Santiago,13,La Cisterna,13109,1,2020-09-09
Metropolitana de Santiago,13,La Cisterna,13109,1,2020-09-11
Metropolitana de Santiago,13,La Cisterna,13109,2,2020-09-12
Metropolitana de Santiago,13,La Cisterna,13109,1,2020-09-13
Metropolitana de Santiago,13,La Cisterna,13109,1,2020-09-14
Metropolitana de Santiago,13,La Cisterna,13109,3,2020-09-15
Metropolitana de Santiago,13,La Cisterna,13109,1,2020-09-17
Metropolitana de Santiago,13,La Cisterna,13109,1,2020-09-19
Metropolitana de Santiago,13,La Cisterna,13109,2,2020-09-21
Metropolitana de Santiago,13,La Cisterna,13109,2,2020-09-22
Metropolitana de Santiago,13,La Cisterna,13109,3,2020-09-23
Metropolitana de Santiago,13,La Cisterna,13109,1,2020-09-24
Metropolitana de Santiago,13,La Cisterna,13109,1,2020-09-25
Metropolitana de Santiago,13,La Cisterna,13109,1,2020-09-26
Metropolitana de Santiago,13,La Cisterna,13109,1,2020-09-28
Metropolitana de Santiago,13,La Cisterna,13109,3,2020-09-29
Metropolitana de Santiago,13,La Cisterna,13109,1,2020-10-03
Metropolitana de Santiago,13,La Cisterna,13109,1,2020-10-04
Metropolitana de Santiago,13,La Cisterna,13109,3,2020-10-06
Metropolitana de Santiago,13,La Cisterna,13109,2,2020-10-08
Metropolitana de Santiago,13,La Cisterna,13109,3,2020-10-09
Metropolitana de Santiago,13,La Cisterna,13109,2,2020-10-10
Metropolitana de Santiago,13,La Cisterna,13109,1,2020-10-12
Metropolitana de Santiago,13,La Cisterna,13109,1,2020-10-13
Metropolitana de Santiago,13,La Cisterna,13109,2,2020-10-14
Metropolitana de Santiago,13,La Cisterna,13109,1,2020-10-16
Metropolitana de Santiago,13,La Cisterna,13109,2,2020-10-17
Metropolitana de Santiago,13,La Cisterna,13109,1,2020-10-19
Metropolitana de Santiago,13,La Cisterna,13109,1,2020-10-21
Metropolitana de Santiago,13,La Cisterna,13109,1,2020-10-23
Metropolitana de Santiago,13,La Cisterna,13109,1,2020-10-26
Metropolitana de Santiago,13,La Cisterna,13109,2,2020-10-28
Metropolitana de Santiago,13,La Cisterna,13109,2,2020-10-31
Metropolitana de Santiago,13,La Cisterna,13109,2,2020-11-02
Metropolitana de Santiago,13,La Cisterna,13109,1,2020-11-06
Metropolitana de Santiago,13,La Cisterna,13109,1,2020-11-07
Metropolitana de Santiago,13,La Cisterna,13109,1,2020-11-08
Metropolitana de Santiago,13,La Cisterna,13109,1,2020-11-09
Metropolitana de Santiago,13,La Cisterna,13109,1,2020-11-10
Metropolitana de Santiago,13,La Cisterna,13109,1,2020-11-11
Metropolitana de Santiago,13,La Cisterna,13109,1,2020-11-12
Metropolitana de Santiago,13,La Cisterna,13109,3,2020-11-13
Metropolitana de Santiago,13,La Cisterna,13109,1,2020-11-17
Metropolitana de Santiago,13,La Cisterna,13109,2,2020-11-19
Metropolitana de Santiago,13,La Cisterna,13109,2,2020-11-20
Metropolitana de Santiago,13,La Cisterna,13109,3,2020-11-21
Metropolitana de Santiago,13,La Cisterna,13109,3,2020-11-22
Metropolitana de Santiago,13,La Cisterna,13109,1,2020-11-23
Metropolitana de Santiago,13,La Cisterna,13109,1,2020-11-25
Metropolitana de Santiago,13,La Cisterna,13109,2,2020-11-26
Metropolitana de Santiago,13,La Cisterna,13109,1,2020-11-27
Metropolitana de Santiago,13,La Cisterna,13109,1,2020-11-29
Metropolitana de Santiago,13,La Cisterna,13109,2,2020-11-30
Metropolitana de Santiago,13,La Cisterna,13109,2,2020-12-03
Metropolitana de Santiago,13,La Cisterna,13109,2,2020-12-04
Metropolitana de Santiago,13,La Cisterna,13109,2,2020-12-06
Metropolitana de Santiago,13,La Cisterna,13109,1,2020-12-08
Metropolitana de Santiago,13,La Cisterna,13109,1,2020-12-10
Metropolitana de Santiago,13,La Cisterna,13109,1,2020-12-12
Metropolitana de Santiago,13,La Cisterna,13109,1,2020-12-14
Metropolitana de Santiago,13,La Cisterna,13109,1,2020-12-16
Metropolitana de Santiago,13,La Cisterna,13109,1,2020-12-17
Metropolitana de Santiago,13,La Cisterna,13109,1,2020-12-18
Metropolitana de Santiago,13,La Cisterna,13109,1,2020-12-24
Metropolitana de Santiago,13,La Cisterna,13109,2,2020-12-26
Metropolitana de Santiago,13,La Cisterna,13109,1,2020-12-29
Metropolitana de Santiago,13,La Cisterna,13109,2,2020-12-30
Metropolitana de Santiago,13,La Cisterna,13109,1,2020-12-31
Metropolitana de Santiago,13,La Cisterna,13109,1,2021-01-01
Metropolitana de Santiago,13,La Cisterna,13109,1,2021-01-02
Metropolitana de Santiago,13,La Cisterna,13109,1,2021-01-05
Metropolitana de Santiago,13,La Cisterna,13109,1,2021-01-07
Metropolitana de Santiago,13,La Cisterna,13109,1,2021-01-09
Metropolitana de Santiago,13,La Cisterna,13109,1,2021-01-10
Metropolitana de Santiago,13,La Cisterna,13109,1,2021-01-11
Metropolitana de Santiago,13,La Cisterna,13109,1,2021-01-12
Metropolitana de Santiago,13,La Cisterna,13109,1,2021-01-13
Metropolitana de Santiago,13,La Cisterna,13109,1,2021-01-14
Metropolitana de Santiago,13,La Florida,13110,12,2020-01-02
Metropolitana de Santiago,13,La Florida,13110,6,2020-01-03
Metropolitana de Santiago,13,La Florida,13110,5,2020-01-04
Metropolitana de Santiago,13,La Florida,13110,3,2020-01-05
Metropolitana de Santiago,13,La Florida,13110,8,2020-01-06
Metropolitana de Santiago,13,La Florida,13110,17,2020-01-07
Metropolitana de Santiago,13,La Florida,13110,6,2020-01-08
Metropolitana de Santiago,13,La Florida,13110,4,2020-01-09
Metropolitana de Santiago,13,La Florida,13110,8,2020-01-10
Metropolitana de Santiago,13,La Florida,13110,5,2020-01-11
Metropolitana de Santiago,13,La Florida,13110,2,2020-01-12
Metropolitana de Santiago,13,La Florida,13110,10,2020-01-13
Metropolitana de Santiago,13,La Florida,13110,5,2020-01-14
Metropolitana de Santiago,13,La Florida,13110,2,2020-01-15
Metropolitana de Santiago,13,La Florida,13110,9,2020-01-16
Metropolitana de Santiago,13,La Florida,13110,6,2020-01-17
Metropolitana de Santiago,13,La Florida,13110,6,2020-01-18
Metropolitana de Santiago,13,La Florida,13110,4,2020-01-19
Metropolitana de Santiago,13,La Florida,13110,8,2020-01-20
Metropolitana de Santiago,13,La Florida,13110,6,2020-01-21
Metropolitana de Santiago,13,La Florida,13110,1,2020-01-22
Metropolitana de Santiago,13,La Florida,13110,5,2020-01-23
Metropolitana de Santiago,13,La Florida,13110,6,2020-01-24
Metropolitana de Santiago,13,La Florida,13110,2,2020-01-25
Metropolitana de Santiago,13,La Florida,13110,4,2020-01-26
Metropolitana de Santiago,13,La Florida,13110,13,2020-01-27
Metropolitana de Santiago,13,La Florida,13110,5,2020-01-28
Metropolitana de Santiago,13,La Florida,13110,6,2020-01-29
Metropolitana de Santiago,13,La Florida,13110,3,2020-01-30
Metropolitana de Santiago,13,La Florida,13110,6,2020-01-31
Metropolitana de Santiago,13,La Florida,13110,8,2020-02-01
Metropolitana de Santiago,13,La Florida,13110,4,2020-02-02
Metropolitana de Santiago,13,La Florida,13110,4,2020-02-03
Metropolitana de Santiago,13,La Florida,13110,4,2020-02-04
Metropolitana de Santiago,13,La Florida,13110,2,2020-02-05
Metropolitana de Santiago,13,La Florida,13110,5,2020-02-06
Metropolitana de Santiago,13,La Florida,13110,4,2020-02-07
Metropolitana de Santiago,13,La Florida,13110,6,2020-02-08
Metropolitana de Santiago,13,La Florida,13110,2,2020-02-09
Metropolitana de Santiago,13,La Florida,13110,5,2020-02-10
Metropolitana de Santiago,13,La Florida,13110,3,2020-02-11
Metropolitana de Santiago,13,La Florida,13110,4,2020-02-12
Metropolitana de Santiago,13,La Florida,13110,6,2020-02-13
Metropolitana de Santiago,13,La Florida,13110,2,2020-02-14
Metropolitana de Santiago,13,La Florida,13110,4,2020-02-15
Metropolitana de Santiago,13,La Florida,13110,6,2020-02-16
Metropolitana de Santiago,13,La Florida,13110,7,2020-02-17
Metropolitana de Santiago,13,La Florida,13110,6,2020-02-18
Metropolitana de Santiago,13,La Florida,13110,5,2020-02-19
Metropolitana de Santiago,13,La Florida,13110,8,2020-02-20
Metropolitana de Santiago,13,La Florida,13110,8,2020-02-21
Metropolitana de Santiago,13,La Florida,13110,3,2020-02-22
Metropolitana de Santiago,13,La Florida,13110,3,2020-02-23
Metropolitana de Santiago,13,La Florida,13110,7,2020-02-24
Metropolitana de Santiago,13,La Florida,13110,3,2020-02-25
Metropolitana de Santiago,13,La Florida,13110,13,2020-02-26
Metropolitana de Santiago,13,La Florida,13110,5,2020-02-27
Metropolitana de Santiago,13,La Florida,13110,4,2020-02-28
Metropolitana de Santiago,13,La Florida,13110,7,2020-03-02
Metropolitana de Santiago,13,La Florida,13110,13,2020-03-03
Metropolitana de Santiago,13,La Florida,13110,3,2020-03-04
Metropolitana de Santiago,13,La Florida,13110,12,2020-03-05
Metropolitana de Santiago,13,La Florida,13110,4,2020-03-06
Metropolitana de Santiago,13,La Florida,13110,3,2020-03-07
Metropolitana de Santiago,13,La Florida,13110,2,2020-03-08
Metropolitana de Santiago,13,La Florida,13110,10,2020-03-09
Metropolitana de Santiago,13,La Florida,13110,6,2020-03-10
Metropolitana de Santiago,13,La Florida,13110,4,2020-03-11
Metropolitana de Santiago,13,La Florida,13110,5,2020-03-12
Metropolitana de Santiago,13,La Florida,13110,6,2020-03-13
Metropolitana de Santiago,13,La Florida,13110,2,2020-03-14
Metropolitana de Santiago,13,La Florida,13110,1,2020-03-15
Metropolitana de Santiago,13,La Florida,13110,10,2020-03-16
Metropolitana de Santiago,13,La Florida,13110,4,2020-03-17
Metropolitana de Santiago,13,La Florida,13110,3,2020-03-18
Metropolitana de Santiago,13,La Florida,13110,5,2020-03-19
Metropolitana de Santiago,13,La Florida,13110,10,2020-03-20
Metropolitana de Santiago,13,La Florida,13110,7,2020-03-21
Metropolitana de Santiago,13,La Florida,13110,3,2020-03-22
Metropolitana de Santiago,13,La Florida,13110,9,2020-03-23
Metropolitana de Santiago,13,La Florida,13110,8,2020-03-24
Metropolitana de Santiago,13,La Florida,13110,7,2020-03-25
Metropolitana de Santiago,13,La Florida,13110,9,2020-03-26
Metropolitana de Santiago,13,La Florida,13110,4,2020-03-27
Metropolitana de Santiago,13,La Florida,13110,6,2020-03-28
Metropolitana de Santiago,13,La Florida,13110,5,2020-03-29
Metropolitana de Santiago,13,La Florida,13110,9,2020-03-30
Metropolitana de Santiago,13,La Florida,13110,5,2020-03-31
Metropolitana de Santiago,13,La Florida,13110,4,2020-04-01
Metropolitana de Santiago,13,La Florida,13110,2,2020-04-02
Metropolitana de Santiago,13,La Florida,13110,9,2020-04-03
Metropolitana de Santiago,13,La Florida,13110,7,2020-04-04
Metropolitana de Santiago,13,La Florida,13110,5,2020-04-05
Metropolitana de Santiago,13,La Florida,13110,10,2020-04-06
Metropolitana de Santiago,13,La Florida,13110,3,2020-04-07
Metropolitana de Santiago,13,La Florida,13110,4,2020-04-08
Metropolitana de Santiago,13,La Florida,13110,3,2020-04-09
Metropolitana de Santiago,13,La Florida,13110,3,2020-04-10
Metropolitana de Santiago,13,La Florida,13110,8,2020-04-11
Metropolitana de Santiago,13,La Florida,13110,4,2020-04-12
Metropolitana de Santiago,13,La Florida,13110,7,2020-04-13
Metropolitana de Santiago,13,La Florida,13110,6,2020-04-14
Metropolitana de Santiago,13,La Florida,13110,4,2020-04-15
Metropolitana de Santiago,13,La Florida,13110,3,2020-04-16
Metropolitana de Santiago,13,La Florida,13110,2,2020-04-17
Metropolitana de Santiago,13,La Florida,13110,7,2020-04-18
Metropolitana de Santiago,13,La Florida,13110,7,2020-04-19
Metropolitana de Santiago,13,La Florida,13110,10,2020-04-20
Metropolitana de Santiago,13,La Florida,13110,2,2020-04-21
Metropolitana de Santiago,13,La Florida,13110,8,2020-04-22
Metropolitana de Santiago,13,La Florida,13110,6,2020-04-23
Metropolitana de Santiago,13,La Florida,13110,9,2020-04-24
Metropolitana de Santiago,13,La Florida,13110,3,2020-04-25
Metropolitana de Santiago,13,La Florida,13110,6,2020-04-26
Metropolitana de Santiago,13,La Florida,13110,9,2020-04-27
Metropolitana de Santiago,13,La Florida,13110,9,2020-04-28
Metropolitana de Santiago,13,La Florida,13110,6,2020-04-30
Metropolitana de Santiago,13,La Florida,13110,1,2020-05-01
Metropolitana de Santiago,13,La Florida,13110,12,2020-05-02
Metropolitana de Santiago,13,La Florida,13110,4,2020-05-03
Metropolitana de Santiago,13,La Florida,13110,7,2020-05-04
Metropolitana de Santiago,13,La Florida,13110,6,2020-05-05
Metropolitana de Santiago,13,La Florida,13110,7,2020-05-06
Metropolitana de Santiago,13,La Florida,13110,13,2020-05-07
Metropolitana de Santiago,13,La Florida,13110,18,2020-05-08
Metropolitana de Santiago,13,La Florida,13110,6,2020-05-09
Metropolitana de Santiago,13,La Florida,13110,12,2020-05-10
Metropolitana de Santiago,13,La Florida,13110,7,2020-05-11
Metropolitana de Santiago,13,La Florida,13110,13,2020-05-12
Metropolitana de Santiago,13,La Florida,13110,8,2020-05-13
Metropolitana de Santiago,13,La Florida,13110,9,2020-05-14
Metropolitana de Santiago,13,La Florida,13110,7,2020-05-15
Metropolitana de Santiago,13,La Florida,13110,10,2020-05-16
Metropolitana de Santiago,13,La Florida,13110,8,2020-05-17
Metropolitana de Santiago,13,La Florida,13110,11,2020-05-18
Metropolitana de Santiago,13,La Florida,13110,12,2020-05-19
Metropolitana de Santiago,13,La Florida,13110,10,2020-05-20
Metropolitana de Santiago,13,La Florida,13110,9,2020-05-21
Metropolitana de Santiago,13,La Florida,13110,17,2020-05-22
Metropolitana de Santiago,13,La Florida,13110,15,2020-05-23
Metropolitana de Santiago,13,La Florida,13110,6,2020-05-24
Metropolitana de Santiago,13,La Florida,13110,16,2020-05-25
Metropolitana de Santiago,13,La Florida,13110,12,2020-05-26
Metropolitana de Santiago,13,La Florida,13110,9,2020-05-27
Metropolitana de Santiago,13,La Florida,13110,21,2020-05-28
Metropolitana de Santiago,13,La Florida,13110,17,2020-05-29
Metropolitana de Santiago,13,La Florida,13110,13,2020-05-30
Metropolitana de Santiago,13,La Florida,13110,14,2020-05-31
Metropolitana de Santiago,13,La Florida,13110,25,2020-06-01
Metropolitana de Santiago,13,La Florida,13110,17,2020-06-02
Metropolitana de Santiago,13,La Florida,13110,14,2020-06-03
Metropolitana de Santiago,13,La Florida,13110,17,2020-06-04
Metropolitana de Santiago,13,La Florida,13110,19,2020-06-05
Metropolitana de Santiago,13,La Florida,13110,15,2020-06-06
Metropolitana de Santiago,13,La Florida,13110,15,2020-06-07
Metropolitana de Santiago,13,La Florida,13110,26,2020-06-08
Metropolitana de Santiago,13,La Florida,13110,17,2020-06-09
Metropolitana de Santiago,13,La Florida,13110,17,2020-06-10
Metropolitana de Santiago,13,La Florida,13110,19,2020-06-11
Metropolitana de Santiago,13,La Florida,13110,24,2020-06-12
Metropolitana de Santiago,13,La Florida,13110,14,2020-06-13
Metropolitana de Santiago,13,La Florida,13110,12,2020-06-14
Metropolitana de Santiago,13,La Florida,13110,23,2020-06-15
Metropolitana de Santiago,13,La Florida,13110,25,2020-06-16
Metropolitana de Santiago,13,La Florida,13110,24,2020-06-17
Metropolitana de Santiago,13,La Florida,13110,23,2020-06-18
Metropolitana de Santiago,13,La Florida,13110,14,2020-06-19
Metropolitana de Santiago,13,La Florida,13110,20,2020-06-20
Metropolitana de Santiago,13,La Florida,13110,13,2020-06-21
Metropolitana de Santiago,13,La Florida,13110,27,2020-06-22
Metropolitana de Santiago,13,La Florida,13110,14,2020-06-23
Metropolitana de Santiago,13,La Florida,13110,12,2020-06-24
Metropolitana de Santiago,13,La Florida,13110,21,2020-06-25
Metropolitana de Santiago,13,La Florida,13110,15,2020-06-26
Metropolitana de Santiago,13,La Florida,13110,17,2020-06-27
Metropolitana de Santiago,13,La Florida,13110,16,2020-06-28
Metropolitana de Santiago,13,La Florida,13110,9,2020-06-29
Metropolitana de Santiago,13,La Florida,13110,16,2020-06-30
Metropolitana de Santiago,13,La Florida,13110,11,2020-07-01
Metropolitana de Santiago,13,La Florida,13110,13,2020-07-02
Metropolitana de Santiago,13,La Florida,13110,14,2020-07-03
Metropolitana de Santiago,13,La Florida,13110,7,2020-07-04
Metropolitana de Santiago,13,La Florida,13110,10,2020-07-05
Metropolitana de Santiago,13,La Florida,13110,9,2020-07-06
Metropolitana de Santiago,13,La Florida,13110,13,2020-07-07
Metropolitana de Santiago,13,La Florida,13110,11,2020-07-08
Metropolitana de Santiago,13,La Florida,13110,17,2020-07-09
Metropolitana de Santiago,13,La Florida,13110,12,2020-07-10
Metropolitana de Santiago,13,La Florida,13110,12,2020-07-11
Metropolitana de Santiago,13,La Florida,13110,11,2020-07-12
Metropolitana de Santiago,13,La Florida,13110,11,2020-07-13
Metropolitana de Santiago,13,La Florida,13110,7,2020-07-14
Metropolitana de Santiago,13,La Florida,13110,5,2020-07-15
Metropolitana de Santiago,13,La Florida,13110,5,2020-07-16
Metropolitana de Santiago,13,La Florida,13110,10,2020-07-17
Metropolitana de Santiago,13,La Florida,13110,6,2020-07-18
Metropolitana de Santiago,13,La Florida,13110,12,2020-07-19
Metropolitana de Santiago,13,La Florida,13110,12,2020-07-20
Metropolitana de Santiago,13,La Florida,13110,6,2020-07-21
Metropolitana de Santiago,13,La Florida,13110,8,2020-07-22
Metropolitana de Santiago,13,La Florida,13110,6,2020-07-23
Metropolitana de Santiago,13,La Florida,13110,8,2020-07-24
Metropolitana de Santiago,13,La Florida,13110,9,2020-07-25
Metropolitana de Santiago,13,La Florida,13110,7,2020-07-26
Metropolitana de Santiago,13,La Florida,13110,7,2020-07-27
Metropolitana de Santiago,13,La Florida,13110,17,2020-07-28
Metropolitana de Santiago,13,La Florida,13110,9,2020-07-29
Metropolitana de Santiago,13,La Florida,13110,11,2020-07-30
Metropolitana de Santiago,13,La Florida,13110,5,2020-07-31
Metropolitana de Santiago,13,La Florida,13110,14,2020-08-01
Metropolitana de Santiago,13,La Florida,13110,11,2020-08-02
Metropolitana de Santiago,13,La Florida,13110,3,2020-08-03
Metropolitana de Santiago,13,La Florida,13110,7,2020-08-04
Metropolitana de Santiago,13,La Florida,13110,10,2020-08-05
Metropolitana de Santiago,13,La Florida,13110,9,2020-08-06
Metropolitana de Santiago,13,La Florida,13110,8,2020-08-07
Metropolitana de Santiago,13,La Florida,13110,8,2020-08-08
Metropolitana de Santiago,13,La Florida,13110,11,2020-08-09
Metropolitana de Santiago,13,La Florida,13110,8,2020-08-10
Metropolitana de Santiago,13,La Florida,13110,6,2020-08-11
Metropolitana de Santiago,13,La Florida,13110,7,2020-08-12
Metropolitana de Santiago,13,La Florida,13110,5,2020-08-13
Metropolitana de Santiago,13,La Florida,13110,13,2020-08-14
Metropolitana de Santiago,13,La Florida,13110,5,2020-08-15
Metropolitana de Santiago,13,La Florida,13110,7,2020-08-16
Metropolitana de Santiago,13,La Florida,13110,12,2020-08-17
Metropolitana de Santiago,13,La Florida,13110,5,2020-08-18
Metropolitana de Santiago,13,La Florida,13110,5,2020-08-19
Metropolitana de Santiago,13,La Florida,13110,6,2020-08-20
Metropolitana de Santiago,13,La Florida,13110,8,2020-08-21
Metropolitana de Santiago,13,La Florida,13110,11,2020-08-22
Metropolitana de Santiago,13,La Florida,13110,2,2020-08-23
Metropolitana de Santiago,13,La Florida,13110,7,2020-08-24
Metropolitana de Santiago,13,La Florida,13110,3,2020-08-25
Metropolitana de Santiago,13,La Florida,13110,3,2020-08-26
Metropolitana de Santiago,13,La Florida,13110,12,2020-08-27
Metropolitana de Santiago,13,La Florida,13110,4,2020-08-28
Metropolitana de Santiago,13,La Florida,13110,3,2020-08-29
Metropolitana de Santiago,13,La Florida,13110,7,2020-08-30
Metropolitana de Santiago,13,La Florida,13110,6,2020-08-31
Metropolitana de Santiago,13,La Florida,13110,6,2020-09-01
Metropolitana de Santiago,13,La Florida,13110,10,2020-09-02
Metropolitana de Santiago,13,La Florida,13110,6,2020-09-03
Metropolitana de Santiago,13,La Florida,13110,5,2020-09-04
Metropolitana de Santiago,13,La Florida,13110,7,2020-09-05
Metropolitana de Santiago,13,La Florida,13110,1,2020-09-06
Metropolitana de Santiago,13,La Florida,13110,3,2020-09-07
Metropolitana de Santiago,13,La Florida,13110,7,2020-09-08
Metropolitana de Santiago,13,La Florida,13110,4,2020-09-09
Metropolitana de Santiago,13,La Florida,13110,9,2020-09-10
Metropolitana de Santiago,13,La Florida,13110,3,2020-09-11
Metropolitana de Santiago,13,La Florida,13110,2,2020-09-12
Metropolitana de Santiago,13,La Florida,13110,6,2020-09-13
Metropolitana de Santiago,13,La Florida,13110,5,2020-09-14
Metropolitana de Santiago,13,La Florida,13110,8,2020-09-15
Metropolitana de Santiago,13,La Florida,13110,9,2020-09-16
Metropolitana de Santiago,13,La Florida,13110,6,2020-09-17
Metropolitana de Santiago,13,La Florida,13110,10,2020-09-18
Metropolitana de Santiago,13,La Florida,13110,4,2020-09-19
Metropolitana de Santiago,13,La Florida,13110,9,2020-09-20
Metropolitana de Santiago,13,La Florida,13110,8,2020-09-21
Metropolitana de Santiago,13,La Florida,13110,9,2020-09-22
Metropolitana de Santiago,13,La Florida,13110,6,2020-09-23
Metropolitana de Santiago,13,La Florida,13110,12,2020-09-24
Metropolitana de Santiago,13,La Florida,13110,9,2020-09-25
Metropolitana de Santiago,13,La Florida,13110,6,2020-09-26
Metropolitana de Santiago,13,La Florida,13110,4,2020-09-27
Metropolitana de Santiago,13,La Florida,13110,6,2020-09-28
Metropolitana de Santiago,13,La Florida,13110,7,2020-09-29
Metropolitana de Santiago,13,La Florida,13110,5,2020-09-30
Metropolitana de Santiago,13,La Florida,13110,7,2020-10-01
Metropolitana de Santiago,13,La Florida,13110,5,2020-10-02
Metropolitana de Santiago,13,La Florida,13110,11,2020-10-03
Metropolitana de Santiago,13,La Florida,13110,4,2020-10-04
Metropolitana de Santiago,13,La Florida,13110,5,2020-10-05
Metropolitana de Santiago,13,La Florida,13110,6,2020-10-06
Metropolitana de Santiago,13,La Florida,13110,7,2020-10-07
Metropolitana de Santiago,13,La Florida,13110,8,2020-10-08
Metropolitana de Santiago,13,La Florida,13110,5,2020-10-09
Metropolitana de Santiago,13,La Florida,13110,4,2020-10-10
Metropolitana de Santiago,13,La Florida,13110,6,2020-10-11
Metropolitana de Santiago,13,La Florida,13110,7,2020-10-12
Metropolitana de Santiago,13,La Florida,13110,4,2020-10-13
Metropolitana de Santiago,13,La Florida,13110,5,2020-10-14
Metropolitana de Santiago,13,La Florida,13110,4,2020-10-15
Metropolitana de Santiago,13,La Florida,13110,9,2020-10-16
Metropolitana de Santiago,13,La Florida,13110,5,2020-10-17
Metropolitana de Santiago,13,La Florida,13110,3,2020-10-18
Metropolitana de Santiago,13,La Florida,13110,5,2020-10-19
Metropolitana de Santiago,13,La Florida,13110,8,2020-10-20
Metropolitana de Santiago,13,La Florida,13110,11,2020-10-21
Metropolitana de Santiago,13,La Florida,13110,9,2020-10-22
Metropolitana de Santiago,13,La Florida,13110,7,2020-10-23
Metropolitana de Santiago,13,La Florida,13110,8,2020-10-24
Metropolitana de Santiago,13,La Florida,13110,2,2020-10-25
Metropolitana de Santiago,13,La Florida,13110,7,2020-10-26
Metropolitana de Santiago,13,La Florida,13110,8,2020-10-27
Metropolitana de Santiago,13,La Florida,13110,4,2020-10-28
Metropolitana de Santiago,13,La Florida,13110,7,2020-10-29
Metropolitana de Santiago,13,La Florida,13110,4,2020-10-30
Metropolitana de Santiago,13,La Florida,13110,7,2020-10-31
Metropolitana de Santiago,13,La Florida,13110,9,2020-11-01
Metropolitana de Santiago,13,La Florida,13110,7,2020-11-02
Metropolitana de Santiago,13,La Florida,13110,6,2020-11-03
Metropolitana de Santiago,13,La Florida,13110,8,2020-11-04
Metropolitana de Santiago,13,La Florida,13110,8,2020-11-05
Metropolitana de Santiago,13,La Florida,13110,2,2020-11-06
Metropolitana de Santiago,13,La Florida,13110,5,2020-11-07
Metropolitana de Santiago,13,La Florida,13110,4,2020-11-08
Metropolitana de Santiago,13,La Florida,13110,2,2020-11-09
Metropolitana de Santiago,13,La Florida,13110,10,2020-11-10
Metropolitana de Santiago,13,La Florida,13110,4,2020-11-11
Metropolitana de Santiago,13,La Florida,13110,3,2020-11-12
Metropolitana de Santiago,13,La Florida,13110,5,2020-11-13
Metropolitana de Santiago,13,La Florida,13110,7,2020-11-14
Metropolitana de Santiago,13,La Florida,13110,7,2020-11-15
Metropolitana de Santiago,13,La Florida,13110,10,2020-11-16
Metropolitana de Santiago,13,La Florida,13110,7,2020-11-17
Metropolitana de Santiago,13,La Florida,13110,4,2020-11-18
Metropolitana de Santiago,13,La Florida,13110,5,2020-11-19
Metropolitana de Santiago,13,La Florida,13110,3,2020-11-20
Metropolitana de Santiago,13,La Florida,13110,6,2020-11-21
Metropolitana de Santiago,13,La Florida,13110,2,2020-11-22
Metropolitana de Santiago,13,La Florida,13110,7,2020-11-23
Metropolitana de Santiago,13,La Florida,13110,10,2020-11-24
Metropolitana de Santiago,13,La Florida,13110,8,2020-11-25
Metropolitana de Santiago,13,La Florida,13110,7,2020-11-26
Metropolitana de Santiago,13,La Florida,13110,1,2020-11-27
Metropolitana de Santiago,13,La Florida,13110,4,2020-11-28
Metropolitana de Santiago,13,La Florida,13110,3,2020-11-29
Metropolitana de Santiago,13,La Florida,13110,7,2020-11-30
Metropolitana de Santiago,13,La Florida,13110,11,2020-12-01
Metropolitana de Santiago,13,La Florida,13110,4,2020-12-02
Metropolitana de Santiago,13,La Florida,13110,5,2020-12-03
Metropolitana de Santiago,13,La Florida,13110,7,2020-12-04
Metropolitana de Santiago,13,La Florida,13110,7,2020-12-05
Metropolitana de Santiago,13,La Florida,13110,4,2020-12-06
Metropolitana de Santiago,13,La Florida,13110,2,2020-12-07
Metropolitana de Santiago,13,La Florida,13110,5,2020-12-08
Metropolitana de Santiago,13,La Florida,13110,6,2020-12-09
Metropolitana de Santiago,13,La Florida,13110,1,2020-12-10
Metropolitana de Santiago,13,La Florida,13110,7,2020-12-11
Metropolitana de Santiago,13,La Florida,13110,5,2020-12-12
Metropolitana de Santiago,13,La Florida,13110,7,2020-12-13
Metropolitana de Santiago,13,La Florida,13110,9,2020-12-14
Metropolitana de Santiago,13,La Florida,13110,5,2020-12-15
Metropolitana de Santiago,13,La Florida,13110,7,2020-12-16
Metropolitana de Santiago,13,La Florida,13110,8,2020-12-17
Metropolitana de Santiago,13,La Florida,13110,6,2020-12-18
Metropolitana de Santiago,13,La Florida,13110,4,2020-12-19
Metropolitana de Santiago,13,La Florida,13110,6,2020-12-20
Metropolitana de Santiago,13,La Florida,13110,7,2020-12-21
Metropolitana de Santiago,13,La Florida,13110,9,2020-12-22
Metropolitana de Santiago,13,La Florida,13110,6,2020-12-23
Metropolitana de Santiago,13,La Florida,13110,11,2020-12-24
Metropolitana de Santiago,13,La Florida,13110,14,2020-12-26
Metropolitana de Santiago,13,La Florida,13110,5,2020-12-27
Metropolitana de Santiago,13,La Florida,13110,7,2020-12-28
Metropolitana de Santiago,13,La Florida,13110,4,2020-12-29
Metropolitana de Santiago,13,La Florida,13110,10,2020-12-30
Metropolitana de Santiago,13,La Florida,13110,6,2020-12-31
Metropolitana de Santiago,13,La Florida,13110,5,2021-01-02
Metropolitana de Santiago,13,La Florida,13110,10,2021-01-03
Metropolitana de Santiago,13,La Florida,13110,8,2021-01-04
Metropolitana de Santiago,13,La Florida,13110,10,2021-01-05
Metropolitana de Santiago,13,La Florida,13110,5,2021-01-06
Metropolitana de Santiago,13,La Florida,13110,4,2021-01-07
Metropolitana de Santiago,13,La Florida,13110,6,2021-01-08
Metropolitana de Santiago,13,La Florida,13110,3,2021-01-09
Metropolitana de Santiago,13,La Florida,13110,7,2021-01-10
Metropolitana de Santiago,13,La Florida,13110,9,2021-01-11
Metropolitana de Santiago,13,La Florida,13110,10,2021-01-12
Metropolitana de Santiago,13,La Florida,13110,4,2021-01-13
Metropolitana de Santiago,13,La Florida,13110,5,2021-01-14
Metropolitana de Santiago,13,La Granja,13111,5,2020-01-02
Metropolitana de Santiago,13,La Granja,13111,1,2020-01-04
Metropolitana de Santiago,13,La Granja,13111,1,2020-01-05
Metropolitana de Santiago,13,La Granja,13111,1,2020-01-06
Metropolitana de Santiago,13,La Granja,13111,1,2020-01-07
Metropolitana de Santiago,13,La Granja,13111,1,2020-01-08
Metropolitana de Santiago,13,La Granja,13111,1,2020-01-09
Metropolitana de Santiago,13,La Granja,13111,1,2020-01-11
Metropolitana de Santiago,13,La Granja,13111,1,2020-01-12
Metropolitana de Santiago,13,La Granja,13111,2,2020-01-13
Metropolitana de Santiago,13,La Granja,13111,2,2020-01-14
Metropolitana de Santiago,13,La Granja,13111,1,2020-01-15
Metropolitana de Santiago,13,La Granja,13111,1,2020-01-17
Metropolitana de Santiago,13,La Granja,13111,3,2020-01-18
Metropolitana de Santiago,13,La Granja,13111,2,2020-01-19
Metropolitana de Santiago,13,La Granja,13111,3,2020-01-20
Metropolitana de Santiago,13,La Granja,13111,1,2020-01-21
Metropolitana de Santiago,13,La Granja,13111,1,2020-01-22
Metropolitana de Santiago,13,La Granja,13111,2,2020-01-26
Metropolitana de Santiago,13,La Granja,13111,1,2020-01-27
Metropolitana de Santiago,13,La Granja,13111,1,2020-01-28
Metropolitana de Santiago,13,La Granja,13111,1,2020-01-30
Metropolitana de Santiago,13,La Granja,13111,2,2020-02-01
Metropolitana de Santiago,13,La Granja,13111,1,2020-02-02
Metropolitana de Santiago,13,La Granja,13111,3,2020-02-03
Metropolitana de Santiago,13,La Granja,13111,2,2020-02-04
Metropolitana de Santiago,13,La Granja,13111,1,2020-02-05
Metropolitana de Santiago,13,La Granja,13111,1,2020-02-06
Metropolitana de Santiago,13,La Granja,13111,2,2020-02-07
Metropolitana de Santiago,13,La Granja,13111,1,2020-02-08
Metropolitana de Santiago,13,La Granja,13111,1,2020-02-10
Metropolitana de Santiago,13,La Granja,13111,3,2020-02-11
Metropolitana de Santiago,13,La Granja,13111,2,2020-02-12
Metropolitana de Santiago,13,La Granja,13111,1,2020-02-13
Metropolitana de Santiago,13,La Granja,13111,4,2020-02-14
Metropolitana de Santiago,13,La Granja,13111,1,2020-02-17
Metropolitana de Santiago,13,La Granja,13111,2,2020-02-18
Metropolitana de Santiago,13,La Granja,13111,2,2020-02-20
Metropolitana de Santiago,13,La Granja,13111,2,2020-02-21
Metropolitana de Santiago,13,La Granja,13111,2,2020-02-26
Metropolitana de Santiago,13,La Granja,13111,2,2020-02-27
Metropolitana de Santiago,13,La Granja,13111,1,2020-03-02
Metropolitana de Santiago,13,La Granja,13111,1,2020-03-03
Metropolitana de Santiago,13,La Granja,13111,1,2020-03-05
Metropolitana de Santiago,13,La Granja,13111,3,2020-03-06
Metropolitana de Santiago,13,La Granja,13111,1,2020-03-08
Metropolitana de Santiago,13,La Granja,13111,2,2020-03-09
Metropolitana de Santiago,13,La Granja,13111,1,2020-03-10
Metropolitana de Santiago,13,La Granja,13111,2,2020-03-13
Metropolitana de Santiago,13,La Granja,13111,1,2020-03-14
Metropolitana de Santiago,13,La Granja,13111,2,2020-03-15
Metropolitana de Santiago,13,La Granja,13111,1,2020-03-16
Metropolitana de Santiago,13,La Granja,13111,1,2020-03-20
Metropolitana de Santiago,13,La Granja,13111,3,2020-03-21
Metropolitana de Santiago,13,La Granja,13111,2,2020-03-22
Metropolitana de Santiago,13,La Granja,13111,1,2020-03-23
Metropolitana de Santiago,13,La Granja,13111,3,2020-03-24
Metropolitana de Santiago,13,La Granja,13111,1,2020-03-25
Metropolitana de Santiago,13,La Granja,13111,2,2020-03-26
Metropolitana de Santiago,13,La Granja,13111,1,2020-03-27
Metropolitana de Santiago,13,La Granja,13111,3,2020-03-28
Metropolitana de Santiago,13,La Granja,13111,1,2020-03-29
Metropolitana de Santiago,13,La Granja,13111,4,2020-03-30
Metropolitana de Santiago,13,La Granja,13111,1,2020-04-01
Metropolitana de Santiago,13,La Granja,13111,1,2020-04-02
Metropolitana de Santiago,13,La Granja,13111,1,2020-04-03
Metropolitana de Santiago,13,La Granja,13111,1,2020-04-05
Metropolitana de Santiago,13,La Granja,13111,2,2020-04-06
Metropolitana de Santiago,13,La Granja,13111,2,2020-04-10
Metropolitana de Santiago,13,La Granja,13111,1,2020-04-12
Metropolitana de Santiago,13,La Granja,13111,2,2020-04-13
Metropolitana de Santiago,13,La Granja,13111,2,2020-04-14
Metropolitana de Santiago,13,La Granja,13111,2,2020-04-15
Metropolitana de Santiago,13,La Granja,13111,1,2020-04-16
Metropolitana de Santiago,13,La Granja,13111,1,2020-04-18
Metropolitana de Santiago,13,La Granja,13111,1,2020-04-19
Metropolitana de Santiago,13,La Granja,13111,1,2020-04-20
Metropolitana de Santiago,13,La Granja,13111,2,2020-04-21
Metropolitana de Santiago,13,La Granja,13111,1,2020-04-24
Metropolitana de Santiago,13,La Granja,13111,2,2020-04-25
Metropolitana de Santiago,13,La Granja,13111,3,2020-04-28
Metropolitana de Santiago,13,La Granja,13111,2,2020-04-29
Metropolitana de Santiago,13,La Granja,13111,5,2020-05-02
Metropolitana de Santiago,13,La Granja,13111,1,2020-05-03
Metropolitana de Santiago,13,La Granja,13111,1,2020-05-06
Metropolitana de Santiago,13,La Granja,13111,1,2020-05-07
Metropolitana de Santiago,13,La Granja,13111,3,2020-05-08
Metropolitana de Santiago,13,La Granja,13111,2,2020-05-09
Metropolitana de Santiago,13,La Granja,13111,1,2020-05-10
Metropolitana de Santiago,13,La Granja,13111,2,2020-05-11
Metropolitana de Santiago,13,La Granja,13111,2,2020-05-12
Metropolitana de Santiago,13,La Granja,13111,2,2020-05-13
Metropolitana de Santiago,13,La Granja,13111,2,2020-05-14
Metropolitana de Santiago,13,La Granja,13111,2,2020-05-15
Metropolitana de Santiago,13,La Granja,13111,1,2020-05-16
Metropolitana de Santiago,13,La Granja,13111,2,2020-05-17
Metropolitana de Santiago,13,La Granja,13111,1,2020-05-18
Metropolitana de Santiago,13,La Granja,13111,1,2020-05-19
Metropolitana de Santiago,13,La Granja,13111,1,2020-05-20
Metropolitana de Santiago,13,La Granja,13111,1,2020-05-21
Metropolitana de Santiago,13,La Granja,13111,4,2020-05-22
Metropolitana de Santiago,13,La Granja,13111,4,2020-05-23
Metropolitana de Santiago,13,La Granja,13111,2,2020-05-24
Metropolitana de Santiago,13,La Granja,13111,2,2020-05-25
Metropolitana de Santiago,13,La Granja,13111,5,2020-05-26
Metropolitana de Santiago,13,La Granja,13111,3,2020-05-27
Metropolitana de Santiago,13,La Granja,13111,2,2020-05-28
Metropolitana de Santiago,13,La Granja,13111,3,2020-05-29
Metropolitana de Santiago,13,La Granja,13111,3,2020-05-30
Metropolitana de Santiago,13,La Granja,13111,4,2020-05-31
Metropolitana de Santiago,13,La Granja,13111,2,2020-06-01
Metropolitana de Santiago,13,La Granja,13111,3,2020-06-02
Metropolitana de Santiago,13,La Granja,13111,5,2020-06-03
Metropolitana de Santiago,13,La Granja,13111,3,2020-06-04
Metropolitana de Santiago,13,La Granja,13111,1,2020-06-06
Metropolitana de Santiago,13,La Granja,13111,5,2020-06-07
Metropolitana de Santiago,13,La Granja,13111,3,2020-06-08
Metropolitana de Santiago,13,La Granja,13111,3,2020-06-09
Metropolitana de Santiago,13,La Granja,13111,5,2020-06-10
Metropolitana de Santiago,13,La Granja,13111,2,2020-06-11
Metropolitana de Santiago,13,La Granja,13111,5,2020-06-12
Metropolitana de Santiago,13,La Granja,13111,2,2020-06-13
Metropolitana de Santiago,13,La Granja,13111,3,2020-06-14
Metropolitana de Santiago,13,La Granja,13111,4,2020-06-15
Metropolitana de Santiago,13,La Granja,13111,6,2020-06-18
Metropolitana de Santiago,13,La Granja,13111,7,2020-06-19
Metropolitana de Santiago,13,La Granja,13111,2,2020-06-22
Metropolitana de Santiago,13,La Granja,13111,2,2020-06-23
Metropolitana de Santiago,13,La Granja,13111,3,2020-06-24
Metropolitana de Santiago,13,La Granja,13111,1,2020-06-25
Metropolitana de Santiago,13,La Granja,13111,3,2020-06-26
Metropolitana de Santiago,13,La Granja,13111,1,2020-06-27
Metropolitana de Santiago,13,La Granja,13111,3,2020-06-28
Metropolitana de Santiago,13,La Granja,13111,1,2020-06-29
Metropolitana de Santiago,13,La Granja,13111,1,2020-06-30
Metropolitana de Santiago,13,La Granja,13111,1,2020-07-01
Metropolitana de Santiago,13,La Granja,13111,2,2020-07-02
Metropolitana de Santiago,13,La Granja,13111,1,2020-07-03
Metropolitana de Santiago,13,La Granja,13111,2,2020-07-04
Metropolitana de Santiago,13,La Granja,13111,1,2020-07-05
Metropolitana de Santiago,13,La Granja,13111,1,2020-07-06
Metropolitana de Santiago,13,La Granja,13111,2,2020-07-07
Metropolitana de Santiago,13,La Granja,13111,1,2020-07-08
Metropolitana de Santiago,13,La Granja,13111,2,2020-07-10
Metropolitana de Santiago,13,La Granja,13111,1,2020-07-11
Metropolitana de Santiago,13,La Granja,13111,5,2020-07-12
Metropolitana de Santiago,13,La Granja,13111,2,2020-07-13
Metropolitana de Santiago,13,La Granja,13111,1,2020-07-14
Metropolitana de Santiago,13,La Granja,13111,5,2020-07-15
Metropolitana de Santiago,13,La Granja,13111,1,2020-07-16
Metropolitana de Santiago,13,La Granja,13111,2,2020-07-17
Metropolitana de Santiago,13,La Granja,13111,1,2020-07-19
Metropolitana de Santiago,13,La Granja,13111,3,2020-07-20
Metropolitana de Santiago,13,La Granja,13111,1,2020-07-21
Metropolitana de Santiago,13,La Granja,13111,1,2020-07-23
Metropolitana de Santiago,13,La Granja,13111,2,2020-07-24
Metropolitana de Santiago,13,La Granja,13111,2,2020-07-27
Metropolitana de Santiago,13,La Granja,13111,1,2020-07-30
Metropolitana de Santiago,13,La Granja,13111,1,2020-08-01
Metropolitana de Santiago,13,La Granja,13111,2,2020-08-02
Metropolitana de Santiago,13,La Granja,13111,4,2020-08-03
Metropolitana de Santiago,13,La Granja,13111,2,2020-08-05
Metropolitana de Santiago,13,La Granja,13111,1,2020-08-08
Metropolitana de Santiago,13,La Granja,13111,1,2020-08-09
Metropolitana de Santiago,13,La Granja,13111,1,2020-08-10
Metropolitana de Santiago,13,La Granja,13111,1,2020-08-12
Metropolitana de Santiago,13,La Granja,13111,2,2020-08-13
Metropolitana de Santiago,13,La Granja,13111,2,2020-08-14
Metropolitana de Santiago,13,La Granja,13111,4,2020-08-15
Metropolitana de Santiago,13,La Granja,13111,1,2020-08-17
Metropolitana de Santiago,13,La Granja,13111,1,2020-08-18
Metropolitana de Santiago,13,La Granja,13111,1,2020-08-19
Metropolitana de Santiago,13,La Granja,13111,1,2020-08-21
Metropolitana de Santiago,13,La Granja,13111,1,2020-08-24
Metropolitana de Santiago,13,La Granja,13111,1,2020-08-28
Metropolitana de Santiago,13,La Granja,13111,2,2020-08-29
Metropolitana de Santiago,13,La Granja,13111,2,2020-08-30
Metropolitana de Santiago,13,La Granja,13111,1,2020-08-31
Metropolitana de Santiago,13,La Granja,13111,1,2020-09-01
Metropolitana de Santiago,13,La Granja,13111,1,2020-09-03
Metropolitana de Santiago,13,La Granja,13111,1,2020-09-06
Metropolitana de Santiago,13,La Granja,13111,2,2020-09-07
Metropolitana de Santiago,13,La Granja,13111,2,2020-09-09
Metropolitana de Santiago,13,La Granja,13111,1,2020-09-10
Metropolitana de Santiago,13,La Granja,13111,3,2020-09-11
Metropolitana de Santiago,13,La Granja,13111,2,2020-09-12
Metropolitana de Santiago,13,La Granja,13111,3,2020-09-13
Metropolitana de Santiago,13,La Granja,13111,1,2020-09-14
Metropolitana de Santiago,13,La Granja,13111,1,2020-09-17
Metropolitana de Santiago,13,La Granja,13111,5,2020-09-18
Metropolitana de Santiago,13,La Granja,13111,1,2020-09-19
Metropolitana de Santiago,13,La Granja,13111,2,2020-09-20
Metropolitana de Santiago,13,La Granja,13111,2,2020-09-21
Metropolitana de Santiago,13,La Granja,13111,2,2020-09-23
Metropolitana de Santiago,13,La Granja,13111,2,2020-09-26
Metropolitana de Santiago,13,La Granja,13111,1,2020-09-29
Metropolitana de Santiago,13,La Granja,13111,1,2020-09-30
Metropolitana de Santiago,13,La Granja,13111,2,2020-10-01
Metropolitana de Santiago,13,La Granja,13111,2,2020-10-05
Metropolitana de Santiago,13,La Granja,13111,1,2020-10-07
Metropolitana de Santiago,13,La Granja,13111,2,2020-10-08
Metropolitana de Santiago,13,La Granja,13111,5,2020-10-11
Metropolitana de Santiago,13,La Granja,13111,1,2020-10-12
Metropolitana de Santiago,13,La Granja,13111,2,2020-10-13
Metropolitana de Santiago,13,La Granja,13111,1,2020-10-15
Metropolitana de Santiago,13,La Granja,13111,2,2020-10-17
Metropolitana de Santiago,13,La Granja,13111,1,2020-10-18
Metropolitana de Santiago,13,La Granja,13111,1,2020-10-19
Metropolitana de Santiago,13,La Granja,13111,1,2020-10-20
Metropolitana de Santiago,13,La Granja,13111,1,2020-10-22
Metropolitana de Santiago,13,La Granja,13111,3,2020-10-24
Metropolitana de Santiago,13,La Granja,13111,3,2020-10-26
Metropolitana de Santiago,13,La Granja,13111,2,2020-10-27
Metropolitana de Santiago,13,La Granja,13111,2,2020-10-28
Metropolitana de Santiago,13,La Granja,13111,2,2020-10-29
Metropolitana de Santiago,13,La Granja,13111,3,2020-10-30
Metropolitana de Santiago,13,La Granja,13111,1,2020-10-31
Metropolitana de Santiago,13,La Granja,13111,1,2020-11-01
Metropolitana de Santiago,13,La Granja,13111,3,2020-11-02
Metropolitana de Santiago,13,La Granja,13111,1,2020-11-05
Metropolitana de Santiago,13,La Granja,13111,1,2020-11-06
Metropolitana de Santiago,13,La Granja,13111,1,2020-11-07
Metropolitana de Santiago,13,La Granja,13111,1,2020-11-08
Metropolitana de Santiago,13,La Granja,13111,2,2020-11-13
Metropolitana de Santiago,13,La Granja,13111,1,2020-11-14
Metropolitana de Santiago,13,La Granja,13111,1,2020-11-16
Metropolitana de Santiago,13,La Granja,13111,2,2020-11-19
Metropolitana de Santiago,13,La Granja,13111,1,2020-11-20
Metropolitana de Santiago,13,La Granja,13111,1,2020-11-22
Metropolitana de Santiago,13,La Granja,13111,1,2020-11-23
Metropolitana de Santiago,13,La Granja,13111,1,2020-11-25
Metropolitana de Santiago,13,La Granja,13111,1,2020-11-27
Metropolitana de Santiago,13,La Granja,13111,2,2020-11-28
Metropolitana de Santiago,13,La Granja,13111,1,2020-11-30
Metropolitana de Santiago,13,La Granja,13111,2,2020-12-01
Metropolitana de Santiago,13,La Granja,13111,2,2020-12-06
Metropolitana de Santiago,13,La Granja,13111,1,2020-12-07
Metropolitana de Santiago,13,La Granja,13111,2,2020-12-08
Metropolitana de Santiago,13,La Granja,13111,1,2020-12-10
Metropolitana de Santiago,13,La Granja,13111,2,2020-12-13
Metropolitana de Santiago,13,La Granja,13111,2,2020-12-14
Metropolitana de Santiago,13,La Granja,13111,1,2020-12-15
Metropolitana de Santiago,13,La Granja,13111,1,2020-12-16
Metropolitana de Santiago,13,La Granja,13111,2,2020-12-17
Metropolitana de Santiago,13,La Granja,13111,1,2020-12-18
Metropolitana de Santiago,13,La Granja,13111,2,2020-12-21
Metropolitana de Santiago,13,La Granja,13111,1,2020-12-23
Metropolitana de Santiago,13,La Granja,13111,1,2020-12-24
Metropolitana de Santiago,13,La Granja,13111,1,2020-12-26
Metropolitana de Santiago,13,La Granja,13111,2,2020-12-28
Metropolitana de Santiago,13,La Granja,13111,1,2020-12-29
Metropolitana de Santiago,13,La Granja,13111,1,2020-12-30
Metropolitana de Santiago,13,La Granja,13111,3,2020-12-31
Metropolitana de Santiago,13,La Granja,13111,1,2021-01-02
Metropolitana de Santiago,13,La Granja,13111,3,2021-01-03
Metropolitana de Santiago,13,La Granja,13111,3,2021-01-04
Metropolitana de Santiago,13,La Granja,13111,1,2021-01-07
Metropolitana de Santiago,13,La Granja,13111,3,2021-01-08
Metropolitana de Santiago,13,La Granja,13111,1,2021-01-09
Metropolitana de Santiago,13,La Granja,13111,2,2021-01-10
Metropolitana de Santiago,13,La Granja,13111,4,2021-01-11
Metropolitana de Santiago,13,La Granja,13111,1,2021-01-12
Metropolitana de Santiago,13,La Pintana,13112,2,2020-01-02
Metropolitana de Santiago,13,La Pintana,13112,3,2020-01-03
Metropolitana de Santiago,13,La Pintana,13112,1,2020-01-05
Metropolitana de Santiago,13,La Pintana,13112,2,2020-01-06
Metropolitana de Santiago,13,La Pintana,13112,1,2020-01-09
Metropolitana de Santiago,13,La Pintana,13112,1,2020-01-10
Metropolitana de Santiago,13,La Pintana,13112,2,2020-01-11
Metropolitana de Santiago,13,La Pintana,13112,4,2020-01-13
Metropolitana de Santiago,13,La Pintana,13112,2,2020-01-14
Metropolitana de Santiago,13,La Pintana,13112,2,2020-01-15
Metropolitana de Santiago,13,La Pintana,13112,1,2020-01-17
Metropolitana de Santiago,13,La Pintana,13112,2,2020-01-18
Metropolitana de Santiago,13,La Pintana,13112,1,2020-01-19
Metropolitana de Santiago,13,La Pintana,13112,1,2020-01-20
Metropolitana de Santiago,13,La Pintana,13112,1,2020-01-21
Metropolitana de Santiago,13,La Pintana,13112,1,2020-01-22
Metropolitana de Santiago,13,La Pintana,13112,1,2020-01-23
Metropolitana de Santiago,13,La Pintana,13112,1,2020-01-24
Metropolitana de Santiago,13,La Pintana,13112,2,2020-01-27
Metropolitana de Santiago,13,La Pintana,13112,2,2020-01-30
Metropolitana de Santiago,13,La Pintana,13112,1,2020-01-31
Metropolitana de Santiago,13,La Pintana,13112,1,2020-02-02
Metropolitana de Santiago,13,La Pintana,13112,1,2020-02-03
Metropolitana de Santiago,13,La Pintana,13112,1,2020-02-05
Metropolitana de Santiago,13,La Pintana,13112,2,2020-02-06
Metropolitana de Santiago,13,La Pintana,13112,1,2020-02-08
Metropolitana de Santiago,13,La Pintana,13112,1,2020-02-10
Metropolitana de Santiago,13,La Pintana,13112,1,2020-02-11
Metropolitana de Santiago,13,La Pintana,13112,1,2020-02-13
Metropolitana de Santiago,13,La Pintana,13112,2,2020-02-14
Metropolitana de Santiago,13,La Pintana,13112,1,2020-02-15
Metropolitana de Santiago,13,La Pintana,13112,3,2020-02-16
Metropolitana de Santiago,13,La Pintana,13112,1,2020-02-18
Metropolitana de Santiago,13,La Pintana,13112,3,2020-02-19
Metropolitana de Santiago,13,La Pintana,13112,3,2020-02-21
Metropolitana de Santiago,13,La Pintana,13112,1,2020-02-24
Metropolitana de Santiago,13,La Pintana,13112,1,2020-02-25
Metropolitana de Santiago,13,La Pintana,13112,2,2020-02-26
Metropolitana de Santiago,13,La Pintana,13112,1,2020-02-28
Metropolitana de Santiago,13,La Pintana,13112,4,2020-03-03
Metropolitana de Santiago,13,La Pintana,13112,2,2020-03-06
Metropolitana de Santiago,13,La Pintana,13112,1,2020-03-09
Metropolitana de Santiago,13,La Pintana,13112,6,2020-03-11
Metropolitana de Santiago,13,La Pintana,13112,1,2020-03-12
Metropolitana de Santiago,13,La Pintana,13112,2,2020-03-13
Metropolitana de Santiago,13,La Pintana,13112,1,2020-03-14
Metropolitana de Santiago,13,La Pintana,13112,2,2020-03-15
Metropolitana de Santiago,13,La Pintana,13112,3,2020-03-16
Metropolitana de Santiago,13,La Pintana,13112,2,2020-03-18
Metropolitana de Santiago,13,La Pintana,13112,3,2020-03-20
Metropolitana de Santiago,13,La Pintana,13112,2,2020-03-26
Metropolitana de Santiago,13,La Pintana,13112,1,2020-03-27
Metropolitana de Santiago,13,La Pintana,13112,4,2020-03-29
Metropolitana de Santiago,13,La Pintana,13112,1,2020-03-30
Metropolitana de Santiago,13,La Pintana,13112,2,2020-04-01
Metropolitana de Santiago,13,La Pintana,13112,1,2020-04-03
Metropolitana de Santiago,13,La Pintana,13112,1,2020-04-05
Metropolitana de Santiago,13,La Pintana,13112,1,2020-04-07
Metropolitana de Santiago,13,La Pintana,13112,1,2020-04-09
Metropolitana de Santiago,13,La Pintana,13112,1,2020-04-13
Metropolitana de Santiago,13,La Pintana,13112,4,2020-04-16
Metropolitana de Santiago,13,La Pintana,13112,3,2020-04-17
Metropolitana de Santiago,13,La Pintana,13112,1,2020-04-20
Metropolitana de Santiago,13,La Pintana,13112,1,2020-04-21
Metropolitana de Santiago,13,La Pintana,13112,1,2020-04-23
Metropolitana de Santiago,13,La Pintana,13112,1,2020-04-24
Metropolitana de Santiago,13,La Pintana,13112,2,2020-04-25
Metropolitana de Santiago,13,La Pintana,13112,2,2020-04-26
Metropolitana de Santiago,13,La Pintana,13112,2,2020-04-27
Metropolitana de Santiago,13,La Pintana,13112,1,2020-04-28
Metropolitana de Santiago,13,La Pintana,13112,1,2020-04-29
Metropolitana de Santiago,13,La Pintana,13112,4,2020-05-02
Metropolitana de Santiago,13,La Pintana,13112,2,2020-05-03
Metropolitana de Santiago,13,La Pintana,13112,2,2020-05-04
Metropolitana de Santiago,13,La Pintana,13112,1,2020-05-05
Metropolitana de Santiago,13,La Pintana,13112,1,2020-05-06
Metropolitana de Santiago,13,La Pintana,13112,2,2020-05-09
Metropolitana de Santiago,13,La Pintana,13112,2,2020-05-11
Metropolitana de Santiago,13,La Pintana,13112,1,2020-05-13
Metropolitana de Santiago,13,La Pintana,13112,1,2020-05-14
Metropolitana de Santiago,13,La Pintana,13112,3,2020-05-16
Metropolitana de Santiago,13,La Pintana,13112,1,2020-05-17
Metropolitana de Santiago,13,La Pintana,13112,3,2020-05-18
Metropolitana de Santiago,13,La Pintana,13112,2,2020-05-19
Metropolitana de Santiago,13,La Pintana,13112,3,2020-05-20
Metropolitana de Santiago,13,La Pintana,13112,2,2020-05-21
Metropolitana de Santiago,13,La Pintana,13112,5,2020-05-22
Metropolitana de Santiago,13,La Pintana,13112,1,2020-05-23
Metropolitana de Santiago,13,La Pintana,13112,1,2020-05-24
Metropolitana de Santiago,13,La Pintana,13112,2,2020-05-25
Metropolitana de Santiago,13,La Pintana,13112,4,2020-05-26
Metropolitana de Santiago,13,La Pintana,13112,6,2020-05-27
Metropolitana de Santiago,13,La Pintana,13112,2,2020-05-28
Metropolitana de Santiago,13,La Pintana,13112,4,2020-05-29
Metropolitana de Santiago,13,La Pintana,13112,4,2020-05-30
Metropolitana de Santiago,13,La Pintana,13112,5,2020-05-31
Metropolitana de Santiago,13,La Pintana,13112,3,2020-06-01
Metropolitana de Santiago,13,La Pintana,13112,3,2020-06-02
Metropolitana de Santiago,13,La Pintana,13112,2,2020-06-03
Metropolitana de Santiago,13,La Pintana,13112,3,2020-06-04
Metropolitana de Santiago,13,La Pintana,13112,3,2020-06-05
Metropolitana de Santiago,13,La Pintana,13112,4,2020-06-06
Metropolitana de Santiago,13,La Pintana,13112,5,2020-06-07
Metropolitana de Santiago,13,La Pintana,13112,2,2020-06-08
Metropolitana de Santiago,13,La Pintana,13112,5,2020-06-09
Metropolitana de Santiago,13,La Pintana,13112,5,2020-06-10
Metropolitana de Santiago,13,La Pintana,13112,3,2020-06-11
Metropolitana de Santiago,13,La Pintana,13112,3,2020-06-12
Metropolitana de Santiago,13,La Pintana,13112,4,2020-06-13
Metropolitana de Santiago,13,La Pintana,13112,6,2020-06-15
Metropolitana de Santiago,13,La Pintana,13112,6,2020-06-16
Metropolitana de Santiago,13,La Pintana,13112,4,2020-06-17
Metropolitana de Santiago,13,La Pintana,13112,5,2020-06-18
Metropolitana de Santiago,13,La Pintana,13112,5,2020-06-19
Metropolitana de Santiago,13,La Pintana,13112,6,2020-06-20
Metropolitana de Santiago,13,La Pintana,13112,2,2020-06-21
Metropolitana de Santiago,13,La Pintana,13112,1,2020-06-22
Metropolitana de Santiago,13,La Pintana,13112,4,2020-06-23
Metropolitana de Santiago,13,La Pintana,13112,6,2020-06-24
Metropolitana de Santiago,13,La Pintana,13112,4,2020-06-25
Metropolitana de Santiago,13,La Pintana,13112,2,2020-06-26
Metropolitana de Santiago,13,La Pintana,13112,1,2020-06-27
Metropolitana de Santiago,13,La Pintana,13112,2,2020-06-28
Metropolitana de Santiago,13,La Pintana,13112,3,2020-06-29
Metropolitana de Santiago,13,La Pintana,13112,2,2020-06-30
Metropolitana de Santiago,13,La Pintana,13112,4,2020-07-01
Metropolitana de Santiago,13,La Pintana,13112,1,2020-07-02
Metropolitana de Santiago,13,La Pintana,13112,2,2020-07-03
Metropolitana de Santiago,13,La Pintana,13112,3,2020-07-04
Metropolitana de Santiago,13,La Pintana,13112,1,2020-07-05
Metropolitana de Santiago,13,La Pintana,13112,3,2020-07-06
Metropolitana de Santiago,13,La Pintana,13112,2,2020-07-07
Metropolitana de Santiago,13,La Pintana,13112,1,2020-07-09
Metropolitana de Santiago,13,La Pintana,13112,4,2020-07-10
Metropolitana de Santiago,13,La Pintana,13112,1,2020-07-13
Metropolitana de Santiago,13,La Pintana,13112,2,2020-07-14
Metropolitana de Santiago,13,La Pintana,13112,1,2020-07-15
Metropolitana de Santiago,13,La Pintana,13112,1,2020-07-16
Metropolitana de Santiago,13,La Pintana,13112,1,2020-07-17
Metropolitana de Santiago,13,La Pintana,13112,2,2020-07-18
Metropolitana de Santiago,13,La Pintana,13112,1,2020-07-21
Metropolitana de Santiago,13,La Pintana,13112,5,2020-07-22
Metropolitana de Santiago,13,La Pintana,13112,1,2020-07-24
Metropolitana de Santiago,13,La Pintana,13112,1,2020-07-25
Metropolitana de Santiago,13,La Pintana,13112,3,2020-07-26
Metropolitana de Santiago,13,La Pintana,13112,1,2020-07-27
Metropolitana de Santiago,13,La Pintana,13112,1,2020-07-28
Metropolitana de Santiago,13,La Pintana,13112,1,2020-07-29
Metropolitana de Santiago,13,La Pintana,13112,2,2020-07-30
Metropolitana de Santiago,13,La Pintana,13112,2,2020-07-31
Metropolitana de Santiago,13,La Pintana,13112,3,2020-08-01
Metropolitana de Santiago,13,La Pintana,13112,2,2020-08-03
Metropolitana de Santiago,13,La Pintana,13112,1,2020-08-05
Metropolitana de Santiago,13,La Pintana,13112,3,2020-08-06
Metropolitana de Santiago,13,La Pintana,13112,3,2020-08-07
Metropolitana de Santiago,13,La Pintana,13112,1,2020-08-08
Metropolitana de Santiago,13,La Pintana,13112,1,2020-08-09
Metropolitana de Santiago,13,La Pintana,13112,2,2020-08-10
Metropolitana de Santiago,13,La Pintana,13112,3,2020-08-11
Metropolitana de Santiago,13,La Pintana,13112,2,2020-08-12
Metropolitana de Santiago,13,La Pintana,13112,2,2020-08-15
Metropolitana de Santiago,13,La Pintana,13112,1,2020-08-16
Metropolitana de Santiago,13,La Pintana,13112,2,2020-08-17
Metropolitana de Santiago,13,La Pintana,13112,2,2020-08-18
Metropolitana de Santiago,13,La Pintana,13112,1,2020-08-19
Metropolitana de Santiago,13,La Pintana,13112,1,2020-08-21
Metropolitana de Santiago,13,La Pintana,13112,3,2020-08-22
Metropolitana de Santiago,13,La Pintana,13112,3,2020-08-24
Metropolitana de Santiago,13,La Pintana,13112,3,2020-08-25
Metropolitana de Santiago,13,La Pintana,13112,2,2020-08-26
Metropolitana de Santiago,13,La Pintana,13112,2,2020-08-27
Metropolitana de Santiago,13,La Pintana,13112,2,2020-08-29
Metropolitana de Santiago,13,La Pintana,13112,1,2020-08-30
Metropolitana de Santiago,13,La Pintana,13112,2,2020-08-31
Metropolitana de Santiago,13,La Pintana,13112,2,2020-09-01
Metropolitana de Santiago,13,La Pintana,13112,2,2020-09-02
Metropolitana de Santiago,13,La Pintana,13112,1,2020-09-03
Metropolitana de Santiago,13,La Pintana,13112,1,2020-09-04
Metropolitana de Santiago,13,La Pintana,13112,1,2020-09-05
Metropolitana de Santiago,13,La Pintana,13112,1,2020-09-06
Metropolitana de Santiago,13,La Pintana,13112,1,2020-09-09
Metropolitana de Santiago,13,La Pintana,13112,1,2020-09-10
Metropolitana de Santiago,13,La Pintana,13112,1,2020-09-11
Metropolitana de Santiago,13,La Pintana,13112,2,2020-09-12
Metropolitana de Santiago,13,La Pintana,13112,1,2020-09-13
Metropolitana de Santiago,13,La Pintana,13112,5,2020-09-14
Metropolitana de Santiago,13,La Pintana,13112,2,2020-09-16
Metropolitana de Santiago,13,La Pintana,13112,3,2020-09-17
Metropolitana de Santiago,13,La Pintana,13112,1,2020-09-18
Metropolitana de Santiago,13,La Pintana,13112,1,2020-09-19
Metropolitana de Santiago,13,La Pintana,13112,2,2020-09-21
Metropolitana de Santiago,13,La Pintana,13112,2,2020-09-25
Metropolitana de Santiago,13,La Pintana,13112,1,2020-09-26
Metropolitana de Santiago,13,La Pintana,13112,1,2020-09-28
Metropolitana de Santiago,13,La Pintana,13112,1,2020-09-29
Metropolitana de Santiago,13,La Pintana,13112,1,2020-09-30
Metropolitana de Santiago,13,La Pintana,13112,1,2020-10-01
Metropolitana de Santiago,13,La Pintana,13112,2,2020-10-02
Metropolitana de Santiago,13,La Pintana,13112,1,2020-10-03
Metropolitana de Santiago,13,La Pintana,13112,2,2020-10-04
Metropolitana de Santiago,13,La Pintana,13112,3,2020-10-05
Metropolitana de Santiago,13,La Pintana,13112,1,2020-10-08
Metropolitana de Santiago,13,La Pintana,13112,1,2020-10-09
Metropolitana de Santiago,13,La Pintana,13112,1,2020-10-10
Metropolitana de Santiago,13,La Pintana,13112,1,2020-10-11
Metropolitana de Santiago,13,La Pintana,13112,1,2020-10-12
Metropolitana de Santiago,13,La Pintana,13112,1,2020-10-13
Metropolitana de Santiago,13,La Pintana,13112,1,2020-10-14
Metropolitana de Santiago,13,La Pintana,13112,1,2020-10-16
Metropolitana de Santiago,13,La Pintana,13112,1,2020-10-17
Metropolitana de Santiago,13,La Pintana,13112,1,2020-10-18
Metropolitana de Santiago,13,La Pintana,13112,3,2020-10-19
Metropolitana de Santiago,13,La Pintana,13112,3,2020-10-21
Metropolitana de Santiago,13,La Pintana,13112,1,2020-10-23
Metropolitana de Santiago,13,La Pintana,13112,2,2020-10-24
Metropolitana de Santiago,13,La Pintana,13112,1,2020-10-25
Metropolitana de Santiago,13,La Pintana,13112,4,2020-10-26
Metropolitana de Santiago,13,La Pintana,13112,3,2020-10-28
Metropolitana de Santiago,13,La Pintana,13112,1,2020-11-01
Metropolitana de Santiago,13,La Pintana,13112,4,2020-11-02
Metropolitana de Santiago,13,La Pintana,13112,1,2020-11-04
Metropolitana de Santiago,13,La Pintana,13112,1,2020-11-06
Metropolitana de Santiago,13,La Pintana,13112,1,2020-11-07
Metropolitana de Santiago,13,La Pintana,13112,1,2020-11-11
Metropolitana de Santiago,13,La Pintana,13112,2,2020-11-12
Metropolitana de Santiago,13,La Pintana,13112,1,2020-11-13
Metropolitana de Santiago,13,La Pintana,13112,4,2020-11-14
Metropolitana de Santiago,13,La Pintana,13112,1,2020-11-15
Metropolitana de Santiago,13,La Pintana,13112,2,2020-11-16
Metropolitana de Santiago,13,La Pintana,13112,1,2020-11-18
Metropolitana de Santiago,13,La Pintana,13112,3,2020-11-19
Metropolitana de Santiago,13,La Pintana,13112,1,2020-11-20
Metropolitana de Santiago,13,La Pintana,13112,1,2020-11-21
Metropolitana de Santiago,13,La Pintana,13112,1,2020-11-22
Metropolitana de Santiago,13,La Pintana,13112,2,2020-11-23
Metropolitana de Santiago,13,La Pintana,13112,1,2020-11-26
Metropolitana de Santiago,13,La Pintana,13112,1,2020-11-29
Metropolitana de Santiago,13,La Pintana,13112,4,2020-11-30
Metropolitana de Santiago,13,La Pintana,13112,1,2020-12-03
Metropolitana de Santiago,13,La Pintana,13112,2,2020-12-04
Metropolitana de Santiago,13,La Pintana,13112,2,2020-12-05
Metropolitana de Santiago,13,La Pintana,13112,3,2020-12-06
Metropolitana de Santiago,13,La Pintana,13112,1,2020-12-08
Metropolitana de Santiago,13,La Pintana,13112,2,2020-12-09
Metropolitana de Santiago,13,La Pintana,13112,3,2020-12-10
Metropolitana de Santiago,13,La Pintana,13112,2,2020-12-12
Metropolitana de Santiago,13,La Pintana,13112,1,2020-12-13
Metropolitana de Santiago,13,La Pintana,13112,1,2020-12-14
Metropolitana de Santiago,13,La Pintana,13112,2,2020-12-16
Metropolitana de Santiago,13,La Pintana,13112,2,2020-12-17
Metropolitana de Santiago,13,La Pintana,13112,1,2020-12-18
Metropolitana de Santiago,13,La Pintana,13112,2,2020-12-21
Metropolitana de Santiago,13,La Pintana,13112,1,2020-12-22
Metropolitana de Santiago,13,La Pintana,13112,1,2020-12-23
Metropolitana de Santiago,13,La Pintana,13112,1,2020-12-25
Metropolitana de Santiago,13,La Pintana,13112,1,2020-12-26
Metropolitana de Santiago,13,La Pintana,13112,1,2020-12-27
Metropolitana de Santiago,13,La Pintana,13112,2,2020-12-28
Metropolitana de Santiago,13,La Pintana,13112,2,2020-12-30
Metropolitana de Santiago,13,La Pintana,13112,2,2020-12-31
Metropolitana de Santiago,13,La Pintana,13112,3,2021-01-02
Metropolitana de Santiago,13,La Pintana,13112,2,2021-01-05
Metropolitana de Santiago,13,La Pintana,13112,1,2021-01-06
Metropolitana de Santiago,13,La Pintana,13112,1,2021-01-07
Metropolitana de Santiago,13,La Pintana,13112,1,2021-01-08
Metropolitana de Santiago,13,La Pintana,13112,2,2021-01-09
Metropolitana de Santiago,13,La Pintana,13112,2,2021-01-11
Metropolitana de Santiago,13,La Pintana,13112,1,2021-01-12
Metropolitana de Santiago,13,La Pintana,13112,3,2021-01-13
Metropolitana de Santiago,13,La Pintana,13112,1,2021-01-14
Metropolitana de Santiago,13,La Reina,13113,3,2020-01-02
Metropolitana de Santiago,13,La Reina,13113,2,2020-01-03
Metropolitana de Santiago,13,La Reina,13113,1,2020-01-04
Metropolitana de Santiago,13,La Reina,13113,2,2020-01-05
Metropolitana de Santiago,13,La Reina,13113,2,2020-01-06
Metropolitana de Santiago,13,La Reina,13113,4,2020-01-07
Metropolitana de Santiago,13,La Reina,13113,1,2020-01-08
Metropolitana de Santiago,13,La Reina,13113,2,2020-01-09
Metropolitana de Santiago,13,La Reina,13113,2,2020-01-10
Metropolitana de Santiago,13,La Reina,13113,1,2020-01-11
Metropolitana de Santiago,13,La Reina,13113,3,2020-01-12
Metropolitana de Santiago,13,La Reina,13113,1,2020-01-13
Metropolitana de Santiago,13,La Reina,13113,1,2020-01-14
Metropolitana de Santiago,13,La Reina,13113,2,2020-01-15
Metropolitana de Santiago,13,La Reina,13113,1,2020-01-16
Metropolitana de Santiago,13,La Reina,13113,3,2020-01-18
Metropolitana de Santiago,13,La Reina,13113,2,2020-01-20
Metropolitana de Santiago,13,La Reina,13113,5,2020-01-22
Metropolitana de Santiago,13,La Reina,13113,2,2020-01-23
Metropolitana de Santiago,13,La Reina,13113,2,2020-01-24
Metropolitana de Santiago,13,La Reina,13113,2,2020-01-26
Metropolitana de Santiago,13,La Reina,13113,2,2020-01-27
Metropolitana de Santiago,13,La Reina,13113,3,2020-01-28
Metropolitana de Santiago,13,La Reina,13113,5,2020-01-29
Metropolitana de Santiago,13,La Reina,13113,2,2020-02-01
Metropolitana de Santiago,13,La Reina,13113,1,2020-02-03
Metropolitana de Santiago,13,La Reina,13113,1,2020-02-05
Metropolitana de Santiago,13,La Reina,13113,1,2020-02-06
Metropolitana de Santiago,13,La Reina,13113,1,2020-02-07
Metropolitana de Santiago,13,La Reina,13113,1,2020-02-08
Metropolitana de Santiago,13,La Reina,13113,3,2020-02-09
Metropolitana de Santiago,13,La Reina,13113,3,2020-02-10
Metropolitana de Santiago,13,La Reina,13113,1,2020-02-11
Metropolitana de Santiago,13,La Reina,13113,1,2020-02-14
Metropolitana de Santiago,13,La Reina,13113,2,2020-02-15
Metropolitana de Santiago,13,La Reina,13113,2,2020-02-16
Metropolitana de Santiago,13,La Reina,13113,1,2020-02-17
Metropolitana de Santiago,13,La Reina,13113,2,2020-02-18
Metropolitana de Santiago,13,La Reina,13113,2,2020-02-19
Metropolitana de Santiago,13,La Reina,13113,3,2020-02-20
Metropolitana de Santiago,13,La Reina,13113,4,2020-02-21
Metropolitana de Santiago,13,La Reina,13113,1,2020-02-22
Metropolitana de Santiago,13,La Reina,13113,2,2020-02-23
Metropolitana de Santiago,13,La Reina,13113,0,2020-02-25
Metropolitana de Santiago,13,La Reina,13113,1,2020-02-26
Metropolitana de Santiago,13,La Reina,13113,1,2020-02-27
Metropolitana de Santiago,13,La Reina,13113,3,2020-02-28
Metropolitana de Santiago,13,La Reina,13113,3,2020-03-02
Metropolitana de Santiago,13,La Reina,13113,4,2020-03-03
Metropolitana de Santiago,13,La Reina,13113,1,2020-03-04
Metropolitana de Santiago,13,La Reina,13113,3,2020-03-05
Metropolitana de Santiago,13,La Reina,13113,3,2020-03-06
Metropolitana de Santiago,13,La Reina,13113,2,2020-03-07
Metropolitana de Santiago,13,La Reina,13113,2,2020-03-08
Metropolitana de Santiago,13,La Reina,13113,2,2020-03-10
Metropolitana de Santiago,13,La Reina,13113,1,2020-03-11
Metropolitana de Santiago,13,La Reina,13113,3,2020-03-12
Metropolitana de Santiago,13,La Reina,13113,1,2020-03-13
Metropolitana de Santiago,13,La Reina,13113,1,2020-03-15
Metropolitana de Santiago,13,La Reina,13113,2,2020-03-16
Metropolitana de Santiago,13,La Reina,13113,2,2020-03-17
Metropolitana de Santiago,13,La Reina,13113,4,2020-03-19
Metropolitana de Santiago,13,La Reina,13113,2,2020-03-20
Metropolitana de Santiago,13,La Reina,13113,1,2020-03-21
Metropolitana de Santiago,13,La Reina,13113,2,2020-03-22
Metropolitana de Santiago,13,La Reina,13113,1,2020-03-24
Metropolitana de Santiago,13,La Reina,13113,1,2020-03-25
Metropolitana de Santiago,13,La Reina,13113,1,2020-03-26
Metropolitana de Santiago,13,La Reina,13113,1,2020-03-27
Metropolitana de Santiago,13,La Reina,13113,3,2020-03-28
Metropolitana de Santiago,13,La Reina,13113,1,2020-03-30
Metropolitana de Santiago,13,La Reina,13113,2,2020-03-31
Metropolitana de Santiago,13,La Reina,13113,1,2020-04-01
Metropolitana de Santiago,13,La Reina,13113,2,2020-04-02
Metropolitana de Santiago,13,La Reina,13113,2,2020-04-03
Metropolitana de Santiago,13,La Reina,13113,1,2020-04-04
Metropolitana de Santiago,13,La Reina,13113,2,2020-04-05
Metropolitana de Santiago,13,La Reina,13113,3,2020-04-06
Metropolitana de Santiago,13,La Reina,13113,3,2020-04-07
Metropolitana de Santiago,13,La Reina,13113,1,2020-04-08
Metropolitana de Santiago,13,La Reina,13113,3,2020-04-09
Metropolitana de Santiago,13,La Reina,13113,3,2020-04-10
Metropolitana de Santiago,13,La Reina,13113,1,2020-04-11
Metropolitana de Santiago,13,La Reina,13113,1,2020-04-12
Metropolitana de Santiago,13,La Reina,13113,2,2020-04-13
Metropolitana de Santiago,13,La Reina,13113,1,2020-04-14
Metropolitana de Santiago,13,La Reina,13113,1,2020-04-15
Metropolitana de Santiago,13,La Reina,13113,1,2020-04-16
Metropolitana de Santiago,13,La Reina,13113,2,2020-04-17
Metropolitana de Santiago,13,La Reina,13113,2,2020-04-18
Metropolitana de Santiago,13,La Reina,13113,4,2020-04-19
Metropolitana de Santiago,13,La Reina,13113,1,2020-04-20
Metropolitana de Santiago,13,La Reina,13113,1,2020-04-21
Metropolitana de Santiago,13,La Reina,13113,2,2020-04-22
Metropolitana de Santiago,13,La Reina,13113,1,2020-04-23
Metropolitana de Santiago,13,La Reina,13113,3,2020-04-24
Metropolitana de Santiago,13,La Reina,13113,1,2020-04-25
Metropolitana de Santiago,13,La Reina,13113,2,2020-04-26
Metropolitana de Santiago,13,La Reina,13113,1,2020-04-27
Metropolitana de Santiago,13,La Reina,13113,3,2020-04-28
Metropolitana de Santiago,13,La Reina,13113,1,2020-04-29
Metropolitana de Santiago,13,La Reina,13113,1,2020-04-30
Metropolitana de Santiago,13,La Reina,13113,1,2020-05-02
Metropolitana de Santiago,13,La Reina,13113,2,2020-05-03
Metropolitana de Santiago,13,La Reina,13113,1,2020-05-04
Metropolitana de Santiago,13,La Reina,13113,3,2020-05-06
Metropolitana de Santiago,13,La Reina,13113,2,2020-05-07
Metropolitana de Santiago,13,La Reina,13113,4,2020-05-08
Metropolitana de Santiago,13,La Reina,13113,2,2020-05-11
Metropolitana de Santiago,13,La Reina,13113,2,2020-05-12
Metropolitana de Santiago,13,La Reina,13113,3,2020-05-13
Metropolitana de Santiago,13,La Reina,13113,3,2020-05-14
Metropolitana de Santiago,13,La Reina,13113,2,2020-05-16
Metropolitana de Santiago,13,La Reina,13113,4,2020-05-17
Metropolitana de Santiago,13,La Reina,13113,3,2020-05-18
Metropolitana de Santiago,13,La Reina,13113,1,2020-05-19
Metropolitana de Santiago,13,La Reina,13113,3,2020-05-20
Metropolitana de Santiago,13,La Reina,13113,3,2020-05-21
Metropolitana de Santiago,13,La Reina,13113,3,2020-05-22
Metropolitana de Santiago,13,La Reina,13113,1,2020-05-23
Metropolitana de Santiago,13,La Reina,13113,2,2020-05-24
Metropolitana de Santiago,13,La Reina,13113,5,2020-05-25
Metropolitana de Santiago,13,La Reina,13113,4,2020-05-26
Metropolitana de Santiago,13,La Reina,13113,1,2020-05-27
Metropolitana de Santiago,13,La Reina,13113,3,2020-05-28
Metropolitana de Santiago,13,La Reina,13113,2,2020-05-29
Metropolitana de Santiago,13,La Reina,13113,1,2020-05-30
Metropolitana de Santiago,13,La Reina,13113,2,2020-05-31
Metropolitana de Santiago,13,La Reina,13113,3,2020-06-01
Metropolitana de Santiago,13,La Reina,13113,8,2020-06-02
Metropolitana de Santiago,13,La Reina,13113,8,2020-06-03
Metropolitana de Santiago,13,La Reina,13113,4,2020-06-04
Metropolitana de Santiago,13,La Reina,13113,2,2020-06-05
Metropolitana de Santiago,13,La Reina,13113,3,2020-06-06
Metropolitana de Santiago,13,La Reina,13113,1,2020-06-07
Metropolitana de Santiago,13,La Reina,13113,3,2020-06-08
Metropolitana de Santiago,13,La Reina,13113,3,2020-06-09
Metropolitana de Santiago,13,La Reina,13113,8,2020-06-10
Metropolitana de Santiago,13,La Reina,13113,7,2020-06-11
Metropolitana de Santiago,13,La Reina,13113,5,2020-06-12
Metropolitana de Santiago,13,La Reina,13113,3,2020-06-13
Metropolitana de Santiago,13,La Reina,13113,1,2020-06-14
Metropolitana de Santiago,13,La Reina,13113,9,2020-06-15
Metropolitana de Santiago,13,La Reina,13113,4,2020-06-16
Metropolitana de Santiago,13,La Reina,13113,7,2020-06-17
Metropolitana de Santiago,13,La Reina,13113,5,2020-06-18
Metropolitana de Santiago,13,La Reina,13113,5,2020-06-19
Metropolitana de Santiago,13,La Reina,13113,3,2020-06-20
Metropolitana de Santiago,13,La Reina,13113,2,2020-06-21
Metropolitana de Santiago,13,La Reina,13113,7,2020-06-22
Metropolitana de Santiago,13,La Reina,13113,6,2020-06-23
Metropolitana de Santiago,13,La Reina,13113,7,2020-06-25
Metropolitana de Santiago,13,La Reina,13113,2,2020-06-26
Metropolitana de Santiago,13,La Reina,13113,6,2020-06-27
Metropolitana de Santiago,13,La Reina,13113,2,2020-06-28
Metropolitana de Santiago,13,La Reina,13113,5,2020-06-29
Metropolitana de Santiago,13,La Reina,13113,6,2020-06-30
Metropolitana de Santiago,13,La Reina,13113,3,2020-07-01
Metropolitana de Santiago,13,La Reina,13113,7,2020-07-02
Metropolitana de Santiago,13,La Reina,13113,1,2020-07-03
Metropolitana de Santiago,13,La Reina,13113,2,2020-07-04
Metropolitana de Santiago,13,La Reina,13113,3,2020-07-05
Metropolitana de Santiago,13,La Reina,13113,2,2020-07-06
Metropolitana de Santiago,13,La Reina,13113,6,2020-07-07
Metropolitana de Santiago,13,La Reina,13113,4,2020-07-08
Metropolitana de Santiago,13,La Reina,13113,3,2020-07-09
Metropolitana de Santiago,13,La Reina,13113,3,2020-07-10
Metropolitana de Santiago,13,La Reina,13113,2,2020-07-11
Metropolitana de Santiago,13,La Reina,13113,1,2020-07-12
Metropolitana de Santiago,13,La Reina,13113,5,2020-07-13
Metropolitana de Santiago,13,La Reina,13113,3,2020-07-14
Metropolitana de Santiago,13,La Reina,13113,2,2020-07-15
Metropolitana de Santiago,13,La Reina,13113,3,2020-07-16
Metropolitana de Santiago,13,La Reina,13113,2,2020-07-17
Metropolitana de Santiago,13,La Reina,13113,3,2020-07-18
Metropolitana de Santiago,13,La Reina,13113,1,2020-07-19
Metropolitana de Santiago,13,La Reina,13113,4,2020-07-20
Metropolitana de Santiago,13,La Reina,13113,2,2020-07-21
Metropolitana de Santiago,13,La Reina,13113,2,2020-07-22
Metropolitana de Santiago,13,La Reina,13113,2,2020-07-23
Metropolitana de Santiago,13,La Reina,13113,5,2020-07-24
Metropolitana de Santiago,13,La Reina,13113,4,2020-07-25
Metropolitana de Santiago,13,La Reina,13113,4,2020-07-26
Metropolitana de Santiago,13,La Reina,13113,2,2020-07-27
Metropolitana de Santiago,13,La Reina,13113,1,2020-07-28
Metropolitana de Santiago,13,La Reina,13113,4,2020-07-29
Metropolitana de Santiago,13,La Reina,13113,3,2020-07-30
Metropolitana de Santiago,13,La Reina,13113,6,2020-07-31
Metropolitana de Santiago,13,La Reina,13113,3,2020-08-01
Metropolitana de Santiago,13,La Reina,13113,6,2020-08-02
Metropolitana de Santiago,13,La Reina,13113,5,2020-08-03
Metropolitana de Santiago,13,La Reina,13113,5,2020-08-04
Metropolitana de Santiago,13,La Reina,13113,2,2020-08-05
Metropolitana de Santiago,13,La Reina,13113,5,2020-08-06
Metropolitana de Santiago,13,La Reina,13113,4,2020-08-08
Metropolitana de Santiago,13,La Reina,13113,2,2020-08-09
Metropolitana de Santiago,13,La Reina,13113,2,2020-08-10
Metropolitana de Santiago,13,La Reina,13113,2,2020-08-11
Metropolitana de Santiago,13,La Reina,13113,4,2020-08-12
Metropolitana de Santiago,13,La Reina,13113,1,2020-08-13
Metropolitana de Santiago,13,La Reina,13113,2,2020-08-14
Metropolitana de Santiago,13,La Reina,13113,2,2020-08-16
Metropolitana de Santiago,13,La Reina,13113,4,2020-08-17
Metropolitana de Santiago,13,La Reina,13113,3,2020-08-18
Metropolitana de Santiago,13,La Reina,13113,4,2020-08-19
Metropolitana de Santiago,13,La Reina,13113,3,2020-08-20
Metropolitana de Santiago,13,La Reina,13113,2,2020-08-21
Metropolitana de Santiago,13,La Reina,13113,3,2020-08-22
Metropolitana de Santiago,13,La Reina,13113,2,2020-08-23
Metropolitana de Santiago,13,La Reina,13113,2,2020-08-24
Metropolitana de Santiago,13,La Reina,13113,1,2020-08-25
Metropolitana de Santiago,13,La Reina,13113,2,2020-08-27
Metropolitana de Santiago,13,La Reina,13113,2,2020-08-28
Metropolitana de Santiago,13,La Reina,13113,3,2020-08-29
Metropolitana de Santiago,13,La Reina,13113,2,2020-08-30
Metropolitana de Santiago,13,La Reina,13113,2,2020-08-31
Metropolitana de Santiago,13,La Reina,13113,3,2020-09-01
Metropolitana de Santiago,13,La Reina,13113,4,2020-09-02
Metropolitana de Santiago,13,La Reina,13113,3,2020-09-03
Metropolitana de Santiago,13,La Reina,13113,1,2020-09-04
Metropolitana de Santiago,13,La Reina,13113,2,2020-09-05
Metropolitana de Santiago,13,La Reina,13113,1,2020-09-06
Metropolitana de Santiago,13,La Reina,13113,1,2020-09-07
Metropolitana de Santiago,13,La Reina,13113,1,2020-09-08
Metropolitana de Santiago,13,La Reina,13113,2,2020-09-09
Metropolitana de Santiago,13,La Reina,13113,1,2020-09-10
Metropolitana de Santiago,13,La Reina,13113,5,2020-09-11
Metropolitana de Santiago,13,La Reina,13113,5,2020-09-13
Metropolitana de Santiago,13,La Reina,13113,1,2020-09-15
Metropolitana de Santiago,13,La Reina,13113,4,2020-09-16
Metropolitana de Santiago,13,La Reina,13113,4,2020-09-17
Metropolitana de Santiago,13,La Reina,13113,3,2020-09-19
Metropolitana de Santiago,13,La Reina,13113,1,2020-09-20
Metropolitana de Santiago,13,La Reina,13113,3,2020-09-21
Metropolitana de Santiago,13,La Reina,13113,3,2020-09-22
Metropolitana de Santiago,13,La Reina,13113,1,2020-09-23
Metropolitana de Santiago,13,La Reina,13113,6,2020-09-24
Metropolitana de Santiago,13,La Reina,13113,1,2020-09-25
Metropolitana de Santiago,13,La Reina,13113,5,2020-09-27
Metropolitana de Santiago,13,La Reina,13113,5,2020-09-28
Metropolitana de Santiago,13,La Reina,13113,4,2020-09-29
Metropolitana de Santiago,13,La Reina,13113,3,2020-09-30
Metropolitana de Santiago,13,La Reina,13113,2,2020-10-01
Metropolitana de Santiago,13,La Reina,13113,3,2020-10-02
Metropolitana de Santiago,13,La Reina,13113,4,2020-10-03
Metropolitana de Santiago,13,La Reina,13113,3,2020-10-04
Metropolitana de Santiago,13,La Reina,13113,3,2020-10-06
Metropolitana de Santiago,13,La Reina,13113,4,2020-10-07
Metropolitana de Santiago,13,La Reina,13113,2,2020-10-08
Metropolitana de Santiago,13,La Reina,13113,4,2020-10-09
Metropolitana de Santiago,13,La Reina,13113,2,2020-10-10
Metropolitana de Santiago,13,La Reina,13113,1,2020-10-11
Metropolitana de Santiago,13,La Reina,13113,3,2020-10-12
Metropolitana de Santiago,13,La Reina,13113,3,2020-10-13
Metropolitana de Santiago,13,La Reina,13113,1,2020-10-14
Metropolitana de Santiago,13,La Reina,13113,1,2020-10-15
Metropolitana de Santiago,13,La Reina,13113,2,2020-10-16
Metropolitana de Santiago,13,La Reina,13113,1,2020-10-17
Metropolitana de Santiago,13,La Reina,13113,1,2020-10-19
Metropolitana de Santiago,13,La Reina,13113,5,2020-10-20
Metropolitana de Santiago,13,La Reina,13113,3,2020-10-21
Metropolitana de Santiago,13,La Reina,13113,3,2020-10-23
Metropolitana de Santiago,13,La Reina,13113,1,2020-10-25
Metropolitana de Santiago,13,La Reina,13113,4,2020-10-26
Metropolitana de Santiago,13,La Reina,13113,5,2020-10-27
Metropolitana de Santiago,13,La Reina,13113,2,2020-10-28
Metropolitana de Santiago,13,La Reina,13113,1,2020-10-29
Metropolitana de Santiago,13,La Reina,13113,2,2020-10-30
Metropolitana de Santiago,13,La Reina,13113,2,2020-10-31
Metropolitana de Santiago,13,La Reina,13113,1,2020-11-01
Metropolitana de Santiago,13,La Reina,13113,3,2020-11-02
Metropolitana de Santiago,13,La Reina,13113,2,2020-11-04
Metropolitana de Santiago,13,La Reina,13113,1,2020-11-05
Metropolitana de Santiago,13,La Reina,13113,4,2020-11-06
Metropolitana de Santiago,13,La Reina,13113,1,2020-11-07
Metropolitana de Santiago,13,La Reina,13113,2,2020-11-11
Metropolitana de Santiago,13,La Reina,13113,1,2020-11-12
Metropolitana de Santiago,13,La Reina,13113,3,2020-11-13
Metropolitana de Santiago,13,La Reina,13113,3,2020-11-14
Metropolitana de Santiago,13,La Reina,13113,1,2020-11-15
Metropolitana de Santiago,13,La Reina,13113,4,2020-11-16
Metropolitana de Santiago,13,La Reina,13113,3,2020-11-17
Metropolitana de Santiago,13,La Reina,13113,2,2020-11-18
Metropolitana de Santiago,13,La Reina,13113,1,2020-11-19
Metropolitana de Santiago,13,La Reina,13113,2,2020-11-21
Metropolitana de Santiago,13,La Reina,13113,3,2020-11-22
Metropolitana de Santiago,13,La Reina,13113,2,2020-11-23
Metropolitana de Santiago,13,La Reina,13113,2,2020-11-25
Metropolitana de Santiago,13,La Reina,13113,3,2020-11-26
Metropolitana de Santiago,13,La Reina,13113,1,2020-11-28
Metropolitana de Santiago,13,La Reina,13113,1,2020-11-29
Metropolitana de Santiago,13,La Reina,13113,1,2020-11-30
Metropolitana de Santiago,13,La Reina,13113,1,2020-12-01
Metropolitana de Santiago,13,La Reina,13113,1,2020-12-02
Metropolitana de Santiago,13,La Reina,13113,3,2020-12-03
Metropolitana de Santiago,13,La Reina,13113,2,2020-12-04
Metropolitana de Santiago,13,La Reina,13113,2,2020-12-06
Metropolitana de Santiago,13,La Reina,13113,3,2020-12-07
Metropolitana de Santiago,13,La Reina,13113,1,2020-12-08
Metropolitana de Santiago,13,La Reina,13113,3,2020-12-09
Metropolitana de Santiago,13,La Reina,13113,2,2020-12-12
Metropolitana de Santiago,13,La Reina,13113,2,2020-12-14
Metropolitana de Santiago,13,La Reina,13113,2,2020-12-15
Metropolitana de Santiago,13,La Reina,13113,2,2020-12-16
Metropolitana de Santiago,13,La Reina,13113,2,2020-12-17
Metropolitana de Santiago,13,La Reina,13113,3,2020-12-19
Metropolitana de Santiago,13,La Reina,13113,2,2020-12-20
Metropolitana de Santiago,13,La Reina,13113,2,2020-12-21
Metropolitana de Santiago,13,La Reina,13113,5,2020-12-22
Metropolitana de Santiago,13,La Reina,13113,1,2020-12-23
Metropolitana de Santiago,13,La Reina,13113,1,2020-12-24
Metropolitana de Santiago,13,La Reina,13113,1,2020-12-26
Metropolitana de Santiago,13,La Reina,13113,2,2020-12-27
Metropolitana de Santiago,13,La Reina,13113,1,2020-12-28
Metropolitana de Santiago,13,La Reina,13113,1,2020-12-29
Metropolitana de Santiago,13,La Reina,13113,4,2020-12-30
Metropolitana de Santiago,13,La Reina,13113,2,2020-12-31
Metropolitana de Santiago,13,La Reina,13113,4,2021-01-02
Metropolitana de Santiago,13,La Reina,13113,3,2021-01-03
Metropolitana de Santiago,13,La Reina,13113,3,2021-01-04
Metropolitana de Santiago,13,La Reina,13113,1,2021-01-06
Metropolitana de Santiago,13,La Reina,13113,1,2021-01-07
Metropolitana de Santiago,13,La Reina,13113,5,2021-01-08
Metropolitana de Santiago,13,La Reina,13113,1,2021-01-09
Metropolitana de Santiago,13,La Reina,13113,2,2021-01-10
Metropolitana de Santiago,13,La Reina,13113,1,2021-01-11
Metropolitana de Santiago,13,La Reina,13113,3,2021-01-12
Metropolitana de Santiago,13,La Reina,13113,1,2021-01-13
Metropolitana de Santiago,13,La Reina,13113,1,2021-01-14
Metropolitana de Santiago,13,Las Condes,13114,1,2020-01-01
Metropolitana de Santiago,13,Las Condes,13114,8,2020-01-02
Metropolitana de Santiago,13,Las Condes,13114,7,2020-01-03
Metropolitana de Santiago,13,Las Condes,13114,8,2020-01-04
Metropolitana de Santiago,13,Las Condes,13114,3,2020-01-05
Metropolitana de Santiago,13,Las Condes,13114,8,2020-01-06
Metropolitana de Santiago,13,Las Condes,13114,6,2020-01-07
Metropolitana de Santiago,13,Las Condes,13114,6,2020-01-08
Metropolitana de Santiago,13,Las Condes,13114,6,2020-01-09
Metropolitana de Santiago,13,Las Condes,13114,6,2020-01-10
Metropolitana de Santiago,13,Las Condes,13114,2,2020-01-11
Metropolitana de Santiago,13,Las Condes,13114,4,2020-01-12
Metropolitana de Santiago,13,Las Condes,13114,7,2020-01-13
Metropolitana de Santiago,13,Las Condes,13114,9,2020-01-14
Metropolitana de Santiago,13,Las Condes,13114,3,2020-01-15
Metropolitana de Santiago,13,Las Condes,13114,4,2020-01-16
Metropolitana de Santiago,13,Las Condes,13114,3,2020-01-17
Metropolitana de Santiago,13,Las Condes,13114,3,2020-01-18
Metropolitana de Santiago,13,Las Condes,13114,4,2020-01-19
Metropolitana de Santiago,13,Las Condes,13114,3,2020-01-20
Metropolitana de Santiago,13,Las Condes,13114,1,2020-01-21
Metropolitana de Santiago,13,Las Condes,13114,4,2020-01-22
Metropolitana de Santiago,13,Las Condes,13114,2,2020-01-23
Metropolitana de Santiago,13,Las Condes,13114,6,2020-01-24
Metropolitana de Santiago,13,Las Condes,13114,2,2020-01-25
Metropolitana de Santiago,13,Las Condes,13114,3,2020-01-26
Metropolitana de Santiago,13,Las Condes,13114,8,2020-01-27
Metropolitana de Santiago,13,Las Condes,13114,8,2020-01-28
Metropolitana de Santiago,13,Las Condes,13114,3,2020-01-29
Metropolitana de Santiago,13,Las Condes,13114,7,2020-01-30
Metropolitana de Santiago,13,Las Condes,13114,6,2020-01-31
Metropolitana de Santiago,13,Las Condes,13114,4,2020-02-01
Metropolitana de Santiago,13,Las Condes,13114,4,2020-02-02
Metropolitana de Santiago,13,Las Condes,13114,5,2020-02-03
Metropolitana de Santiago,13,Las Condes,13114,2,2020-02-04
Metropolitana de Santiago,13,Las Condes,13114,3,2020-02-05
Metropolitana de Santiago,13,Las Condes,13114,3,2020-02-06
Metropolitana de Santiago,13,Las Condes,13114,6,2020-02-07
Metropolitana de Santiago,13,Las Condes,13114,3,2020-02-08
Metropolitana de Santiago,13,Las Condes,13114,6,2020-02-09
Metropolitana de Santiago,13,Las Condes,13114,5,2020-02-10
Metropolitana de Santiago,13,Las Condes,13114,2,2020-02-11
Metropolitana de Santiago,13,Las Condes,13114,2,2020-02-12
Metropolitana de Santiago,13,Las Condes,13114,3,2020-02-13
Metropolitana de Santiago,13,Las Condes,13114,2,2020-02-14
Metropolitana de Santiago,13,Las Condes,13114,7,2020-02-15
Metropolitana de Santiago,13,Las Condes,13114,3,2020-02-16
Metropolitana de Santiago,13,Las Condes,13114,7,2020-02-17
Metropolitana de Santiago,13,Las Condes,13114,5,2020-02-18
Metropolitana de Santiago,13,Las Condes,13114,6,2020-02-19
Metropolitana de Santiago,13,Las Condes,13114,4,2020-02-20
Metropolitana de Santiago,13,Las Condes,13114,6,2020-02-21
Metropolitana de Santiago,13,Las Condes,13114,2,2020-02-24
Metropolitana de Santiago,13,Las Condes,13114,5,2020-02-25
Metropolitana de Santiago,13,Las Condes,13114,7,2020-02-26
Metropolitana de Santiago,13,Las Condes,13114,12,2020-02-27
Metropolitana de Santiago,13,Las Condes,13114,8,2020-02-28
Metropolitana de Santiago,13,Las Condes,13114,4,2020-03-02
Metropolitana de Santiago,13,Las Condes,13114,7,2020-03-03
Metropolitana de Santiago,13,Las Condes,13114,11,2020-03-04
Metropolitana de Santiago,13,Las Condes,13114,7,2020-03-05
Metropolitana de Santiago,13,Las Condes,13114,3,2020-03-06
Metropolitana de Santiago,13,Las Condes,13114,3,2020-03-07
Metropolitana de Santiago,13,Las Condes,13114,1,2020-03-08
Metropolitana de Santiago,13,Las Condes,13114,5,2020-03-09
Metropolitana de Santiago,13,Las Condes,13114,4,2020-03-10
Metropolitana de Santiago,13,Las Condes,13114,7,2020-03-12
Metropolitana de Santiago,13,Las Condes,13114,4,2020-03-13
Metropolitana de Santiago,13,Las Condes,13114,6,2020-03-14
Metropolitana de Santiago,13,Las Condes,13114,3,2020-03-15
Metropolitana de Santiago,13,Las Condes,13114,2,2020-03-16
Metropolitana de Santiago,13,Las Condes,13114,1,2020-03-17
Metropolitana de Santiago,13,Las Condes,13114,9,2020-03-18
Metropolitana de Santiago,13,Las Condes,13114,5,2020-03-19
Metropolitana de Santiago,13,Las Condes,13114,4,2020-03-20
Metropolitana de Santiago,13,Las Condes,13114,2,2020-03-21
Metropolitana de Santiago,13,Las Condes,13114,4,2020-03-22
Metropolitana de Santiago,13,Las Condes,13114,4,2020-03-23
Metropolitana de Santiago,13,Las Condes,13114,4,2020-03-24
Metropolitana de Santiago,13,Las Condes,13114,7,2020-03-25
Metropolitana de Santiago,13,Las Condes,13114,2,2020-03-26
Metropolitana de Santiago,13,Las Condes,13114,3,2020-03-27
Metropolitana de Santiago,13,Las Condes,13114,3,2020-03-28
Metropolitana de Santiago,13,Las Condes,13114,2,2020-03-29
Metropolitana de Santiago,13,Las Condes,13114,7,2020-03-30
Metropolitana de Santiago,13,Las Condes,13114,7,2020-03-31
Metropolitana de Santiago,13,Las Condes,13114,3,2020-04-01
Metropolitana de Santiago,13,Las Condes,13114,3,2020-04-02
Metropolitana de Santiago,13,Las Condes,13114,7,2020-04-03
Metropolitana de Santiago,13,Las Condes,13114,7,2020-04-04
Metropolitana de Santiago,13,Las Condes,13114,6,2020-04-05
Metropolitana de Santiago,13,Las Condes,13114,3,2020-04-06
Metropolitana de Santiago,13,Las Condes,13114,6,2020-04-07
Metropolitana de Santiago,13,Las Condes,13114,5,2020-04-08
Metropolitana de Santiago,13,Las Condes,13114,3,2020-04-09
Metropolitana de Santiago,13,Las Condes,13114,3,2020-04-10
Metropolitana de Santiago,13,Las Condes,13114,1,2020-04-11
Metropolitana de Santiago,13,Las Condes,13114,3,2020-04-12
Metropolitana de Santiago,13,Las Condes,13114,2,2020-04-13
Metropolitana de Santiago,13,Las Condes,13114,11,2020-04-14
Metropolitana de Santiago,13,Las Condes,13114,10,2020-04-15
Metropolitana de Santiago,13,Las Condes,13114,8,2020-04-16
Metropolitana de Santiago,13,Las Condes,13114,5,2020-04-17
Metropolitana de Santiago,13,Las Condes,13114,3,2020-04-18
Metropolitana de Santiago,13,Las Condes,13114,7,2020-04-19
Metropolitana de Santiago,13,Las Condes,13114,8,2020-04-20
Metropolitana de Santiago,13,Las Condes,13114,4,2020-04-21
Metropolitana de Santiago,13,Las Condes,13114,10,2020-04-22
Metropolitana de Santiago,13,Las Condes,13114,6,2020-04-23
Metropolitana de Santiago,13,Las Condes,13114,6,2020-04-24
Metropolitana de Santiago,13,Las Condes,13114,3,2020-04-25
Metropolitana de Santiago,13,Las Condes,13114,3,2020-04-26
Metropolitana de Santiago,13,Las Condes,13114,6,2020-04-27
Metropolitana de Santiago,13,Las Condes,13114,4,2020-04-28
Metropolitana de Santiago,13,Las Condes,13114,4,2020-04-29
Metropolitana de Santiago,13,Las Condes,13114,5,2020-04-30
Metropolitana de Santiago,13,Las Condes,13114,1,2020-05-01
Metropolitana de Santiago,13,Las Condes,13114,5,2020-05-02
Metropolitana de Santiago,13,Las Condes,13114,2,2020-05-03
Metropolitana de Santiago,13,Las Condes,13114,8,2020-05-04
Metropolitana de Santiago,13,Las Condes,13114,6,2020-05-05
Metropolitana de Santiago,13,Las Condes,13114,5,2020-05-06
Metropolitana de Santiago,13,Las Condes,13114,3,2020-05-07
Metropolitana de Santiago,13,Las Condes,13114,5,2020-05-08
Metropolitana de Santiago,13,Las Condes,13114,8,2020-05-09
Metropolitana de Santiago,13,Las Condes,13114,7,2020-05-10
Metropolitana de Santiago,13,Las Condes,13114,4,2020-05-11
Metropolitana de Santiago,13,Las Condes,13114,9,2020-05-12
Metropolitana de Santiago,13,Las Condes,13114,4,2020-05-13
Metropolitana de Santiago,13,Las Condes,13114,4,2020-05-14
Metropolitana de Santiago,13,Las Condes,13114,9,2020-05-15
Metropolitana de Santiago,13,Las Condes,13114,9,2020-05-16
Metropolitana de Santiago,13,Las Condes,13114,6,2020-05-17
Metropolitana de Santiago,13,Las Condes,13114,8,2020-05-18
Metropolitana de Santiago,13,Las Condes,13114,5,2020-05-19
Metropolitana de Santiago,13,Las Condes,13114,9,2020-05-20
Metropolitana de Santiago,13,Las Condes,13114,6,2020-05-21
Metropolitana de Santiago,13,Las Condes,13114,10,2020-05-22
Metropolitana de Santiago,13,Las Condes,13114,4,2020-05-23
Metropolitana de Santiago,13,Las Condes,13114,5,2020-05-24
Metropolitana de Santiago,13,Las Condes,13114,13,2020-05-25
Metropolitana de Santiago,13,Las Condes,13114,14,2020-05-26
Metropolitana de Santiago,13,Las Condes,13114,14,2020-05-27
Metropolitana de Santiago,13,Las Condes,13114,11,2020-05-28
Metropolitana de Santiago,13,Las Condes,13114,13,2020-05-29
Metropolitana de Santiago,13,Las Condes,13114,14,2020-05-30
Metropolitana de Santiago,13,Las Condes,13114,9,2020-05-31
Metropolitana de Santiago,13,Las Condes,13114,16,2020-06-01
Metropolitana de Santiago,13,Las Condes,13114,10,2020-06-02
Metropolitana de Santiago,13,Las Condes,13114,9,2020-06-03
Metropolitana de Santiago,13,Las Condes,13114,29,2020-06-04
Metropolitana de Santiago,13,Las Condes,13114,16,2020-06-05
Metropolitana de Santiago,13,Las Condes,13114,14,2020-06-06
Metropolitana de Santiago,13,Las Condes,13114,11,2020-06-07
Metropolitana de Santiago,13,Las Condes,13114,10,2020-06-08
Metropolitana de Santiago,13,Las Condes,13114,12,2020-06-09
Metropolitana de Santiago,13,Las Condes,13114,22,2020-06-10
Metropolitana de Santiago,13,Las Condes,13114,16,2020-06-11
Metropolitana de Santiago,13,Las Condes,13114,15,2020-06-12
Metropolitana de Santiago,13,Las Condes,13114,8,2020-06-13
Metropolitana de Santiago,13,Las Condes,13114,15,2020-06-14
Metropolitana de Santiago,13,Las Condes,13114,20,2020-06-15
Metropolitana de Santiago,13,Las Condes,13114,15,2020-06-16
Metropolitana de Santiago,13,Las Condes,13114,10,2020-06-17
Metropolitana de Santiago,13,Las Condes,13114,22,2020-06-18
Metropolitana de Santiago,13,Las Condes,13114,18,2020-06-19
Metropolitana de Santiago,13,Las Condes,13114,13,2020-06-20
Metropolitana de Santiago,13,Las Condes,13114,6,2020-06-21
Metropolitana de Santiago,13,Las Condes,13114,21,2020-06-22
Metropolitana de Santiago,13,Las Condes,13114,13,2020-06-23
Metropolitana de Santiago,13,Las Condes,13114,13,2020-06-24
Metropolitana de Santiago,13,Las Condes,13114,11,2020-06-25
Metropolitana de Santiago,13,Las Condes,13114,9,2020-06-26
Metropolitana de Santiago,13,Las Condes,13114,8,2020-06-27
Metropolitana de Santiago,13,Las Condes,13114,18,2020-06-28
Metropolitana de Santiago,13,Las Condes,13114,6,2020-06-29
Metropolitana de Santiago,13,Las Condes,13114,13,2020-06-30
Metropolitana de Santiago,13,Las Condes,13114,13,2020-07-01
Metropolitana de Santiago,13,Las Condes,13114,12,2020-07-02
Metropolitana de Santiago,13,Las Condes,13114,9,2020-07-03
Metropolitana de Santiago,13,Las Condes,13114,13,2020-07-04
Metropolitana de Santiago,13,Las Condes,13114,11,2020-07-05
Metropolitana de Santiago,13,Las Condes,13114,14,2020-07-06
Metropolitana de Santiago,13,Las Condes,13114,14,2020-07-07
Metropolitana de Santiago,13,Las Condes,13114,15,2020-07-08
Metropolitana de Santiago,13,Las Condes,13114,13,2020-07-09
Metropolitana de Santiago,13,Las Condes,13114,12,2020-07-10
Metropolitana de Santiago,13,Las Condes,13114,10,2020-07-11
Metropolitana de Santiago,13,Las Condes,13114,8,2020-07-12
Metropolitana de Santiago,13,Las Condes,13114,12,2020-07-13
Metropolitana de Santiago,13,Las Condes,13114,6,2020-07-14
Metropolitana de Santiago,13,Las Condes,13114,15,2020-07-15
Metropolitana de Santiago,13,Las Condes,13114,3,2020-07-16
Metropolitana de Santiago,13,Las Condes,13114,8,2020-07-17
Metropolitana de Santiago,13,Las Condes,13114,11,2020-07-18
Metropolitana de Santiago,13,Las Condes,13114,6,2020-07-19
Metropolitana de Santiago,13,Las Condes,13114,9,2020-07-20
Metropolitana de Santiago,13,Las Condes,13114,9,2020-07-21
Metropolitana de Santiago,13,Las Condes,13114,9,2020-07-22
Metropolitana de Santiago,13,Las Condes,13114,7,2020-07-23
Metropolitana de Santiago,13,Las Condes,13114,9,2020-07-24
Metropolitana de Santiago,13,Las Condes,13114,9,2020-07-25
Metropolitana de Santiago,13,Las Condes,13114,10,2020-07-26
Metropolitana de Santiago,13,Las Condes,13114,13,2020-07-27
Metropolitana de Santiago,13,Las Condes,13114,5,2020-07-28
Metropolitana de Santiago,13,Las Condes,13114,8,2020-07-29
Metropolitana de Santiago,13,Las Condes,13114,5,2020-07-30
Metropolitana de Santiago,13,Las Condes,13114,8,2020-07-31
Metropolitana de Santiago,13,Las Condes,13114,8,2020-08-01
Metropolitana de Santiago,13,Las Condes,13114,12,2020-08-02
Metropolitana de Santiago,13,Las Condes,13114,9,2020-08-03
Metropolitana de Santiago,13,Las Condes,13114,2,2020-08-04
Metropolitana de Santiago,13,Las Condes,13114,11,2020-08-05
Metropolitana de Santiago,13,Las Condes,13114,8,2020-08-06
Metropolitana de Santiago,13,Las Condes,13114,7,2020-08-07
Metropolitana de Santiago,13,Las Condes,13114,3,2020-08-08
Metropolitana de Santiago,13,Las Condes,13114,7,2020-08-09
Metropolitana de Santiago,13,Las Condes,13114,5,2020-08-10
Metropolitana de Santiago,13,Las Condes,13114,6,2020-08-11
Metropolitana de Santiago,13,Las Condes,13114,12,2020-08-12
Metropolitana de Santiago,13,Las Condes,13114,8,2020-08-13
Metropolitana de Santiago,13,Las Condes,13114,4,2020-08-14
Metropolitana de Santiago,13,Las Condes,13114,7,2020-08-15
Metropolitana de Santiago,13,Las Condes,13114,6,2020-08-16
Metropolitana de Santiago,13,Las Condes,13114,9,2020-08-17
Metropolitana de Santiago,13,Las Condes,13114,3,2020-08-18
Metropolitana de Santiago,13,Las Condes,13114,6,2020-08-19
Metropolitana de Santiago,13,Las Condes,13114,4,2020-08-20
Metropolitana de Santiago,13,Las Condes,13114,7,2020-08-21
Metropolitana de Santiago,13,Las Condes,13114,8,2020-08-22
Metropolitana de Santiago,13,Las Condes,13114,5,2020-08-23
Metropolitana de Santiago,13,Las Condes,13114,4,2020-08-24
Metropolitana de Santiago,13,Las Condes,13114,6,2020-08-25
Metropolitana de Santiago,13,Las Condes,13114,5,2020-08-26
Metropolitana de Santiago,13,Las Condes,13114,8,2020-08-27
Metropolitana de Santiago,13,Las Condes,13114,4,2020-08-28
Metropolitana de Santiago,13,Las Condes,13114,4,2020-08-29
Metropolitana de Santiago,13,Las Condes,13114,6,2020-08-30
Metropolitana de Santiago,13,Las Condes,13114,8,2020-08-31
Metropolitana de Santiago,13,Las Condes,13114,1,2020-09-01
Metropolitana de Santiago,13,Las Condes,13114,4,2020-09-02
Metropolitana de Santiago,13,Las Condes,13114,5,2020-09-03
Metropolitana de Santiago,13,Las Condes,13114,4,2020-09-04
Metropolitana de Santiago,13,Las Condes,13114,2,2020-09-05
Metropolitana de Santiago,13,Las Condes,13114,4,2020-09-06
Metropolitana de Santiago,13,Las Condes,13114,2,2020-09-07
Metropolitana de Santiago,13,Las Condes,13114,4,2020-09-08
Metropolitana de Santiago,13,Las Condes,13114,7,2020-09-09
Metropolitana de Santiago,13,Las Condes,13114,6,2020-09-10
Metropolitana de Santiago,13,Las Condes,13114,7,2020-09-11
Metropolitana de Santiago,13,Las Condes,13114,3,2020-09-12
Metropolitana de Santiago,13,Las Condes,13114,6,2020-09-13
Metropolitana de Santiago,13,Las Condes,13114,9,2020-09-14
Metropolitana de Santiago,13,Las Condes,13114,7,2020-09-15
Metropolitana de Santiago,13,Las Condes,13114,6,2020-09-16
Metropolitana de Santiago,13,Las Condes,13114,9,2020-09-17
Metropolitana de Santiago,13,Las Condes,13114,2,2020-09-18
Metropolitana de Santiago,13,Las Condes,13114,7,2020-09-19
Metropolitana de Santiago,13,Las Condes,13114,7,2020-09-20
Metropolitana de Santiago,13,Las Condes,13114,6,2020-09-21
Metropolitana de Santiago,13,Las Condes,13114,5,2020-09-22
Metropolitana de Santiago,13,Las Condes,13114,7,2020-09-23
Metropolitana de Santiago,13,Las Condes,13114,6,2020-09-24
Metropolitana de Santiago,13,Las Condes,13114,4,2020-09-25
Metropolitana de Santiago,13,Las Condes,13114,8,2020-09-26
Metropolitana de Santiago,13,Las Condes,13114,4,2020-09-27
Metropolitana de Santiago,13,Las Condes,13114,6,2020-09-28
Metropolitana de Santiago,13,Las Condes,13114,8,2020-09-29
Metropolitana de Santiago,13,Las Condes,13114,6,2020-09-30
Metropolitana de Santiago,13,Las Condes,13114,6,2020-10-01
Metropolitana de Santiago,13,Las Condes,13114,4,2020-10-02
Metropolitana de Santiago,13,Las Condes,13114,3,2020-10-03
Metropolitana de Santiago,13,Las Condes,13114,4,2020-10-04
Metropolitana de Santiago,13,Las Condes,13114,9,2020-10-05
Metropolitana de Santiago,13,Las Condes,13114,4,2020-10-06
Metropolitana de Santiago,13,Las Condes,13114,8,2020-10-07
Metropolitana de Santiago,13,Las Condes,13114,8,2020-10-08
Metropolitana de Santiago,13,Las Condes,13114,2,2020-10-09
Metropolitana de Santiago,13,Las Condes,13114,6,2020-10-10
Metropolitana de Santiago,13,Las Condes,13114,4,2020-10-11
Metropolitana de Santiago,13,Las Condes,13114,3,2020-10-12
Metropolitana de Santiago,13,Las Condes,13114,4,2020-10-13
Metropolitana de Santiago,13,Las Condes,13114,6,2020-10-14
Metropolitana de Santiago,13,Las Condes,13114,4,2020-10-15
Metropolitana de Santiago,13,Las Condes,13114,2,2020-10-16
Metropolitana de Santiago,13,Las Condes,13114,13,2020-10-17
Metropolitana de Santiago,13,Las Condes,13114,5,2020-10-18
Metropolitana de Santiago,13,Las Condes,13114,4,2020-10-19
Metropolitana de Santiago,13,Las Condes,13114,7,2020-10-20
Metropolitana de Santiago,13,Las Condes,13114,4,2020-10-21
Metropolitana de Santiago,13,Las Condes,13114,11,2020-10-22
Metropolitana de Santiago,13,Las Condes,13114,12,2020-10-23
Metropolitana de Santiago,13,Las Condes,13114,3,2020-10-24
Metropolitana de Santiago,13,Las Condes,13114,7,2020-10-25
Metropolitana de Santiago,13,Las Condes,13114,9,2020-10-26
Metropolitana de Santiago,13,Las Condes,13114,1,2020-10-27
Metropolitana de Santiago,13,Las Condes,13114,9,2020-10-28
Metropolitana de Santiago,13,Las Condes,13114,4,2020-10-29
Metropolitana de Santiago,13,Las Condes,13114,3,2020-10-30
Metropolitana de Santiago,13,Las Condes,13114,4,2020-10-31
Metropolitana de Santiago,13,Las Condes,13114,1,2020-11-01
Metropolitana de Santiago,13,Las Condes,13114,7,2020-11-02
Metropolitana de Santiago,13,Las Condes,13114,4,2020-11-03
Metropolitana de Santiago,13,Las Condes,13114,9,2020-11-04
Metropolitana de Santiago,13,Las Condes,13114,6,2020-11-05
Metropolitana de Santiago,13,Las Condes,13114,8,2020-11-06
Metropolitana de Santiago,13,Las Condes,13114,2,2020-11-07
Metropolitana de Santiago,13,Las Condes,13114,9,2020-11-08
Metropolitana de Santiago,13,Las Condes,13114,4,2020-11-09
Metropolitana de Santiago,13,Las Condes,13114,3,2020-11-10
Metropolitana de Santiago,13,Las Condes,13114,5,2020-11-11
Metropolitana de Santiago,13,Las Condes,13114,7,2020-11-12
Metropolitana de Santiago,13,Las Condes,13114,6,2020-11-13
Metropolitana de Santiago,13,Las Condes,13114,5,2020-11-14
Metropolitana de Santiago,13,Las Condes,13114,2,2020-11-15
Metropolitana de Santiago,13,Las Condes,13114,5,2020-11-16
Metropolitana de Santiago,13,Las Condes,13114,8,2020-11-17
Metropolitana de Santiago,13,Las Condes,13114,4,2020-11-18
Metropolitana de Santiago,13,Las Condes,13114,3,2020-11-19
Metropolitana de Santiago,13,Las Condes,13114,7,2020-11-20
Metropolitana de Santiago,13,Las Condes,13114,3,2020-11-21
Metropolitana de Santiago,13,Las Condes,13114,3,2020-11-22
Metropolitana de Santiago,13,Las Condes,13114,6,2020-11-23
Metropolitana de Santiago,13,Las Condes,13114,4,2020-11-24
Metropolitana de Santiago,13,Las Condes,13114,2,2020-11-25
Metropolitana de Santiago,13,Las Condes,13114,8,2020-11-26
Metropolitana de Santiago,13,Las Condes,13114,12,2020-11-27
Metropolitana de Santiago,13,Las Condes,13114,6,2020-11-28
Metropolitana de Santiago,13,Las Condes,13114,3,2020-11-29
Metropolitana de Santiago,13,Las Condes,13114,6,2020-11-30
Metropolitana de Santiago,13,Las Condes,13114,7,2020-12-01
Metropolitana de Santiago,13,Las Condes,13114,8,2020-12-02
Metropolitana de Santiago,13,Las Condes,13114,4,2020-12-03
Metropolitana de Santiago,13,Las Condes,13114,3,2020-12-04
Metropolitana de Santiago,13,Las Condes,13114,5,2020-12-05
Metropolitana de Santiago,13,Las Condes,13114,4,2020-12-06
Metropolitana de Santiago,13,Las Condes,13114,10,2020-12-07
Metropolitana de Santiago,13,Las Condes,13114,6,2020-12-08
Metropolitana de Santiago,13,Las Condes,13114,7,2020-12-09
Metropolitana de Santiago,13,Las Condes,13114,7,2020-12-10
Metropolitana de Santiago,13,Las Condes,13114,7,2020-12-11
Metropolitana de Santiago,13,Las Condes,13114,7,2020-12-12
Metropolitana de Santiago,13,Las Condes,13114,5,2020-12-13
Metropolitana de Santiago,13,Las Condes,13114,5,2020-12-14
Metropolitana de Santiago,13,Las Condes,13114,6,2020-12-15
Metropolitana de Santiago,13,Las Condes,13114,3,2020-12-16
Metropolitana de Santiago,13,Las Condes,13114,6,2020-12-17
Metropolitana de Santiago,13,Las Condes,13114,5,2020-12-18
Metropolitana de Santiago,13,Las Condes,13114,2,2020-12-19
Metropolitana de Santiago,13,Las Condes,13114,4,2020-12-20
Metropolitana de Santiago,13,Las Condes,13114,2,2020-12-21
Metropolitana de Santiago,13,Las Condes,13114,2,2020-12-22
Metropolitana de Santiago,13,Las Condes,13114,4,2020-12-23
Metropolitana de Santiago,13,Las Condes,13114,5,2020-12-24
Metropolitana de Santiago,13,Las Condes,13114,16,2020-12-26
Metropolitana de Santiago,13,Las Condes,13114,4,2020-12-27
Metropolitana de Santiago,13,Las Condes,13114,3,2020-12-28
Metropolitana de Santiago,13,Las Condes,13114,4,2020-12-29
Metropolitana de Santiago,13,Las Condes,13114,6,2020-12-30
Metropolitana de Santiago,13,Las Condes,13114,8,2020-12-31
Metropolitana de Santiago,13,Las Condes,13114,1,2021-01-01
Metropolitana de Santiago,13,Las Condes,13114,16,2021-01-02
Metropolitana de Santiago,13,Las Condes,13114,1,2021-01-03
Metropolitana de Santiago,13,Las Condes,13114,9,2021-01-04
Metropolitana de Santiago,13,Las Condes,13114,7,2021-01-05
Metropolitana de Santiago,13,Las Condes,13114,5,2021-01-06
Metropolitana de Santiago,13,Las Condes,13114,6,2021-01-07
Metropolitana de Santiago,13,Las Condes,13114,6,2021-01-08
Metropolitana de Santiago,13,Las Condes,13114,7,2021-01-09
Metropolitana de Santiago,13,Las Condes,13114,4,2021-01-10
Metropolitana de Santiago,13,Las Condes,13114,10,2021-01-11
Metropolitana de Santiago,13,Las Condes,13114,4,2021-01-12
Metropolitana de Santiago,13,Las Condes,13114,2,2021-01-14
Metropolitana de Santiago,13,Lo Barnechea,13115,2,2020-01-02
Metropolitana de Santiago,13,Lo Barnechea,13115,1,2020-01-03
Metropolitana de Santiago,13,Lo Barnechea,13115,2,2020-01-06
Metropolitana de Santiago,13,Lo Barnechea,13115,2,2020-01-08
Metropolitana de Santiago,13,Lo Barnechea,13115,1,2020-01-09
Metropolitana de Santiago,13,Lo Barnechea,13115,1,2020-01-14
Metropolitana de Santiago,13,Lo Barnechea,13115,2,2020-01-19
Metropolitana de Santiago,13,Lo Barnechea,13115,1,2020-01-21
Metropolitana de Santiago,13,Lo Barnechea,13115,1,2020-01-23
Metropolitana de Santiago,13,Lo Barnechea,13115,1,2020-01-26
Metropolitana de Santiago,13,Lo Barnechea,13115,1,2020-01-28
Metropolitana de Santiago,13,Lo Barnechea,13115,1,2020-01-31
Metropolitana de Santiago,13,Lo Barnechea,13115,1,2020-02-03
Metropolitana de Santiago,13,Lo Barnechea,13115,1,2020-02-04
Metropolitana de Santiago,13,Lo Barnechea,13115,1,2020-02-07
Metropolitana de Santiago,13,Lo Barnechea,13115,1,2020-02-10
Metropolitana de Santiago,13,Lo Barnechea,13115,2,2020-02-12
Metropolitana de Santiago,13,Lo Barnechea,13115,1,2020-02-16
Metropolitana de Santiago,13,Lo Barnechea,13115,1,2020-02-17
Metropolitana de Santiago,13,Lo Barnechea,13115,1,2020-02-18
Metropolitana de Santiago,13,Lo Barnechea,13115,1,2020-02-19
Metropolitana de Santiago,13,Lo Barnechea,13115,1,2020-02-21
Metropolitana de Santiago,13,Lo Barnechea,13115,2,2020-02-22
Metropolitana de Santiago,13,Lo Barnechea,13115,1,2020-02-26
Metropolitana de Santiago,13,Lo Barnechea,13115,1,2020-03-02
Metropolitana de Santiago,13,Lo Barnechea,13115,1,2020-03-03
Metropolitana de Santiago,13,Lo Barnechea,13115,1,2020-03-06
Metropolitana de Santiago,13,Lo Barnechea,13115,3,2020-03-09
Metropolitana de Santiago,13,Lo Barnechea,13115,1,2020-03-10
Metropolitana de Santiago,13,Lo Barnechea,13115,2,2020-03-14
Metropolitana de Santiago,13,Lo Barnechea,13115,1,2020-03-19
Metropolitana de Santiago,13,Lo Barnechea,13115,1,2020-03-22
Metropolitana de Santiago,13,Lo Barnechea,13115,1,2020-03-23
Metropolitana de Santiago,13,Lo Barnechea,13115,2,2020-03-25
Metropolitana de Santiago,13,Lo Barnechea,13115,1,2020-03-29
Metropolitana de Santiago,13,Lo Barnechea,13115,1,2020-03-30
Metropolitana de Santiago,13,Lo Barnechea,13115,1,2020-03-31
Metropolitana de Santiago,13,Lo Barnechea,13115,3,2020-04-02
Metropolitana de Santiago,13,Lo Barnechea,13115,1,2020-04-03
Metropolitana de Santiago,13,Lo Barnechea,13115,2,2020-04-06
Metropolitana de Santiago,13,Lo Barnechea,13115,1,2020-04-09
Metropolitana de Santiago,13,Lo Barnechea,13115,1,2020-04-12
Metropolitana de Santiago,13,Lo Barnechea,13115,1,2020-04-13
Metropolitana de Santiago,13,Lo Barnechea,13115,1,2020-04-15
Metropolitana de Santiago,13,Lo Barnechea,13115,1,2020-04-16
Metropolitana de Santiago,13,Lo Barnechea,13115,1,2020-04-17
Metropolitana de Santiago,13,Lo Barnechea,13115,1,2020-04-21
Metropolitana de Santiago,13,Lo Barnechea,13115,1,2020-04-22
Metropolitana de Santiago,13,Lo Barnechea,13115,1,2020-04-23
Metropolitana de Santiago,13,Lo Barnechea,13115,1,2020-04-24
Metropolitana de Santiago,13,Lo Barnechea,13115,2,2020-04-26
Metropolitana de Santiago,13,Lo Barnechea,13115,2,2020-04-27
Metropolitana de Santiago,13,Lo Barnechea,13115,1,2020-04-29
Metropolitana de Santiago,13,Lo Barnechea,13115,3,2020-05-03
Metropolitana de Santiago,13,Lo Barnechea,13115,1,2020-05-04
Metropolitana de Santiago,13,Lo Barnechea,13115,1,2020-05-06
Metropolitana de Santiago,13,Lo Barnechea,13115,2,2020-05-09
Metropolitana de Santiago,13,Lo Barnechea,13115,1,2020-05-13
Metropolitana de Santiago,13,Lo Barnechea,13115,1,2020-05-14
Metropolitana de Santiago,13,Lo Barnechea,13115,1,2020-05-15
Metropolitana de Santiago,13,Lo Barnechea,13115,1,2020-05-18
Metropolitana de Santiago,13,Lo Barnechea,13115,1,2020-05-21
Metropolitana de Santiago,13,Lo Barnechea,13115,1,2020-05-25
Metropolitana de Santiago,13,Lo Barnechea,13115,1,2020-05-27
Metropolitana de Santiago,13,Lo Barnechea,13115,3,2020-05-28
Metropolitana de Santiago,13,Lo Barnechea,13115,3,2020-05-29
Metropolitana de Santiago,13,Lo Barnechea,13115,2,2020-05-30
Metropolitana de Santiago,13,Lo Barnechea,13115,2,2020-05-31
Metropolitana de Santiago,13,Lo Barnechea,13115,1,2020-06-02
Metropolitana de Santiago,13,Lo Barnechea,13115,2,2020-06-03
Metropolitana de Santiago,13,Lo Barnechea,13115,2,2020-06-04
Metropolitana de Santiago,13,Lo Barnechea,13115,1,2020-06-05
Metropolitana de Santiago,13,Lo Barnechea,13115,3,2020-06-06
Metropolitana de Santiago,13,Lo Barnechea,13115,2,2020-06-08
Metropolitana de Santiago,13,Lo Barnechea,13115,2,2020-06-09
Metropolitana de Santiago,13,Lo Barnechea,13115,1,2020-06-10
Metropolitana de Santiago,13,Lo Barnechea,13115,1,2020-06-11
Metropolitana de Santiago,13,Lo Barnechea,13115,2,2020-06-12
Metropolitana de Santiago,13,Lo Barnechea,13115,1,2020-06-13
Metropolitana de Santiago,13,Lo Barnechea,13115,1,2020-06-15
Metropolitana de Santiago,13,Lo Barnechea,13115,5,2020-06-16
Metropolitana de Santiago,13,Lo Barnechea,13115,2,2020-06-17
Metropolitana de Santiago,13,Lo Barnechea,13115,2,2020-06-18
Metropolitana de Santiago,13,Lo Barnechea,13115,1,2020-06-19
Metropolitana de Santiago,13,Lo Barnechea,13115,2,2020-06-20
Metropolitana de Santiago,13,Lo Barnechea,13115,2,2020-06-22
Metropolitana de Santiago,13,Lo Barnechea,13115,1,2020-06-23
Metropolitana de Santiago,13,Lo Barnechea,13115,1,2020-06-24
Metropolitana de Santiago,13,Lo Barnechea,13115,1,2020-06-26
Metropolitana de Santiago,13,Lo Barnechea,13115,1,2020-06-28
Metropolitana de Santiago,13,Lo Barnechea,13115,1,2020-06-30
Metropolitana de Santiago,13,Lo Barnechea,13115,1,2020-07-01
Metropolitana de Santiago,13,Lo Barnechea,13115,1,2020-07-02
Metropolitana de Santiago,13,Lo Barnechea,13115,5,2020-07-03
Metropolitana de Santiago,13,Lo Barnechea,13115,2,2020-07-04
Metropolitana de Santiago,13,Lo Barnechea,13115,2,2020-07-05
Metropolitana de Santiago,13,Lo Barnechea,13115,2,2020-07-06
Metropolitana de Santiago,13,Lo Barnechea,13115,2,2020-07-07
Metropolitana de Santiago,13,Lo Barnechea,13115,1,2020-07-08
Metropolitana de Santiago,13,Lo Barnechea,13115,1,2020-07-10
Metropolitana de Santiago,13,Lo Barnechea,13115,1,2020-07-11
Metropolitana de Santiago,13,Lo Barnechea,13115,1,2020-07-12
Metropolitana de Santiago,13,Lo Barnechea,13115,3,2020-07-13
Metropolitana de Santiago,13,Lo Barnechea,13115,1,2020-07-14
Metropolitana de Santiago,13,Lo Barnechea,13115,1,2020-07-17
Metropolitana de Santiago,13,Lo Barnechea,13115,1,2020-07-18
Metropolitana de Santiago,13,Lo Barnechea,13115,2,2020-07-19
Metropolitana de Santiago,13,Lo Barnechea,13115,1,2020-07-20
Metropolitana de Santiago,13,Lo Barnechea,13115,1,2020-07-23
Metropolitana de Santiago,13,Lo Barnechea,13115,1,2020-07-24
Metropolitana de Santiago,13,Lo Barnechea,13115,1,2020-07-25
Metropolitana de Santiago,13,Lo Barnechea,13115,1,2020-07-26
Metropolitana de Santiago,13,Lo Barnechea,13115,1,2020-07-27
Metropolitana de Santiago,13,Lo Barnechea,13115,1,2020-07-29
Metropolitana de Santiago,13,Lo Barnechea,13115,1,2020-07-30
Metropolitana de Santiago,13,Lo Barnechea,13115,1,2020-07-31
Metropolitana de Santiago,13,Lo Barnechea,13115,1,2020-08-01
Metropolitana de Santiago,13,Lo Barnechea,13115,1,2020-08-02
Metropolitana de Santiago,13,Lo Barnechea,13115,1,2020-08-03
Metropolitana de Santiago,13,Lo Barnechea,13115,1,2020-08-04
Metropolitana de Santiago,13,Lo Barnechea,13115,1,2020-08-05
Metropolitana de Santiago,13,Lo Barnechea,13115,3,2020-08-07
Metropolitana de Santiago,13,Lo Barnechea,13115,3,2020-08-08
Metropolitana de Santiago,13,Lo Barnechea,13115,1,2020-08-10
Metropolitana de Santiago,13,Lo Barnechea,13115,1,2020-08-14
Metropolitana de Santiago,13,Lo Barnechea,13115,1,2020-08-15
Metropolitana de Santiago,13,Lo Barnechea,13115,2,2020-08-16
Metropolitana de Santiago,13,Lo Barnechea,13115,1,2020-08-17
Metropolitana de Santiago,13,Lo Barnechea,13115,1,2020-08-21
Metropolitana de Santiago,13,Lo Barnechea,13115,1,2020-08-22
Metropolitana de Santiago,13,Lo Barnechea,13115,2,2020-08-24
Metropolitana de Santiago,13,Lo Barnechea,13115,2,2020-08-25
Metropolitana de Santiago,13,Lo Barnechea,13115,1,2020-08-27
Metropolitana de Santiago,13,Lo Barnechea,13115,1,2020-08-28
Metropolitana de Santiago,13,Lo Barnechea,13115,1,2020-08-29
Metropolitana de Santiago,13,Lo Barnechea,13115,1,2020-08-30
Metropolitana de Santiago,13,Lo Barnechea,13115,1,2020-08-31
Metropolitana de Santiago,13,Lo Barnechea,13115,1,2020-09-01
Metropolitana de Santiago,13,Lo Barnechea,13115,2,2020-09-03
Metropolitana de Santiago,13,Lo Barnechea,13115,2,2020-09-06
Metropolitana de Santiago,13,Lo Barnechea,13115,1,2020-09-07
Metropolitana de Santiago,13,Lo Barnechea,13115,1,2020-09-08
Metropolitana de Santiago,13,Lo Barnechea,13115,2,2020-09-09
Metropolitana de Santiago,13,Lo Barnechea,13115,1,2020-09-10
Metropolitana de Santiago,13,Lo Barnechea,13115,2,2020-09-11
Metropolitana de Santiago,13,Lo Barnechea,13115,2,2020-09-12
Metropolitana de Santiago,13,Lo Barnechea,13115,1,2020-09-14
Metropolitana de Santiago,13,Lo Barnechea,13115,2,2020-09-16
Metropolitana de Santiago,13,Lo Barnechea,13115,1,2020-09-18
Metropolitana de Santiago,13,Lo Barnechea,13115,2,2020-09-19
Metropolitana de Santiago,13,Lo Barnechea,13115,1,2020-09-23
Metropolitana de Santiago,13,Lo Barnechea,13115,3,2020-09-25
Metropolitana de Santiago,13,Lo Barnechea,13115,1,2020-09-26
Metropolitana de Santiago,13,Lo Barnechea,13115,1,2020-09-27
Metropolitana de Santiago,13,Lo Barnechea,13115,2,2020-10-02
Metropolitana de Santiago,13,Lo Barnechea,13115,1,2020-10-08
Metropolitana de Santiago,13,Lo Barnechea,13115,1,2020-10-09
Metropolitana de Santiago,13,Lo Barnechea,13115,1,2020-10-10
Metropolitana de Santiago,13,Lo Barnechea,13115,1,2020-10-13
Metropolitana de Santiago,13,Lo Barnechea,13115,3,2020-10-14
Metropolitana de Santiago,13,Lo Barnechea,13115,1,2020-10-15
Metropolitana de Santiago,13,Lo Barnechea,13115,1,2020-10-17
Metropolitana de Santiago,13,Lo Barnechea,13115,1,2020-10-20
Metropolitana de Santiago,13,Lo Barnechea,13115,1,2020-10-21
Metropolitana de Santiago,13,Lo Barnechea,13115,1,2020-10-22
Metropolitana de Santiago,13,Lo Barnechea,13115,1,2020-10-23
Metropolitana de Santiago,13,Lo Barnechea,13115,1,2020-10-24
Metropolitana de Santiago,13,Lo Barnechea,13115,2,2020-10-25
Metropolitana de Santiago,13,Lo Barnechea,13115,2,2020-10-27
Metropolitana de Santiago,13,Lo Barnechea,13115,1,2020-10-29
Metropolitana de Santiago,13,Lo Barnechea,13115,1,2020-10-31
Metropolitana de Santiago,13,Lo Barnechea,13115,1,2020-11-06
Metropolitana de Santiago,13,Lo Barnechea,13115,1,2020-11-15
Metropolitana de Santiago,13,Lo Barnechea,13115,2,2020-11-18
Metropolitana de Santiago,13,Lo Barnechea,13115,1,2020-11-20
Metropolitana de Santiago,13,Lo Barnechea,13115,1,2020-11-21
Metropolitana de Santiago,13,Lo Barnechea,13115,1,2020-11-25
Metropolitana de Santiago,13,Lo Barnechea,13115,1,2020-11-26
Metropolitana de Santiago,13,Lo Barnechea,13115,1,2020-11-27
Metropolitana de Santiago,13,Lo Barnechea,13115,1,2020-11-28
Metropolitana de Santiago,13,Lo Barnechea,13115,1,2020-11-29
Metropolitana de Santiago,13,Lo Barnechea,13115,1,2020-12-03
Metropolitana de Santiago,13,Lo Barnechea,13115,1,2020-12-04
Metropolitana de Santiago,13,Lo Barnechea,13115,2,2020-12-07
Metropolitana de Santiago,13,Lo Barnechea,13115,1,2020-12-08
Metropolitana de Santiago,13,Lo Barnechea,13115,2,2020-12-10
Metropolitana de Santiago,13,Lo Barnechea,13115,1,2020-12-11
Metropolitana de Santiago,13,Lo Barnechea,13115,1,2020-12-13
Metropolitana de Santiago,13,Lo Barnechea,13115,1,2020-12-18
Metropolitana de Santiago,13,Lo Barnechea,13115,2,2020-12-19
Metropolitana de Santiago,13,Lo Barnechea,13115,1,2020-12-21
Metropolitana de Santiago,13,Lo Barnechea,13115,2,2020-12-22
Metropolitana de Santiago,13,Lo Barnechea,13115,1,2020-12-23
Metropolitana de Santiago,13,Lo Barnechea,13115,1,2020-12-27
Metropolitana de Santiago,13,Lo Barnechea,13115,1,2020-12-31
Metropolitana de Santiago,13,Lo Barnechea,13115,1,2021-01-02
Metropolitana de Santiago,13,Lo Barnechea,13115,2,2021-01-04
Metropolitana de Santiago,13,Lo Barnechea,13115,1,2021-01-06
Metropolitana de Santiago,13,Lo Barnechea,13115,1,2021-01-09
Metropolitana de Santiago,13,Lo Barnechea,13115,1,2021-01-10
Metropolitana de Santiago,13,Lo Barnechea,13115,1,2021-01-11
Metropolitana de Santiago,13,Lo Barnechea,13115,1,2021-01-12
Metropolitana de Santiago,13,Lo Espejo,13116,2,2020-01-03
Metropolitana de Santiago,13,Lo Espejo,13116,1,2020-01-04
Metropolitana de Santiago,13,Lo Espejo,13116,1,2020-01-05
Metropolitana de Santiago,13,Lo Espejo,13116,1,2020-01-07
Metropolitana de Santiago,13,Lo Espejo,13116,1,2020-01-11
Metropolitana de Santiago,13,Lo Espejo,13116,2,2020-01-12
Metropolitana de Santiago,13,Lo Espejo,13116,2,2020-01-13
Metropolitana de Santiago,13,Lo Espejo,13116,1,2020-01-15
Metropolitana de Santiago,13,Lo Espejo,13116,1,2020-01-17
Metropolitana de Santiago,13,Lo Espejo,13116,1,2020-01-18
Metropolitana de Santiago,13,Lo Espejo,13116,1,2020-01-19
Metropolitana de Santiago,13,Lo Espejo,13116,1,2020-01-20
Metropolitana de Santiago,13,Lo Espejo,13116,2,2020-01-22
Metropolitana de Santiago,13,Lo Espejo,13116,2,2020-01-23
Metropolitana de Santiago,13,Lo Espejo,13116,1,2020-01-26
Metropolitana de Santiago,13,Lo Espejo,13116,1,2020-01-30
Metropolitana de Santiago,13,Lo Espejo,13116,2,2020-01-31
Metropolitana de Santiago,13,Lo Espejo,13116,1,2020-02-01
Metropolitana de Santiago,13,Lo Espejo,13116,1,2020-02-04
Metropolitana de Santiago,13,Lo Espejo,13116,2,2020-02-05
Metropolitana de Santiago,13,Lo Espejo,13116,1,2020-02-06
Metropolitana de Santiago,13,Lo Espejo,13116,1,2020-02-08
Metropolitana de Santiago,13,Lo Espejo,13116,3,2020-02-21
Metropolitana de Santiago,13,Lo Espejo,13116,1,2020-02-22
Metropolitana de Santiago,13,Lo Espejo,13116,1,2020-02-24
Metropolitana de Santiago,13,Lo Espejo,13116,2,2020-02-25
Metropolitana de Santiago,13,Lo Espejo,13116,1,2020-02-27
Metropolitana de Santiago,13,Lo Espejo,13116,1,2020-02-29
Metropolitana de Santiago,13,Lo Espejo,13116,1,2020-03-02
Metropolitana de Santiago,13,Lo Espejo,13116,1,2020-03-03
Metropolitana de Santiago,13,Lo Espejo,13116,2,2020-03-06
Metropolitana de Santiago,13,Lo Espejo,13116,1,2020-03-09
Metropolitana de Santiago,13,Lo Espejo,13116,1,2020-03-10
Metropolitana de Santiago,13,Lo Espejo,13116,1,2020-03-12
Metropolitana de Santiago,13,Lo Espejo,13116,1,2020-03-13
Metropolitana de Santiago,13,Lo Espejo,13116,2,2020-03-19
Metropolitana de Santiago,13,Lo Espejo,13116,2,2020-03-21
Metropolitana de Santiago,13,Lo Espejo,13116,1,2020-03-24
Metropolitana de Santiago,13,Lo Espejo,13116,2,2020-03-27
Metropolitana de Santiago,13,Lo Espejo,13116,1,2020-03-29
Metropolitana de Santiago,13,Lo Espejo,13116,2,2020-03-30
Metropolitana de Santiago,13,Lo Espejo,13116,2,2020-04-01
Metropolitana de Santiago,13,Lo Espejo,13116,3,2020-04-02
Metropolitana de Santiago,13,Lo Espejo,13116,1,2020-04-03
Metropolitana de Santiago,13,Lo Espejo,13116,2,2020-04-06
Metropolitana de Santiago,13,Lo Espejo,13116,1,2020-04-07
Metropolitana de Santiago,13,Lo Espejo,13116,2,2020-04-08
Metropolitana de Santiago,13,Lo Espejo,13116,2,2020-04-09
Metropolitana de Santiago,13,Lo Espejo,13116,1,2020-04-10
Metropolitana de Santiago,13,Lo Espejo,13116,1,2020-04-11
Metropolitana de Santiago,13,Lo Espejo,13116,1,2020-04-12
Metropolitana de Santiago,13,Lo Espejo,13116,3,2020-04-15
Metropolitana de Santiago,13,Lo Espejo,13116,3,2020-04-16
Metropolitana de Santiago,13,Lo Espejo,13116,1,2020-04-17
Metropolitana de Santiago,13,Lo Espejo,13116,1,2020-04-19
Metropolitana de Santiago,13,Lo Espejo,13116,1,2020-04-22
Metropolitana de Santiago,13,Lo Espejo,13116,4,2020-04-25
Metropolitana de Santiago,13,Lo Espejo,13116,1,2020-04-27
Metropolitana de Santiago,13,Lo Espejo,13116,2,2020-04-28
Metropolitana de Santiago,13,Lo Espejo,13116,1,2020-04-29
Metropolitana de Santiago,13,Lo Espejo,13116,1,2020-05-04
Metropolitana de Santiago,13,Lo Espejo,13116,1,2020-05-05
Metropolitana de Santiago,13,Lo Espejo,13116,2,2020-05-06
Metropolitana de Santiago,13,Lo Espejo,13116,2,2020-05-07
Metropolitana de Santiago,13,Lo Espejo,13116,1,2020-05-11
Metropolitana de Santiago,13,Lo Espejo,13116,2,2020-05-12
Metropolitana de Santiago,13,Lo Espejo,13116,2,2020-05-13
Metropolitana de Santiago,13,Lo Espejo,13116,1,2020-05-14
Metropolitana de Santiago,13,Lo Espejo,13116,2,2020-05-15
Metropolitana de Santiago,13,Lo Espejo,13116,3,2020-05-16
Metropolitana de Santiago,13,Lo Espejo,13116,1,2020-05-17
Metropolitana de Santiago,13,Lo Espejo,13116,2,2020-05-18
Metropolitana de Santiago,13,Lo Espejo,13116,1,2020-05-19
Metropolitana de Santiago,13,Lo Espejo,13116,4,2020-05-20
Metropolitana de Santiago,13,Lo Espejo,13116,5,2020-05-22
Metropolitana de Santiago,13,Lo Espejo,13116,1,2020-05-23
Metropolitana de Santiago,13,Lo Espejo,13116,3,2020-05-25
Metropolitana de Santiago,13,Lo Espejo,13116,1,2020-05-26
Metropolitana de Santiago,13,Lo Espejo,13116,1,2020-05-27
Metropolitana de Santiago,13,Lo Espejo,13116,4,2020-05-28
Metropolitana de Santiago,13,Lo Espejo,13116,4,2020-05-29
Metropolitana de Santiago,13,Lo Espejo,13116,1,2020-05-30
Metropolitana de Santiago,13,Lo Espejo,13116,2,2020-05-31
Metropolitana de Santiago,13,Lo Espejo,13116,2,2020-06-01
Metropolitana de Santiago,13,Lo Espejo,13116,2,2020-06-02
Metropolitana de Santiago,13,Lo Espejo,13116,3,2020-06-03
Metropolitana de Santiago,13,Lo Espejo,13116,4,2020-06-05
Metropolitana de Santiago,13,Lo Espejo,13116,3,2020-06-08
Metropolitana de Santiago,13,Lo Espejo,13116,1,2020-06-09
Metropolitana de Santiago,13,Lo Espejo,13116,4,2020-06-10
Metropolitana de Santiago,13,Lo Espejo,13116,4,2020-06-11
Metropolitana de Santiago,13,Lo Espejo,13116,3,2020-06-12
Metropolitana de Santiago,13,Lo Espejo,13116,2,2020-06-13
Metropolitana de Santiago,13,Lo Espejo,13116,2,2020-06-14
Metropolitana de Santiago,13,Lo Espejo,13116,4,2020-06-15
Metropolitana de Santiago,13,Lo Espejo,13116,2,2020-06-16
Metropolitana de Santiago,13,Lo Espejo,13116,2,2020-06-17
Metropolitana de Santiago,13,Lo Espejo,13116,2,2020-06-18
Metropolitana de Santiago,13,Lo Espejo,13116,2,2020-06-19
Metropolitana de Santiago,13,Lo Espejo,13116,1,2020-06-20
Metropolitana de Santiago,13,Lo Espejo,13116,4,2020-06-21
Metropolitana de Santiago,13,Lo Espejo,13116,2,2020-06-22
Metropolitana de Santiago,13,Lo Espejo,13116,4,2020-06-23
Metropolitana de Santiago,13,Lo Espejo,13116,2,2020-06-24
Metropolitana de Santiago,13,Lo Espejo,13116,1,2020-06-25
Metropolitana de Santiago,13,Lo Espejo,13116,1,2020-06-26
Metropolitana de Santiago,13,Lo Espejo,13116,1,2020-06-27
Metropolitana de Santiago,13,Lo Espejo,13116,3,2020-06-28
Metropolitana de Santiago,13,Lo Espejo,13116,1,2020-07-01
Metropolitana de Santiago,13,Lo Espejo,13116,5,2020-07-02
Metropolitana de Santiago,13,Lo Espejo,13116,7,2020-07-04
Metropolitana de Santiago,13,Lo Espejo,13116,2,2020-07-05
Metropolitana de Santiago,13,Lo Espejo,13116,2,2020-07-06
Metropolitana de Santiago,13,Lo Espejo,13116,2,2020-07-09
Metropolitana de Santiago,13,Lo Espejo,13116,1,2020-07-10
Metropolitana de Santiago,13,Lo Espejo,13116,4,2020-07-11
Metropolitana de Santiago,13,Lo Espejo,13116,2,2020-07-12
Metropolitana de Santiago,13,Lo Espejo,13116,2,2020-07-13
Metropolitana de Santiago,13,Lo Espejo,13116,1,2020-07-14
Metropolitana de Santiago,13,Lo Espejo,13116,2,2020-07-15
Metropolitana de Santiago,13,Lo Espejo,13116,3,2020-07-16
Metropolitana de Santiago,13,Lo Espejo,13116,2,2020-07-17
Metropolitana de Santiago,13,Lo Espejo,13116,2,2020-07-18
Metropolitana de Santiago,13,Lo Espejo,13116,1,2020-07-19
Metropolitana de Santiago,13,Lo Espejo,13116,1,2020-07-21
Metropolitana de Santiago,13,Lo Espejo,13116,5,2020-07-22
Metropolitana de Santiago,13,Lo Espejo,13116,3,2020-07-23
Metropolitana de Santiago,13,Lo Espejo,13116,1,2020-07-24
Metropolitana de Santiago,13,Lo Espejo,13116,1,2020-07-25
Metropolitana de Santiago,13,Lo Espejo,13116,1,2020-07-28
Metropolitana de Santiago,13,Lo Espejo,13116,2,2020-07-29
Metropolitana de Santiago,13,Lo Espejo,13116,1,2020-07-30
Metropolitana de Santiago,13,Lo Espejo,13116,1,2020-07-31
Metropolitana de Santiago,13,Lo Espejo,13116,1,2020-08-01
Metropolitana de Santiago,13,Lo Espejo,13116,1,2020-08-03
Metropolitana de Santiago,13,Lo Espejo,13116,1,2020-08-06
Metropolitana de Santiago,13,Lo Espejo,13116,1,2020-08-07
Metropolitana de Santiago,13,Lo Espejo,13116,2,2020-08-08
Metropolitana de Santiago,13,Lo Espejo,13116,1,2020-08-09
Metropolitana de Santiago,13,Lo Espejo,13116,1,2020-08-10
Metropolitana de Santiago,13,Lo Espejo,13116,1,2020-08-12
Metropolitana de Santiago,13,Lo Espejo,13116,2,2020-08-13
Metropolitana de Santiago,13,Lo Espejo,13116,1,2020-08-14
Metropolitana de Santiago,13,Lo Espejo,13116,3,2020-08-16
Metropolitana de Santiago,13,Lo Espejo,13116,3,2020-08-17
Metropolitana de Santiago,13,Lo Espejo,13116,1,2020-08-20
Metropolitana de Santiago,13,Lo Espejo,13116,2,2020-08-23
Metropolitana de Santiago,13,Lo Espejo,13116,2,2020-08-24
Metropolitana de Santiago,13,Lo Espejo,13116,1,2020-08-25
Metropolitana de Santiago,13,Lo Espejo,13116,1,2020-08-26
Metropolitana de Santiago,13,Lo Espejo,13116,3,2020-08-27
Metropolitana de Santiago,13,Lo Espejo,13116,2,2020-08-28
Metropolitana de Santiago,13,Lo Espejo,13116,1,2020-08-29
Metropolitana de Santiago,13,Lo Espejo,13116,1,2020-08-31
Metropolitana de Santiago,13,Lo Espejo,13116,2,2020-09-01
Metropolitana de Santiago,13,Lo Espejo,13116,3,2020-09-02
Metropolitana de Santiago,13,Lo Espejo,13116,1,2020-09-03
Metropolitana de Santiago,13,Lo Espejo,13116,3,2020-09-05
Metropolitana de Santiago,13,Lo Espejo,13116,1,2020-09-06
Metropolitana de Santiago,13,Lo Espejo,13116,1,2020-09-07
Metropolitana de Santiago,13,Lo Espejo,13116,2,2020-09-08
Metropolitana de Santiago,13,Lo Espejo,13116,3,2020-09-09
Metropolitana de Santiago,13,Lo Espejo,13116,1,2020-09-11
Metropolitana de Santiago,13,Lo Espejo,13116,1,2020-09-12
Metropolitana de Santiago,13,Lo Espejo,13116,2,2020-09-15
Metropolitana de Santiago,13,Lo Espejo,13116,3,2020-09-16
Metropolitana de Santiago,13,Lo Espejo,13116,2,2020-09-17
Metropolitana de Santiago,13,Lo Espejo,13116,1,2020-09-18
Metropolitana de Santiago,13,Lo Espejo,13116,3,2020-09-19
Metropolitana de Santiago,13,Lo Espejo,13116,1,2020-09-21
Metropolitana de Santiago,13,Lo Espejo,13116,2,2020-09-22
Metropolitana de Santiago,13,Lo Espejo,13116,1,2020-09-26
Metropolitana de Santiago,13,Lo Espejo,13116,1,2020-09-27
Metropolitana de Santiago,13,Lo Espejo,13116,1,2020-09-29
Metropolitana de Santiago,13,Lo Espejo,13116,2,2020-09-30
Metropolitana de Santiago,13,Lo Espejo,13116,3,2020-10-01
Metropolitana de Santiago,13,Lo Espejo,13116,1,2020-10-02
Metropolitana de Santiago,13,Lo Espejo,13116,2,2020-10-04
Metropolitana de Santiago,13,Lo Espejo,13116,1,2020-10-05
Metropolitana de Santiago,13,Lo Espejo,13116,2,2020-10-07
Metropolitana de Santiago,13,Lo Espejo,13116,2,2020-10-08
Metropolitana de Santiago,13,Lo Espejo,13116,1,2020-10-09
Metropolitana de Santiago,13,Lo Espejo,13116,1,2020-10-10
Metropolitana de Santiago,13,Lo Espejo,13116,3,2020-10-11
Metropolitana de Santiago,13,Lo Espejo,13116,1,2020-10-12
Metropolitana de Santiago,13,Lo Espejo,13116,1,2020-10-13
Metropolitana de Santiago,13,Lo Espejo,13116,3,2020-10-16
Metropolitana de Santiago,13,Lo Espejo,13116,2,2020-10-18
Metropolitana de Santiago,13,Lo Espejo,13116,2,2020-10-20
Metropolitana de Santiago,13,Lo Espejo,13116,1,2020-10-21
Metropolitana de Santiago,13,Lo Espejo,13116,1,2020-10-22
Metropolitana de Santiago,13,Lo Espejo,13116,2,2020-10-24
Metropolitana de Santiago,13,Lo Espejo,13116,1,2020-10-26
Metropolitana de Santiago,13,Lo Espejo,13116,1,2020-10-27
Metropolitana de Santiago,13,Lo Espejo,13116,2,2020-10-29
Metropolitana de Santiago,13,Lo Espejo,13116,5,2020-10-30
Metropolitana de Santiago,13,Lo Espejo,13116,1,2020-10-31
Metropolitana de Santiago,13,Lo Espejo,13116,2,2020-11-01
Metropolitana de Santiago,13,Lo Espejo,13116,1,2020-11-02
Metropolitana de Santiago,13,Lo Espejo,13116,2,2020-11-03
Metropolitana de Santiago,13,Lo Espejo,13116,1,2020-11-07
Metropolitana de Santiago,13,Lo Espejo,13116,1,2020-11-09
Metropolitana de Santiago,13,Lo Espejo,13116,1,2020-11-12
Metropolitana de Santiago,13,Lo Espejo,13116,1,2020-11-13
Metropolitana de Santiago,13,Lo Espejo,13116,2,2020-11-14
Metropolitana de Santiago,13,Lo Espejo,13116,2,2020-11-15
Metropolitana de Santiago,13,Lo Espejo,13116,3,2020-11-16
Metropolitana de Santiago,13,Lo Espejo,13116,1,2020-11-19
Metropolitana de Santiago,13,Lo Espejo,13116,1,2020-11-21
Metropolitana de Santiago,13,Lo Espejo,13116,1,2020-11-22
Metropolitana de Santiago,13,Lo Espejo,13116,1,2020-11-24
Metropolitana de Santiago,13,Lo Espejo,13116,1,2020-11-25
Metropolitana de Santiago,13,Lo Espejo,13116,4,2020-11-26
Metropolitana de Santiago,13,Lo Espejo,13116,1,2020-11-27
Metropolitana de Santiago,13,Lo Espejo,13116,2,2020-11-28
Metropolitana de Santiago,13,Lo Espejo,13116,1,2020-11-29
Metropolitana de Santiago,13,Lo Espejo,13116,1,2020-11-30
Metropolitana de Santiago,13,Lo Espejo,13116,1,2020-12-01
Metropolitana de Santiago,13,Lo Espejo,13116,1,2020-12-02
Metropolitana de Santiago,13,Lo Espejo,13116,1,2020-12-03
Metropolitana de Santiago,13,Lo Espejo,13116,2,2020-12-04
Metropolitana de Santiago,13,Lo Espejo,13116,1,2020-12-06
Metropolitana de Santiago,13,Lo Espejo,13116,2,2020-12-07
Metropolitana de Santiago,13,Lo Espejo,13116,1,2020-12-09
Metropolitana de Santiago,13,Lo Espejo,13116,1,2020-12-10
Metropolitana de Santiago,13,Lo Espejo,13116,1,2020-12-11
Metropolitana de Santiago,13,Lo Espejo,13116,2,2020-12-12
Metropolitana de Santiago,13,Lo Espejo,13116,1,2020-12-14
Metropolitana de Santiago,13,Lo Espejo,13116,1,2020-12-16
Metropolitana de Santiago,13,Lo Espejo,13116,4,2020-12-17
Metropolitana de Santiago,13,Lo Espejo,13116,1,2020-12-18
Metropolitana de Santiago,13,Lo Espejo,13116,1,2020-12-19
Metropolitana de Santiago,13,Lo Espejo,13116,1,2020-12-20
Metropolitana de Santiago,13,Lo Espejo,13116,2,2020-12-21
Metropolitana de Santiago,13,Lo Espejo,13116,2,2020-12-23
Metropolitana de Santiago,13,Lo Espejo,13116,1,2020-12-24
Metropolitana de Santiago,13,Lo Espejo,13116,1,2020-12-26
Metropolitana de Santiago,13,Lo Espejo,13116,3,2020-12-27
Metropolitana de Santiago,13,Lo Espejo,13116,1,2020-12-28
Metropolitana de Santiago,13,Lo Espejo,13116,3,2020-12-29
Metropolitana de Santiago,13,Lo Espejo,13116,1,2020-12-30
Metropolitana de Santiago,13,Lo Espejo,13116,4,2021-01-02
Metropolitana de Santiago,13,Lo Espejo,13116,3,2021-01-03
Metropolitana de Santiago,13,Lo Espejo,13116,1,2021-01-04
Metropolitana de Santiago,13,Lo Espejo,13116,1,2021-01-05
Metropolitana de Santiago,13,Lo Espejo,13116,2,2021-01-06
Metropolitana de Santiago,13,Lo Espejo,13116,2,2021-01-09
Metropolitana de Santiago,13,Lo Espejo,13116,2,2021-01-10
Metropolitana de Santiago,13,Lo Prado,13117,1,2020-01-02
Metropolitana de Santiago,13,Lo Prado,13117,3,2020-01-03
Metropolitana de Santiago,13,Lo Prado,13117,1,2020-01-09
Metropolitana de Santiago,13,Lo Prado,13117,1,2020-01-11
Metropolitana de Santiago,13,Lo Prado,13117,1,2020-01-13
Metropolitana de Santiago,13,Lo Prado,13117,1,2020-01-14
Metropolitana de Santiago,13,Lo Prado,13117,2,2020-01-15
Metropolitana de Santiago,13,Lo Prado,13117,3,2020-01-16
Metropolitana de Santiago,13,Lo Prado,13117,1,2020-01-17
Metropolitana de Santiago,13,Lo Prado,13117,1,2020-01-20
Metropolitana de Santiago,13,Lo Prado,13117,1,2020-01-21
Metropolitana de Santiago,13,Lo Prado,13117,3,2020-01-22
Metropolitana de Santiago,13,Lo Prado,13117,1,2020-01-23
Metropolitana de Santiago,13,Lo Prado,13117,1,2020-01-25
Metropolitana de Santiago,13,Lo Prado,13117,3,2020-01-26
Metropolitana de Santiago,13,Lo Prado,13117,3,2020-01-27
Metropolitana de Santiago,13,Lo Prado,13117,2,2020-01-28
Metropolitana de Santiago,13,Lo Prado,13117,1,2020-01-30
Metropolitana de Santiago,13,Lo Prado,13117,1,2020-02-01
Metropolitana de Santiago,13,Lo Prado,13117,1,2020-02-02
Metropolitana de Santiago,13,Lo Prado,13117,3,2020-02-04
Metropolitana de Santiago,13,Lo Prado,13117,1,2020-02-05
Metropolitana de Santiago,13,Lo Prado,13117,3,2020-02-06
Metropolitana de Santiago,13,Lo Prado,13117,1,2020-02-07
Metropolitana de Santiago,13,Lo Prado,13117,1,2020-02-08
Metropolitana de Santiago,13,Lo Prado,13117,2,2020-02-14
Metropolitana de Santiago,13,Lo Prado,13117,2,2020-02-15
Metropolitana de Santiago,13,Lo Prado,13117,3,2020-02-16
Metropolitana de Santiago,13,Lo Prado,13117,1,2020-02-20
Metropolitana de Santiago,13,Lo Prado,13117,1,2020-02-21
Metropolitana de Santiago,13,Lo Prado,13117,1,2020-02-22
Metropolitana de Santiago,13,Lo Prado,13117,1,2020-02-26
Metropolitana de Santiago,13,Lo Prado,13117,1,2020-02-27
Metropolitana de Santiago,13,Lo Prado,13117,1,2020-02-28
Metropolitana de Santiago,13,Lo Prado,13117,1,2020-03-01
Metropolitana de Santiago,13,Lo Prado,13117,1,2020-03-05
Metropolitana de Santiago,13,Lo Prado,13117,1,2020-03-07
Metropolitana de Santiago,13,Lo Prado,13117,1,2020-03-08
Metropolitana de Santiago,13,Lo Prado,13117,1,2020-03-09
Metropolitana de Santiago,13,Lo Prado,13117,2,2020-03-10
Metropolitana de Santiago,13,Lo Prado,13117,1,2020-03-11
Metropolitana de Santiago,13,Lo Prado,13117,1,2020-03-14
Metropolitana de Santiago,13,Lo Prado,13117,1,2020-03-17
Metropolitana de Santiago,13,Lo Prado,13117,1,2020-03-19
Metropolitana de Santiago,13,Lo Prado,13117,2,2020-03-22
Metropolitana de Santiago,13,Lo Prado,13117,1,2020-03-23
Metropolitana de Santiago,13,Lo Prado,13117,1,2020-03-24
Metropolitana de Santiago,13,Lo Prado,13117,2,2020-03-25
Metropolitana de Santiago,13,Lo Prado,13117,1,2020-03-26
Metropolitana de Santiago,13,Lo Prado,13117,2,2020-03-27
Metropolitana de Santiago,13,Lo Prado,13117,2,2020-03-30
Metropolitana de Santiago,13,Lo Prado,13117,1,2020-03-31
Metropolitana de Santiago,13,Lo Prado,13117,4,2020-04-02
Metropolitana de Santiago,13,Lo Prado,13117,2,2020-04-03
Metropolitana de Santiago,13,Lo Prado,13117,2,2020-04-04
Metropolitana de Santiago,13,Lo Prado,13117,1,2020-04-06
Metropolitana de Santiago,13,Lo Prado,13117,1,2020-04-08
Metropolitana de Santiago,13,Lo Prado,13117,1,2020-04-09
Metropolitana de Santiago,13,Lo Prado,13117,1,2020-04-10
Metropolitana de Santiago,13,Lo Prado,13117,1,2020-04-11
Metropolitana de Santiago,13,Lo Prado,13117,2,2020-04-12
Metropolitana de Santiago,13,Lo Prado,13117,1,2020-04-14
Metropolitana de Santiago,13,Lo Prado,13117,1,2020-04-15
Metropolitana de Santiago,13,Lo Prado,13117,1,2020-04-16
Metropolitana de Santiago,13,Lo Prado,13117,2,2020-04-17
Metropolitana de Santiago,13,Lo Prado,13117,1,2020-04-19
Metropolitana de Santiago,13,Lo Prado,13117,2,2020-04-20
Metropolitana de Santiago,13,Lo Prado,13117,4,2020-04-22
Metropolitana de Santiago,13,Lo Prado,13117,1,2020-04-23
Metropolitana de Santiago,13,Lo Prado,13117,1,2020-04-24
Metropolitana de Santiago,13,Lo Prado,13117,1,2020-04-25
Metropolitana de Santiago,13,Lo Prado,13117,1,2020-04-26
Metropolitana de Santiago,13,Lo Prado,13117,1,2020-04-28
Metropolitana de Santiago,13,Lo Prado,13117,1,2020-04-30
Metropolitana de Santiago,13,Lo Prado,13117,3,2020-05-02
Metropolitana de Santiago,13,Lo Prado,13117,4,2020-05-03
Metropolitana de Santiago,13,Lo Prado,13117,1,2020-05-04
Metropolitana de Santiago,13,Lo Prado,13117,1,2020-05-05
Metropolitana de Santiago,13,Lo Prado,13117,1,2020-05-08
Metropolitana de Santiago,13,Lo Prado,13117,1,2020-05-11
Metropolitana de Santiago,13,Lo Prado,13117,4,2020-05-13
Metropolitana de Santiago,13,Lo Prado,13117,4,2020-05-14
Metropolitana de Santiago,13,Lo Prado,13117,1,2020-05-15
Metropolitana de Santiago,13,Lo Prado,13117,1,2020-05-17
Metropolitana de Santiago,13,Lo Prado,13117,3,2020-05-19
Metropolitana de Santiago,13,Lo Prado,13117,3,2020-05-22
Metropolitana de Santiago,13,Lo Prado,13117,1,2020-05-23
Metropolitana de Santiago,13,Lo Prado,13117,4,2020-05-24
Metropolitana de Santiago,13,Lo Prado,13117,2,2020-05-25
Metropolitana de Santiago,13,Lo Prado,13117,2,2020-05-26
Metropolitana de Santiago,13,Lo Prado,13117,1,2020-05-28
Metropolitana de Santiago,13,Lo Prado,13117,3,2020-05-29
Metropolitana de Santiago,13,Lo Prado,13117,3,2020-05-30
Metropolitana de Santiago,13,Lo Prado,13117,2,2020-05-31
Metropolitana de Santiago,13,Lo Prado,13117,2,2020-06-01
Metropolitana de Santiago,13,Lo Prado,13117,1,2020-06-03
Metropolitana de Santiago,13,Lo Prado,13117,2,2020-06-04
Metropolitana de Santiago,13,Lo Prado,13117,3,2020-06-05
Metropolitana de Santiago,13,Lo Prado,13117,3,2020-06-06
Metropolitana de Santiago,13,Lo Prado,13117,4,2020-06-07
Metropolitana de Santiago,13,Lo Prado,13117,4,2020-06-09
Metropolitana de Santiago,13,Lo Prado,13117,4,2020-06-10
Metropolitana de Santiago,13,Lo Prado,13117,1,2020-06-11
Metropolitana de Santiago,13,Lo Prado,13117,4,2020-06-12
Metropolitana de Santiago,13,Lo Prado,13117,4,2020-06-13
Metropolitana de Santiago,13,Lo Prado,13117,1,2020-06-14
Metropolitana de Santiago,13,Lo Prado,13117,5,2020-06-16
Metropolitana de Santiago,13,Lo Prado,13117,4,2020-06-17
Metropolitana de Santiago,13,Lo Prado,13117,2,2020-06-18
Metropolitana de Santiago,13,Lo Prado,13117,3,2020-06-19
Metropolitana de Santiago,13,Lo Prado,13117,1,2020-06-20
Metropolitana de Santiago,13,Lo Prado,13117,1,2020-06-21
Metropolitana de Santiago,13,Lo Prado,13117,2,2020-06-23
Metropolitana de Santiago,13,Lo Prado,13117,1,2020-06-24
Metropolitana de Santiago,13,Lo Prado,13117,1,2020-06-25
Metropolitana de Santiago,13,Lo Prado,13117,3,2020-06-26
Metropolitana de Santiago,13,Lo Prado,13117,3,2020-06-27
Metropolitana de Santiago,13,Lo Prado,13117,2,2020-06-28
Metropolitana de Santiago,13,Lo Prado,13117,3,2020-06-29
Metropolitana de Santiago,13,Lo Prado,13117,2,2020-06-30
Metropolitana de Santiago,13,Lo Prado,13117,1,2020-07-01
Metropolitana de Santiago,13,Lo Prado,13117,3,2020-07-03
Metropolitana de Santiago,13,Lo Prado,13117,1,2020-07-04
Metropolitana de Santiago,13,Lo Prado,13117,2,2020-07-05
Metropolitana de Santiago,13,Lo Prado,13117,2,2020-07-09
Metropolitana de Santiago,13,Lo Prado,13117,1,2020-07-11
Metropolitana de Santiago,13,Lo Prado,13117,1,2020-07-12
Metropolitana de Santiago,13,Lo Prado,13117,1,2020-07-13
Metropolitana de Santiago,13,Lo Prado,13117,1,2020-07-14
Metropolitana de Santiago,13,Lo Prado,13117,1,2020-07-15
Metropolitana de Santiago,13,Lo Prado,13117,2,2020-07-16
Metropolitana de Santiago,13,Lo Prado,13117,2,2020-07-20
Metropolitana de Santiago,13,Lo Prado,13117,1,2020-07-21
Metropolitana de Santiago,13,Lo Prado,13117,1,2020-07-23
Metropolitana de Santiago,13,Lo Prado,13117,2,2020-07-24
Metropolitana de Santiago,13,Lo Prado,13117,3,2020-07-25
Metropolitana de Santiago,13,Lo Prado,13117,2,2020-07-27
Metropolitana de Santiago,13,Lo Prado,13117,1,2020-07-29
Metropolitana de Santiago,13,Lo Prado,13117,2,2020-07-30
Metropolitana de Santiago,13,Lo Prado,13117,1,2020-07-31
Metropolitana de Santiago,13,Lo Prado,13117,2,2020-08-01
Metropolitana de Santiago,13,Lo Prado,13117,1,2020-08-03
Metropolitana de Santiago,13,Lo Prado,13117,2,2020-08-04
Metropolitana de Santiago,13,Lo Prado,13117,1,2020-08-05
Metropolitana de Santiago,13,Lo Prado,13117,3,2020-08-06
Metropolitana de Santiago,13,Lo Prado,13117,1,2020-08-07
Metropolitana de Santiago,13,Lo Prado,13117,1,2020-08-10
Metropolitana de Santiago,13,Lo Prado,13117,2,2020-08-11
Metropolitana de Santiago,13,Lo Prado,13117,2,2020-08-14
Metropolitana de Santiago,13,Lo Prado,13117,3,2020-08-15
Metropolitana de Santiago,13,Lo Prado,13117,1,2020-08-17
Metropolitana de Santiago,13,Lo Prado,13117,2,2020-08-19
Metropolitana de Santiago,13,Lo Prado,13117,1,2020-08-20
Metropolitana de Santiago,13,Lo Prado,13117,2,2020-08-23
Metropolitana de Santiago,13,Lo Prado,13117,4,2020-08-24
Metropolitana de Santiago,13,Lo Prado,13117,1,2020-08-25
Metropolitana de Santiago,13,Lo Prado,13117,1,2020-08-27
Metropolitana de Santiago,13,Lo Prado,13117,1,2020-08-28
Metropolitana de Santiago,13,Lo Prado,13117,2,2020-08-29
Metropolitana de Santiago,13,Lo Prado,13117,1,2020-08-30
Metropolitana de Santiago,13,Lo Prado,13117,3,2020-09-01
Metropolitana de Santiago,13,Lo Prado,13117,1,2020-09-03
Metropolitana de Santiago,13,Lo Prado,13117,1,2020-09-04
Metropolitana de Santiago,13,Lo Prado,13117,2,2020-09-05
Metropolitana de Santiago,13,Lo Prado,13117,1,2020-09-07
Metropolitana de Santiago,13,Lo Prado,13117,1,2020-09-08
Metropolitana de Santiago,13,Lo Prado,13117,1,2020-09-09
Metropolitana de Santiago,13,Lo Prado,13117,1,2020-09-13
Metropolitana de Santiago,13,Lo Prado,13117,1,2020-09-15
Metropolitana de Santiago,13,Lo Prado,13117,2,2020-09-16
Metropolitana de Santiago,13,Lo Prado,13117,1,2020-09-19
Metropolitana de Santiago,13,Lo Prado,13117,1,2020-09-20
Metropolitana de Santiago,13,Lo Prado,13117,5,2020-09-21
Metropolitana de Santiago,13,Lo Prado,13117,5,2020-09-23
Metropolitana de Santiago,13,Lo Prado,13117,1,2020-09-24
Metropolitana de Santiago,13,Lo Prado,13117,1,2020-09-26
Metropolitana de Santiago,13,Lo Prado,13117,1,2020-09-29
Metropolitana de Santiago,13,Lo Prado,13117,1,2020-09-30
Metropolitana de Santiago,13,Lo Prado,13117,2,2020-10-03
Metropolitana de Santiago,13,Lo Prado,13117,4,2020-10-05
Metropolitana de Santiago,13,Lo Prado,13117,1,2020-10-06
Metropolitana de Santiago,13,Lo Prado,13117,2,2020-10-07
Metropolitana de Santiago,13,Lo Prado,13117,3,2020-10-09
Metropolitana de Santiago,13,Lo Prado,13117,2,2020-10-10
Metropolitana de Santiago,13,Lo Prado,13117,4,2020-10-11
Metropolitana de Santiago,13,Lo Prado,13117,1,2020-10-12
Metropolitana de Santiago,13,Lo Prado,13117,1,2020-10-13
Metropolitana de Santiago,13,Lo Prado,13117,1,2020-10-14
Metropolitana de Santiago,13,Lo Prado,13117,1,2020-10-15
Metropolitana de Santiago,13,Lo Prado,13117,1,2020-10-17
Metropolitana de Santiago,13,Lo Prado,13117,2,2020-10-18
Metropolitana de Santiago,13,Lo Prado,13117,1,2020-10-19
Metropolitana de Santiago,13,Lo Prado,13117,1,2020-10-20
Metropolitana de Santiago,13,Lo Prado,13117,1,2020-10-21
Metropolitana de Santiago,13,Lo Prado,13117,1,2020-10-23
Metropolitana de Santiago,13,Lo Prado,13117,1,2020-10-24
Metropolitana de Santiago,13,Lo Prado,13117,1,2020-10-26
Metropolitana de Santiago,13,Lo Prado,13117,1,2020-10-27
Metropolitana de Santiago,13,Lo Prado,13117,1,2020-10-28
Metropolitana de Santiago,13,Lo Prado,13117,1,2020-10-29
Metropolitana de Santiago,13,Lo Prado,13117,1,2020-10-31
Metropolitana de Santiago,13,Lo Prado,13117,2,2020-11-01
Metropolitana de Santiago,13,Lo Prado,13117,2,2020-11-02
Metropolitana de Santiago,13,Lo Prado,13117,2,2020-11-03
Metropolitana de Santiago,13,Lo Prado,13117,2,2020-11-06
Metropolitana de Santiago,13,Lo Prado,13117,2,2020-11-07
Metropolitana de Santiago,13,Lo Prado,13117,2,2020-11-12
Metropolitana de Santiago,13,Lo Prado,13117,3,2020-11-14
Metropolitana de Santiago,13,Lo Prado,13117,1,2020-11-15
Metropolitana de Santiago,13,Lo Prado,13117,3,2020-11-16
Metropolitana de Santiago,13,Lo Prado,13117,1,2020-11-23
Metropolitana de Santiago,13,Lo Prado,13117,1,2020-11-25
Metropolitana de Santiago,13,Lo Prado,13117,1,2020-11-27
Metropolitana de Santiago,13,Lo Prado,13117,1,2020-11-28
Metropolitana de Santiago,13,Lo Prado,13117,1,2020-11-29
Metropolitana de Santiago,13,Lo Prado,13117,2,2020-12-01
Metropolitana de Santiago,13,Lo Prado,13117,2,2020-12-02
Metropolitana de Santiago,13,Lo Prado,13117,2,2020-12-07
Metropolitana de Santiago,13,Lo Prado,13117,1,2020-12-08
Metropolitana de Santiago,13,Lo Prado,13117,1,2020-12-09
Metropolitana de Santiago,13,Lo Prado,13117,1,2020-12-12
Metropolitana de Santiago,13,Lo Prado,13117,1,2020-12-14
Metropolitana de Santiago,13,Lo Prado,13117,1,2020-12-15
Metropolitana de Santiago,13,Lo Prado,13117,3,2020-12-16
Metropolitana de Santiago,13,Lo Prado,13117,1,2020-12-20
Metropolitana de Santiago,13,Lo Prado,13117,1,2020-12-21
Metropolitana de Santiago,13,Lo Prado,13117,2,2020-12-22
Metropolitana de Santiago,13,Lo Prado,13117,2,2020-12-23
Metropolitana de Santiago,13,Lo Prado,13117,1,2020-12-26
Metropolitana de Santiago,13,Lo Prado,13117,1,2020-12-30
Metropolitana de Santiago,13,Lo Prado,13117,2,2021-01-02
Metropolitana de Santiago,13,Lo Prado,13117,2,2021-01-04
Metropolitana de Santiago,13,Lo Prado,13117,1,2021-01-06
Metropolitana de Santiago,13,Lo Prado,13117,2,2021-01-08
Metropolitana de Santiago,13,Lo Prado,13117,6,2021-01-11
Metropolitana de Santiago,13,Lo Prado,13117,1,2021-01-12
Metropolitana de Santiago,13,Lo Prado,13117,3,2021-01-13
Metropolitana de Santiago,13,Macul,13118,3,2020-01-02
Metropolitana de Santiago,13,Macul,13118,2,2020-01-03
Metropolitana de Santiago,13,Macul,13118,1,2020-01-04
Metropolitana de Santiago,13,Macul,13118,2,2020-01-09
Metropolitana de Santiago,13,Macul,13118,2,2020-01-10
Metropolitana de Santiago,13,Macul,13118,1,2020-01-11
Metropolitana de Santiago,13,Macul,13118,1,2020-01-12
Metropolitana de Santiago,13,Macul,13118,1,2020-01-13
Metropolitana de Santiago,13,Macul,13118,1,2020-01-16
Metropolitana de Santiago,13,Macul,13118,2,2020-01-17
Metropolitana de Santiago,13,Macul,13118,2,2020-01-19
Metropolitana de Santiago,13,Macul,13118,1,2020-01-20
Metropolitana de Santiago,13,Macul,13118,3,2020-01-21
Metropolitana de Santiago,13,Macul,13118,1,2020-01-22
Metropolitana de Santiago,13,Macul,13118,1,2020-01-23
Metropolitana de Santiago,13,Macul,13118,3,2020-01-24
Metropolitana de Santiago,13,Macul,13118,2,2020-01-31
Metropolitana de Santiago,13,Macul,13118,3,2020-02-01
Metropolitana de Santiago,13,Macul,13118,1,2020-02-02
Metropolitana de Santiago,13,Macul,13118,2,2020-02-03
Metropolitana de Santiago,13,Macul,13118,1,2020-02-04
Metropolitana de Santiago,13,Macul,13118,1,2020-02-07
Metropolitana de Santiago,13,Macul,13118,1,2020-02-08
Metropolitana de Santiago,13,Macul,13118,2,2020-02-10
Metropolitana de Santiago,13,Macul,13118,2,2020-02-13
Metropolitana de Santiago,13,Macul,13118,1,2020-02-14
Metropolitana de Santiago,13,Macul,13118,1,2020-02-16
Metropolitana de Santiago,13,Macul,13118,3,2020-02-17
Metropolitana de Santiago,13,Macul,13118,1,2020-02-18
Metropolitana de Santiago,13,Macul,13118,1,2020-02-20
Metropolitana de Santiago,13,Macul,13118,1,2020-02-23
Metropolitana de Santiago,13,Macul,13118,3,2020-02-27
Metropolitana de Santiago,13,Macul,13118,4,2020-02-29
Metropolitana de Santiago,13,Macul,13118,3,2020-03-02
Metropolitana de Santiago,13,Macul,13118,3,2020-03-04
Metropolitana de Santiago,13,Macul,13118,1,2020-03-06
Metropolitana de Santiago,13,Macul,13118,1,2020-03-07
Metropolitana de Santiago,13,Macul,13118,1,2020-03-11
Metropolitana de Santiago,13,Macul,13118,3,2020-03-12
Metropolitana de Santiago,13,Macul,13118,1,2020-03-13
Metropolitana de Santiago,13,Macul,13118,1,2020-03-14
Metropolitana de Santiago,13,Macul,13118,1,2020-03-16
Metropolitana de Santiago,13,Macul,13118,1,2020-03-17
Metropolitana de Santiago,13,Macul,13118,1,2020-03-18
Metropolitana de Santiago,13,Macul,13118,2,2020-03-21
Metropolitana de Santiago,13,Macul,13118,1,2020-03-22
Metropolitana de Santiago,13,Macul,13118,2,2020-03-24
Metropolitana de Santiago,13,Macul,13118,2,2020-03-25
Metropolitana de Santiago,13,Macul,13118,2,2020-03-26
Metropolitana de Santiago,13,Macul,13118,2,2020-03-28
Metropolitana de Santiago,13,Macul,13118,2,2020-03-29
Metropolitana de Santiago,13,Macul,13118,2,2020-03-30
Metropolitana de Santiago,13,Macul,13118,1,2020-03-31
Metropolitana de Santiago,13,Macul,13118,1,2020-04-01
Metropolitana de Santiago,13,Macul,13118,2,2020-04-02
Metropolitana de Santiago,13,Macul,13118,1,2020-04-03
Metropolitana de Santiago,13,Macul,13118,2,2020-04-04
Metropolitana de Santiago,13,Macul,13118,3,2020-04-05
Metropolitana de Santiago,13,Macul,13118,1,2020-04-06
Metropolitana de Santiago,13,Macul,13118,3,2020-04-07
Metropolitana de Santiago,13,Macul,13118,2,2020-04-09
Metropolitana de Santiago,13,Macul,13118,1,2020-04-11
Metropolitana de Santiago,13,Macul,13118,1,2020-04-12
Metropolitana de Santiago,13,Macul,13118,1,2020-04-13
Metropolitana de Santiago,13,Macul,13118,1,2020-04-15
Metropolitana de Santiago,13,Macul,13118,1,2020-04-17
Metropolitana de Santiago,13,Macul,13118,1,2020-04-18
Metropolitana de Santiago,13,Macul,13118,1,2020-04-19
Metropolitana de Santiago,13,Macul,13118,1,2020-04-20
Metropolitana de Santiago,13,Macul,13118,1,2020-04-22
Metropolitana de Santiago,13,Macul,13118,1,2020-04-24
Metropolitana de Santiago,13,Macul,13118,2,2020-04-25
Metropolitana de Santiago,13,Macul,13118,2,2020-04-26
Metropolitana de Santiago,13,Macul,13118,3,2020-04-27
Metropolitana de Santiago,13,Macul,13118,1,2020-04-28
Metropolitana de Santiago,13,Macul,13118,1,2020-04-29
Metropolitana de Santiago,13,Macul,13118,2,2020-04-30
Metropolitana de Santiago,13,Macul,13118,1,2020-05-02
Metropolitana de Santiago,13,Macul,13118,1,2020-05-03
Metropolitana de Santiago,13,Macul,13118,1,2020-05-04
Metropolitana de Santiago,13,Macul,13118,3,2020-05-06
Metropolitana de Santiago,13,Macul,13118,3,2020-05-07
Metropolitana de Santiago,13,Macul,13118,2,2020-05-11
Metropolitana de Santiago,13,Macul,13118,4,2020-05-12
Metropolitana de Santiago,13,Macul,13118,3,2020-05-13
Metropolitana de Santiago,13,Macul,13118,1,2020-05-14
Metropolitana de Santiago,13,Macul,13118,5,2020-05-17
Metropolitana de Santiago,13,Macul,13118,3,2020-05-18
Metropolitana de Santiago,13,Macul,13118,3,2020-05-21
Metropolitana de Santiago,13,Macul,13118,4,2020-05-22
Metropolitana de Santiago,13,Macul,13118,2,2020-05-23
Metropolitana de Santiago,13,Macul,13118,2,2020-05-24
Metropolitana de Santiago,13,Macul,13118,6,2020-05-25
Metropolitana de Santiago,13,Macul,13118,4,2020-05-27
Metropolitana de Santiago,13,Macul,13118,2,2020-05-28
Metropolitana de Santiago,13,Macul,13118,2,2020-05-29
Metropolitana de Santiago,13,Macul,13118,1,2020-05-30
Metropolitana de Santiago,13,Macul,13118,3,2020-05-31
Metropolitana de Santiago,13,Macul,13118,4,2020-06-01
Metropolitana de Santiago,13,Macul,13118,3,2020-06-02
Metropolitana de Santiago,13,Macul,13118,4,2020-06-03
Metropolitana de Santiago,13,Macul,13118,4,2020-06-04
Metropolitana de Santiago,13,Macul,13118,4,2020-06-06
Metropolitana de Santiago,13,Macul,13118,1,2020-06-08
Metropolitana de Santiago,13,Macul,13118,4,2020-06-10
Metropolitana de Santiago,13,Macul,13118,4,2020-06-11
Metropolitana de Santiago,13,Macul,13118,5,2020-06-12
Metropolitana de Santiago,13,Macul,13118,4,2020-06-13
Metropolitana de Santiago,13,Macul,13118,3,2020-06-14
Metropolitana de Santiago,13,Macul,13118,6,2020-06-15
Metropolitana de Santiago,13,Macul,13118,2,2020-06-16
Metropolitana de Santiago,13,Macul,13118,2,2020-06-17
Metropolitana de Santiago,13,Macul,13118,2,2020-06-18
Metropolitana de Santiago,13,Macul,13118,6,2020-06-19
Metropolitana de Santiago,13,Macul,13118,6,2020-06-20
Metropolitana de Santiago,13,Macul,13118,1,2020-06-21
Metropolitana de Santiago,13,Macul,13118,7,2020-06-22
Metropolitana de Santiago,13,Macul,13118,2,2020-06-23
Metropolitana de Santiago,13,Macul,13118,4,2020-06-24
Metropolitana de Santiago,13,Macul,13118,1,2020-06-25
Metropolitana de Santiago,13,Macul,13118,1,2020-06-26
Metropolitana de Santiago,13,Macul,13118,2,2020-06-27
Metropolitana de Santiago,13,Macul,13118,2,2020-06-28
Metropolitana de Santiago,13,Macul,13118,5,2020-06-29
Metropolitana de Santiago,13,Macul,13118,1,2020-06-30
Metropolitana de Santiago,13,Macul,13118,3,2020-07-01
Metropolitana de Santiago,13,Macul,13118,1,2020-07-03
Metropolitana de Santiago,13,Macul,13118,1,2020-07-04
Metropolitana de Santiago,13,Macul,13118,2,2020-07-05
Metropolitana de Santiago,13,Macul,13118,1,2020-07-07
Metropolitana de Santiago,13,Macul,13118,4,2020-07-08
Metropolitana de Santiago,13,Macul,13118,2,2020-07-09
Metropolitana de Santiago,13,Macul,13118,1,2020-07-10
Metropolitana de Santiago,13,Macul,13118,3,2020-07-11
Metropolitana de Santiago,13,Macul,13118,2,2020-07-12
Metropolitana de Santiago,13,Macul,13118,1,2020-07-13
Metropolitana de Santiago,13,Macul,13118,3,2020-07-15
Metropolitana de Santiago,13,Macul,13118,1,2020-07-16
Metropolitana de Santiago,13,Macul,13118,2,2020-07-17
Metropolitana de Santiago,13,Macul,13118,1,2020-07-18
Metropolitana de Santiago,13,Macul,13118,4,2020-07-20
Metropolitana de Santiago,13,Macul,13118,2,2020-07-21
Metropolitana de Santiago,13,Macul,13118,1,2020-07-22
Metropolitana de Santiago,13,Macul,13118,1,2020-07-23
Metropolitana de Santiago,13,Macul,13118,3,2020-07-25
Metropolitana de Santiago,13,Macul,13118,3,2020-07-26
Metropolitana de Santiago,13,Macul,13118,4,2020-07-27
Metropolitana de Santiago,13,Macul,13118,1,2020-07-28
Metropolitana de Santiago,13,Macul,13118,1,2020-07-29
Metropolitana de Santiago,13,Macul,13118,1,2020-07-31
Metropolitana de Santiago,13,Macul,13118,1,2020-08-01
Metropolitana de Santiago,13,Macul,13118,1,2020-08-03
Metropolitana de Santiago,13,Macul,13118,1,2020-08-04
Metropolitana de Santiago,13,Macul,13118,1,2020-08-06
Metropolitana de Santiago,13,Macul,13118,1,2020-08-07
Metropolitana de Santiago,13,Macul,13118,1,2020-08-08
Metropolitana de Santiago,13,Macul,13118,3,2020-08-10
Metropolitana de Santiago,13,Macul,13118,2,2020-08-11
Metropolitana de Santiago,13,Macul,13118,3,2020-08-13
Metropolitana de Santiago,13,Macul,13118,2,2020-08-14
Metropolitana de Santiago,13,Macul,13118,3,2020-08-15
Metropolitana de Santiago,13,Macul,13118,2,2020-08-17
Metropolitana de Santiago,13,Macul,13118,1,2020-08-18
Metropolitana de Santiago,13,Macul,13118,1,2020-08-19
Metropolitana de Santiago,13,Macul,13118,1,2020-08-20
Metropolitana de Santiago,13,Macul,13118,3,2020-08-21
Metropolitana de Santiago,13,Macul,13118,1,2020-08-22
Metropolitana de Santiago,13,Macul,13118,2,2020-08-23
Metropolitana de Santiago,13,Macul,13118,2,2020-08-25
Metropolitana de Santiago,13,Macul,13118,3,2020-08-26
Metropolitana de Santiago,13,Macul,13118,3,2020-08-27
Metropolitana de Santiago,13,Macul,13118,1,2020-08-28
Metropolitana de Santiago,13,Macul,13118,1,2020-08-29
Metropolitana de Santiago,13,Macul,13118,1,2020-08-30
Metropolitana de Santiago,13,Macul,13118,1,2020-08-31
Metropolitana de Santiago,13,Macul,13118,1,2020-09-01
Metropolitana de Santiago,13,Macul,13118,3,2020-09-02
Metropolitana de Santiago,13,Macul,13118,3,2020-09-03
Metropolitana de Santiago,13,Macul,13118,1,2020-09-05
Metropolitana de Santiago,13,Macul,13118,4,2020-09-06
Metropolitana de Santiago,13,Macul,13118,1,2020-09-07
Metropolitana de Santiago,13,Macul,13118,2,2020-09-08
Metropolitana de Santiago,13,Macul,13118,1,2020-09-10
Metropolitana de Santiago,13,Macul,13118,1,2020-09-11
Metropolitana de Santiago,13,Macul,13118,1,2020-09-12
Metropolitana de Santiago,13,Macul,13118,1,2020-09-13
Metropolitana de Santiago,13,Macul,13118,1,2020-09-14
Metropolitana de Santiago,13,Macul,13118,1,2020-09-15
Metropolitana de Santiago,13,Macul,13118,4,2020-09-16
Metropolitana de Santiago,13,Macul,13118,2,2020-09-18
Metropolitana de Santiago,13,Macul,13118,3,2020-09-19
Metropolitana de Santiago,13,Macul,13118,1,2020-09-21
Metropolitana de Santiago,13,Macul,13118,1,2020-09-22
Metropolitana de Santiago,13,Macul,13118,2,2020-09-23
Metropolitana de Santiago,13,Macul,13118,3,2020-09-24
Metropolitana de Santiago,13,Macul,13118,1,2020-09-25
Metropolitana de Santiago,13,Macul,13118,1,2020-09-27
Metropolitana de Santiago,13,Macul,13118,1,2020-09-29
Metropolitana de Santiago,13,Macul,13118,1,2020-09-30
Metropolitana de Santiago,13,Macul,13118,2,2020-10-02
Metropolitana de Santiago,13,Macul,13118,1,2020-10-04
Metropolitana de Santiago,13,Macul,13118,3,2020-10-05
Metropolitana de Santiago,13,Macul,13118,1,2020-10-06
Metropolitana de Santiago,13,Macul,13118,7,2020-10-07
Metropolitana de Santiago,13,Macul,13118,2,2020-10-08
Metropolitana de Santiago,13,Macul,13118,1,2020-10-09
Metropolitana de Santiago,13,Macul,13118,1,2020-10-10
Metropolitana de Santiago,13,Macul,13118,1,2020-10-11
Metropolitana de Santiago,13,Macul,13118,3,2020-10-12
Metropolitana de Santiago,13,Macul,13118,2,2020-10-13
Metropolitana de Santiago,13,Macul,13118,1,2020-10-14
Metropolitana de Santiago,13,Macul,13118,2,2020-10-16
Metropolitana de Santiago,13,Macul,13118,1,2020-10-17
Metropolitana de Santiago,13,Macul,13118,1,2020-10-18
Metropolitana de Santiago,13,Macul,13118,1,2020-10-19
Metropolitana de Santiago,13,Macul,13118,2,2020-10-20
Metropolitana de Santiago,13,Macul,13118,2,2020-10-21
Metropolitana de Santiago,13,Macul,13118,2,2020-10-23
Metropolitana de Santiago,13,Macul,13118,1,2020-10-26
Metropolitana de Santiago,13,Macul,13118,1,2020-10-27
Metropolitana de Santiago,13,Macul,13118,3,2020-10-28
Metropolitana de Santiago,13,Macul,13118,3,2020-10-29
Metropolitana de Santiago,13,Macul,13118,2,2020-10-31
Metropolitana de Santiago,13,Macul,13118,1,2020-11-01
Metropolitana de Santiago,13,Macul,13118,1,2020-11-02
Metropolitana de Santiago,13,Macul,13118,1,2020-11-03
Metropolitana de Santiago,13,Macul,13118,2,2020-11-04
Metropolitana de Santiago,13,Macul,13118,2,2020-11-05
Metropolitana de Santiago,13,Macul,13118,1,2020-11-06
Metropolitana de Santiago,13,Macul,13118,2,2020-11-09
Metropolitana de Santiago,13,Macul,13118,3,2020-11-11
Metropolitana de Santiago,13,Macul,13118,1,2020-11-12
Metropolitana de Santiago,13,Macul,13118,1,2020-11-13
Metropolitana de Santiago,13,Macul,13118,1,2020-11-16
Metropolitana de Santiago,13,Macul,13118,2,2020-11-17
Metropolitana de Santiago,13,Macul,13118,2,2020-11-18
Metropolitana de Santiago,13,Macul,13118,1,2020-11-19
Metropolitana de Santiago,13,Macul,13118,2,2020-11-20
Metropolitana de Santiago,13,Macul,13118,2,2020-11-21
Metropolitana de Santiago,13,Macul,13118,1,2020-11-23
Metropolitana de Santiago,13,Macul,13118,4,2020-11-24
Metropolitana de Santiago,13,Macul,13118,4,2020-11-25
Metropolitana de Santiago,13,Macul,13118,2,2020-11-26
Metropolitana de Santiago,13,Macul,13118,1,2020-11-28
Metropolitana de Santiago,13,Macul,13118,2,2020-11-30
Metropolitana de Santiago,13,Macul,13118,2,2020-12-02
Metropolitana de Santiago,13,Macul,13118,1,2020-12-05
Metropolitana de Santiago,13,Macul,13118,1,2020-12-06
Metropolitana de Santiago,13,Macul,13118,2,2020-12-11
Metropolitana de Santiago,13,Macul,13118,2,2020-12-12
Metropolitana de Santiago,13,Macul,13118,4,2020-12-13
Metropolitana de Santiago,13,Macul,13118,2,2020-12-14
Metropolitana de Santiago,13,Macul,13118,2,2020-12-18
Metropolitana de Santiago,13,Macul,13118,2,2020-12-19
Metropolitana de Santiago,13,Macul,13118,2,2020-12-20
Metropolitana de Santiago,13,Macul,13118,3,2020-12-22
Metropolitana de Santiago,13,Macul,13118,2,2020-12-23
Metropolitana de Santiago,13,Macul,13118,3,2020-12-24
Metropolitana de Santiago,13,Macul,13118,5,2020-12-26
Metropolitana de Santiago,13,Macul,13118,2,2020-12-27
Metropolitana de Santiago,13,Macul,13118,1,2020-12-31
Metropolitana de Santiago,13,Macul,13118,2,2021-01-02
Metropolitana de Santiago,13,Macul,13118,1,2021-01-04
Metropolitana de Santiago,13,Macul,13118,1,2021-01-06
Metropolitana de Santiago,13,Macul,13118,1,2021-01-07
Metropolitana de Santiago,13,Macul,13118,2,2021-01-08
Metropolitana de Santiago,13,Macul,13118,1,2021-01-09
Metropolitana de Santiago,13,Macul,13118,2,2021-01-11
Metropolitana de Santiago,13,Macul,13118,1,2021-01-12
Metropolitana de Santiago,13,Macul,13118,1,2021-01-13
Metropolitana de Santiago,13,Maipú,13119,12,2020-01-02
Metropolitana de Santiago,13,Maipú,13119,7,2020-01-03
Metropolitana de Santiago,13,Maipú,13119,5,2020-01-04
Metropolitana de Santiago,13,Maipú,13119,5,2020-01-05
Metropolitana de Santiago,13,Maipú,13119,5,2020-01-06
Metropolitana de Santiago,13,Maipú,13119,4,2020-01-07
Metropolitana de Santiago,13,Maipú,13119,7,2020-01-08
Metropolitana de Santiago,13,Maipú,13119,5,2020-01-09
Metropolitana de Santiago,13,Maipú,13119,4,2020-01-10
Metropolitana de Santiago,13,Maipú,13119,1,2020-01-11
Metropolitana de Santiago,13,Maipú,13119,4,2020-01-12
Metropolitana de Santiago,13,Maipú,13119,8,2020-01-13
Metropolitana de Santiago,13,Maipú,13119,4,2020-01-14
Metropolitana de Santiago,13,Maipú,13119,5,2020-01-15
Metropolitana de Santiago,13,Maipú,13119,5,2020-01-16
Metropolitana de Santiago,13,Maipú,13119,3,2020-01-17
Metropolitana de Santiago,13,Maipú,13119,5,2020-01-18
Metropolitana de Santiago,13,Maipú,13119,4,2020-01-19
Metropolitana de Santiago,13,Maipú,13119,5,2020-01-20
Metropolitana de Santiago,13,Maipú,13119,4,2020-01-21
Metropolitana de Santiago,13,Maipú,13119,8,2020-01-22
Metropolitana de Santiago,13,Maipú,13119,6,2020-01-23
Metropolitana de Santiago,13,Maipú,13119,5,2020-01-24
Metropolitana de Santiago,13,Maipú,13119,6,2020-01-25
Metropolitana de Santiago,13,Maipú,13119,4,2020-01-26
Metropolitana de Santiago,13,Maipú,13119,8,2020-01-27
Metropolitana de Santiago,13,Maipú,13119,10,2020-01-28
Metropolitana de Santiago,13,Maipú,13119,5,2020-01-29
Metropolitana de Santiago,13,Maipú,13119,2,2020-01-30
Metropolitana de Santiago,13,Maipú,13119,5,2020-01-31
Metropolitana de Santiago,13,Maipú,13119,2,2020-02-01
Metropolitana de Santiago,13,Maipú,13119,2,2020-02-02
Metropolitana de Santiago,13,Maipú,13119,6,2020-02-03
Metropolitana de Santiago,13,Maipú,13119,5,2020-02-04
Metropolitana de Santiago,13,Maipú,13119,10,2020-02-05
Metropolitana de Santiago,13,Maipú,13119,4,2020-02-06
Metropolitana de Santiago,13,Maipú,13119,2,2020-02-07
Metropolitana de Santiago,13,Maipú,13119,5,2020-02-08
Metropolitana de Santiago,13,Maipú,13119,7,2020-02-09
Metropolitana de Santiago,13,Maipú,13119,6,2020-02-10
Metropolitana de Santiago,13,Maipú,13119,6,2020-02-11
Metropolitana de Santiago,13,Maipú,13119,8,2020-02-12
Metropolitana de Santiago,13,Maipú,13119,7,2020-02-13
Metropolitana de Santiago,13,Maipú,13119,6,2020-02-14
Metropolitana de Santiago,13,Maipú,13119,5,2020-02-15
Metropolitana de Santiago,13,Maipú,13119,2,2020-02-16
Metropolitana de Santiago,13,Maipú,13119,9,2020-02-17
Metropolitana de Santiago,13,Maipú,13119,7,2020-02-18
Metropolitana de Santiago,13,Maipú,13119,4,2020-02-19
Metropolitana de Santiago,13,Maipú,13119,3,2020-02-20
Metropolitana de Santiago,13,Maipú,13119,11,2020-02-21
Metropolitana de Santiago,13,Maipú,13119,2,2020-02-22
Metropolitana de Santiago,13,Maipú,13119,3,2020-02-23
Metropolitana de Santiago,13,Maipú,13119,1,2020-02-24
Metropolitana de Santiago,13,Maipú,13119,6,2020-02-25
Metropolitana de Santiago,13,Maipú,13119,6,2020-02-26
Metropolitana de Santiago,13,Maipú,13119,4,2020-02-27
Metropolitana de Santiago,13,Maipú,13119,3,2020-02-28
Metropolitana de Santiago,13,Maipú,13119,6,2020-03-02
Metropolitana de Santiago,13,Maipú,13119,8,2020-03-03
Metropolitana de Santiago,13,Maipú,13119,9,2020-03-04
Metropolitana de Santiago,13,Maipú,13119,7,2020-03-05
Metropolitana de Santiago,13,Maipú,13119,10,2020-03-06
Metropolitana de Santiago,13,Maipú,13119,3,2020-03-07
Metropolitana de Santiago,13,Maipú,13119,9,2020-03-08
Metropolitana de Santiago,13,Maipú,13119,7,2020-03-09
Metropolitana de Santiago,13,Maipú,13119,4,2020-03-10
Metropolitana de Santiago,13,Maipú,13119,7,2020-03-11
Metropolitana de Santiago,13,Maipú,13119,3,2020-03-12
Metropolitana de Santiago,13,Maipú,13119,5,2020-03-13
Metropolitana de Santiago,13,Maipú,13119,6,2020-03-14
Metropolitana de Santiago,13,Maipú,13119,6,2020-03-15
Metropolitana de Santiago,13,Maipú,13119,6,2020-03-16
Metropolitana de Santiago,13,Maipú,13119,5,2020-03-17
Metropolitana de Santiago,13,Maipú,13119,9,2020-03-18
Metropolitana de Santiago,13,Maipú,13119,7,2020-03-19
Metropolitana de Santiago,13,Maipú,13119,3,2020-03-20
Metropolitana de Santiago,13,Maipú,13119,3,2020-03-21
Metropolitana de Santiago,13,Maipú,13119,4,2020-03-22
Metropolitana de Santiago,13,Maipú,13119,3,2020-03-23
Metropolitana de Santiago,13,Maipú,13119,8,2020-03-24
Metropolitana de Santiago,13,Maipú,13119,3,2020-03-25
Metropolitana de Santiago,13,Maipú,13119,4,2020-03-26
Metropolitana de Santiago,13,Maipú,13119,5,2020-03-27
Metropolitana de Santiago,13,Maipú,13119,10,2020-03-30
Metropolitana de Santiago,13,Maipú,13119,10,2020-03-31
Metropolitana de Santiago,13,Maipú,13119,5,2020-04-01
Metropolitana de Santiago,13,Maipú,13119,4,2020-04-02
Metropolitana de Santiago,13,Maipú,13119,6,2020-04-03
Metropolitana de Santiago,13,Maipú,13119,10,2020-04-06
Metropolitana de Santiago,13,Maipú,13119,8,2020-04-07
Metropolitana de Santiago,13,Maipú,13119,6,2020-04-08
Metropolitana de Santiago,13,Maipú,13119,33,2020-04-09
Metropolitana de Santiago,13,Maipú,13119,4,2020-04-10
Metropolitana de Santiago,13,Maipú,13119,11,2020-04-11
Metropolitana de Santiago,13,Maipú,13119,3,2020-04-12
Metropolitana de Santiago,13,Maipú,13119,4,2020-04-13
Metropolitana de Santiago,13,Maipú,13119,3,2020-04-14
Metropolitana de Santiago,13,Maipú,13119,12,2020-04-15
Metropolitana de Santiago,13,Maipú,13119,8,2020-04-16
Metropolitana de Santiago,13,Maipú,13119,4,2020-04-17
Metropolitana de Santiago,13,Maipú,13119,9,2020-04-18
Metropolitana de Santiago,13,Maipú,13119,2,2020-04-19
Metropolitana de Santiago,13,Maipú,13119,8,2020-04-20
Metropolitana de Santiago,13,Maipú,13119,4,2020-04-21
Metropolitana de Santiago,13,Maipú,13119,6,2020-04-22
Metropolitana de Santiago,13,Maipú,13119,9,2020-04-23
Metropolitana de Santiago,13,Maipú,13119,6,2020-04-24
Metropolitana de Santiago,13,Maipú,13119,2,2020-04-25
Metropolitana de Santiago,13,Maipú,13119,5,2020-04-26
Metropolitana de Santiago,13,Maipú,13119,9,2020-04-27
Metropolitana de Santiago,13,Maipú,13119,5,2020-04-28
Metropolitana de Santiago,13,Maipú,13119,7,2020-04-29
Metropolitana de Santiago,13,Maipú,13119,8,2020-04-30
Metropolitana de Santiago,13,Maipú,13119,9,2020-05-02
Metropolitana de Santiago,13,Maipú,13119,7,2020-05-03
Metropolitana de Santiago,13,Maipú,13119,3,2020-05-04
Metropolitana de Santiago,13,Maipú,13119,7,2020-05-05
Metropolitana de Santiago,13,Maipú,13119,6,2020-05-06
Metropolitana de Santiago,13,Maipú,13119,3,2020-05-07
Metropolitana de Santiago,13,Maipú,13119,5,2020-05-08
Metropolitana de Santiago,13,Maipú,13119,6,2020-05-09
Metropolitana de Santiago,13,Maipú,13119,5,2020-05-10
Metropolitana de Santiago,13,Maipú,13119,9,2020-05-11
Metropolitana de Santiago,13,Maipú,13119,3,2020-05-12
Metropolitana de Santiago,13,Maipú,13119,6,2020-05-13
Metropolitana de Santiago,13,Maipú,13119,6,2020-05-14
Metropolitana de Santiago,13,Maipú,13119,12,2020-05-15
Metropolitana de Santiago,13,Maipú,13119,6,2020-05-16
Metropolitana de Santiago,13,Maipú,13119,4,2020-05-17
Metropolitana de Santiago,13,Maipú,13119,11,2020-05-18
Metropolitana de Santiago,13,Maipú,13119,14,2020-05-19
Metropolitana de Santiago,13,Maipú,13119,10,2020-05-20
Metropolitana de Santiago,13,Maipú,13119,8,2020-05-21
Metropolitana de Santiago,13,Maipú,13119,7,2020-05-22
Metropolitana de Santiago,13,Maipú,13119,10,2020-05-23
Metropolitana de Santiago,13,Maipú,13119,7,2020-05-24
Metropolitana de Santiago,13,Maipú,13119,16,2020-05-25
Metropolitana de Santiago,13,Maipú,13119,9,2020-05-26
Metropolitana de Santiago,13,Maipú,13119,13,2020-05-27
Metropolitana de Santiago,13,Maipú,13119,14,2020-05-28
Metropolitana de Santiago,13,Maipú,13119,12,2020-05-29
Metropolitana de Santiago,13,Maipú,13119,16,2020-05-30
Metropolitana de Santiago,13,Maipú,13119,7,2020-05-31
Metropolitana de Santiago,13,Maipú,13119,25,2020-06-01
Metropolitana de Santiago,13,Maipú,13119,20,2020-06-02
Metropolitana de Santiago,13,Maipú,13119,21,2020-06-03
Metropolitana de Santiago,13,Maipú,13119,13,2020-06-04
Metropolitana de Santiago,13,Maipú,13119,14,2020-06-05
Metropolitana de Santiago,13,Maipú,13119,15,2020-06-06
Metropolitana de Santiago,13,Maipú,13119,13,2020-06-07
Metropolitana de Santiago,13,Maipú,13119,19,2020-06-08
Metropolitana de Santiago,13,Maipú,13119,18,2020-06-09
Metropolitana de Santiago,13,Maipú,13119,17,2020-06-10
Metropolitana de Santiago,13,Maipú,13119,19,2020-06-11
Metropolitana de Santiago,13,Maipú,13119,16,2020-06-12
Metropolitana de Santiago,13,Maipú,13119,15,2020-06-13
Metropolitana de Santiago,13,Maipú,13119,13,2020-06-14
Metropolitana de Santiago,13,Maipú,13119,17,2020-06-15
Metropolitana de Santiago,13,Maipú,13119,13,2020-06-16
Metropolitana de Santiago,13,Maipú,13119,16,2020-06-17
Metropolitana de Santiago,13,Maipú,13119,10,2020-06-18
Metropolitana de Santiago,13,Maipú,13119,14,2020-06-19
Metropolitana de Santiago,13,Maipú,13119,9,2020-06-20
Metropolitana de Santiago,13,Maipú,13119,14,2020-06-21
Metropolitana de Santiago,13,Maipú,13119,13,2020-06-22
Metropolitana de Santiago,13,Maipú,13119,12,2020-06-23
Metropolitana de Santiago,13,Maipú,13119,19,2020-06-24
Metropolitana de Santiago,13,Maipú,13119,16,2020-06-25
Metropolitana de Santiago,13,Maipú,13119,6,2020-06-26
Metropolitana de Santiago,13,Maipú,13119,13,2020-06-27
Metropolitana de Santiago,13,Maipú,13119,10,2020-06-28
Metropolitana de Santiago,13,Maipú,13119,13,2020-06-29
Metropolitana de Santiago,13,Maipú,13119,5,2020-06-30
Metropolitana de Santiago,13,Maipú,13119,8,2020-07-01
Metropolitana de Santiago,13,Maipú,13119,9,2020-07-02
Metropolitana de Santiago,13,Maipú,13119,13,2020-07-03
Metropolitana de Santiago,13,Maipú,13119,15,2020-07-04
Metropolitana de Santiago,13,Maipú,13119,4,2020-07-05
Metropolitana de Santiago,13,Maipú,13119,15,2020-07-06
Metropolitana de Santiago,13,Maipú,13119,13,2020-07-07
Metropolitana de Santiago,13,Maipú,13119,5,2020-07-08
Metropolitana de Santiago,13,Maipú,13119,5,2020-07-09
Metropolitana de Santiago,13,Maipú,13119,7,2020-07-10
Metropolitana de Santiago,13,Maipú,13119,12,2020-07-11
Metropolitana de Santiago,13,Maipú,13119,9,2020-07-12
Metropolitana de Santiago,13,Maipú,13119,11,2020-07-13
Metropolitana de Santiago,13,Maipú,13119,6,2020-07-14
Metropolitana de Santiago,13,Maipú,13119,10,2020-07-15
Metropolitana de Santiago,13,Maipú,13119,6,2020-07-16
Metropolitana de Santiago,13,Maipú,13119,14,2020-07-17
Metropolitana de Santiago,13,Maipú,13119,13,2020-07-18
Metropolitana de Santiago,13,Maipú,13119,8,2020-07-19
Metropolitana de Santiago,13,Maipú,13119,8,2020-07-20
Metropolitana de Santiago,13,Maipú,13119,3,2020-07-21
Metropolitana de Santiago,13,Maipú,13119,11,2020-07-22
Metropolitana de Santiago,13,Maipú,13119,8,2020-07-23
Metropolitana de Santiago,13,Maipú,13119,13,2020-07-24
Metropolitana de Santiago,13,Maipú,13119,6,2020-07-25
Metropolitana de Santiago,13,Maipú,13119,8,2020-07-26
Metropolitana de Santiago,13,Maipú,13119,9,2020-07-27
Metropolitana de Santiago,13,Maipú,13119,9,2020-07-28
Metropolitana de Santiago,13,Maipú,13119,10,2020-07-29
Metropolitana de Santiago,13,Maipú,13119,11,2020-07-30
Metropolitana de Santiago,13,Maipú,13119,5,2020-07-31
Metropolitana de Santiago,13,Maipú,13119,8,2020-08-01
Metropolitana de Santiago,13,Maipú,13119,1,2020-08-02
Metropolitana de Santiago,13,Maipú,13119,6,2020-08-03
Metropolitana de Santiago,13,Maipú,13119,10,2020-08-04
Metropolitana de Santiago,13,Maipú,13119,16,2020-08-05
Metropolitana de Santiago,13,Maipú,13119,9,2020-08-06
Metropolitana de Santiago,13,Maipú,13119,8,2020-08-07
Metropolitana de Santiago,13,Maipú,13119,6,2020-08-08
Metropolitana de Santiago,13,Maipú,13119,7,2020-08-09
Metropolitana de Santiago,13,Maipú,13119,9,2020-08-10
Metropolitana de Santiago,13,Maipú,13119,3,2020-08-11
Metropolitana de Santiago,13,Maipú,13119,8,2020-08-12
Metropolitana de Santiago,13,Maipú,13119,6,2020-08-13
Metropolitana de Santiago,13,Maipú,13119,11,2020-08-14
Metropolitana de Santiago,13,Maipú,13119,2,2020-08-15
Metropolitana de Santiago,13,Maipú,13119,7,2020-08-16
Metropolitana de Santiago,13,Maipú,13119,4,2020-08-17
Metropolitana de Santiago,13,Maipú,13119,7,2020-08-18
Metropolitana de Santiago,13,Maipú,13119,16,2020-08-19
Metropolitana de Santiago,13,Maipú,13119,12,2020-08-20
Metropolitana de Santiago,13,Maipú,13119,5,2020-08-21
Metropolitana de Santiago,13,Maipú,13119,7,2020-08-22
Metropolitana de Santiago,13,Maipú,13119,7,2020-08-23
Metropolitana de Santiago,13,Maipú,13119,9,2020-08-24
Metropolitana de Santiago,13,Maipú,13119,9,2020-08-25
Metropolitana de Santiago,13,Maipú,13119,7,2020-08-26
Metropolitana de Santiago,13,Maipú,13119,5,2020-08-27
Metropolitana de Santiago,13,Maipú,13119,5,2020-08-28
Metropolitana de Santiago,13,Maipú,13119,4,2020-08-29
Metropolitana de Santiago,13,Maipú,13119,6,2020-08-30
Metropolitana de Santiago,13,Maipú,13119,13,2020-08-31
Metropolitana de Santiago,13,Maipú,13119,4,2020-09-01
Metropolitana de Santiago,13,Maipú,13119,5,2020-09-02
Metropolitana de Santiago,13,Maipú,13119,10,2020-09-03
Metropolitana de Santiago,13,Maipú,13119,5,2020-09-04
Metropolitana de Santiago,13,Maipú,13119,6,2020-09-05
Metropolitana de Santiago,13,Maipú,13119,7,2020-09-06
Metropolitana de Santiago,13,Maipú,13119,8,2020-09-07
Metropolitana de Santiago,13,Maipú,13119,9,2020-09-08
Metropolitana de Santiago,13,Maipú,13119,8,2020-09-09
Metropolitana de Santiago,13,Maipú,13119,10,2020-09-10
Metropolitana de Santiago,13,Maipú,13119,3,2020-09-11
Metropolitana de Santiago,13,Maipú,13119,6,2020-09-12
Metropolitana de Santiago,13,Maipú,13119,7,2020-09-13
Metropolitana de Santiago,13,Maipú,13119,9,2020-09-14
Metropolitana de Santiago,13,Maipú,13119,7,2020-09-15
Metropolitana de Santiago,13,Maipú,13119,10,2020-09-16
Metropolitana de Santiago,13,Maipú,13119,7,2020-09-17
Metropolitana de Santiago,13,Maipú,13119,6,2020-09-18
Metropolitana de Santiago,13,Maipú,13119,10,2020-09-19
Metropolitana de Santiago,13,Maipú,13119,8,2020-09-20
Metropolitana de Santiago,13,Maipú,13119,11,2020-09-21
Metropolitana de Santiago,13,Maipú,13119,9,2020-09-22
Metropolitana de Santiago,13,Maipú,13119,7,2020-09-23
Metropolitana de Santiago,13,Maipú,13119,7,2020-09-24
Metropolitana de Santiago,13,Maipú,13119,4,2020-09-25
Metropolitana de Santiago,13,Maipú,13119,8,2020-09-26
Metropolitana de Santiago,13,Maipú,13119,6,2020-09-27
Metropolitana de Santiago,13,Maipú,13119,12,2020-09-28
Metropolitana de Santiago,13,Maipú,13119,8,2020-09-29
Metropolitana de Santiago,13,Maipú,13119,9,2020-09-30
Metropolitana de Santiago,13,Maipú,13119,8,2020-10-01
Metropolitana de Santiago,13,Maipú,13119,7,2020-10-02
Metropolitana de Santiago,13,Maipú,13119,10,2020-10-03
Metropolitana de Santiago,13,Maipú,13119,8,2020-10-04
Metropolitana de Santiago,13,Maipú,13119,6,2020-10-05
Metropolitana de Santiago,13,Maipú,13119,8,2020-10-06
Metropolitana de Santiago,13,Maipú,13119,8,2020-10-07
Metropolitana de Santiago,13,Maipú,13119,7,2020-10-08
Metropolitana de Santiago,13,Maipú,13119,5,2020-10-09
Metropolitana de Santiago,13,Maipú,13119,8,2020-10-10
Metropolitana de Santiago,13,Maipú,13119,8,2020-10-11
Metropolitana de Santiago,13,Maipú,13119,12,2020-10-12
Metropolitana de Santiago,13,Maipú,13119,11,2020-10-13
Metropolitana de Santiago,13,Maipú,13119,8,2020-10-14
Metropolitana de Santiago,13,Maipú,13119,4,2020-10-15
Metropolitana de Santiago,13,Maipú,13119,5,2020-10-16
Metropolitana de Santiago,13,Maipú,13119,5,2020-10-17
Metropolitana de Santiago,13,Maipú,13119,4,2020-10-18
Metropolitana de Santiago,13,Maipú,13119,10,2020-10-19
Metropolitana de Santiago,13,Maipú,13119,7,2020-10-20
Metropolitana de Santiago,13,Maipú,13119,6,2020-10-21
Metropolitana de Santiago,13,Maipú,13119,5,2020-10-22
Metropolitana de Santiago,13,Maipú,13119,6,2020-10-23
Metropolitana de Santiago,13,Maipú,13119,8,2020-10-24
Metropolitana de Santiago,13,Maipú,13119,3,2020-10-25
Metropolitana de Santiago,13,Maipú,13119,10,2020-10-26
Metropolitana de Santiago,13,Maipú,13119,8,2020-10-27
Metropolitana de Santiago,13,Maipú,13119,8,2020-10-28
Metropolitana de Santiago,13,Maipú,13119,9,2020-10-29
Metropolitana de Santiago,13,Maipú,13119,7,2020-10-31
Metropolitana de Santiago,13,Maipú,13119,8,2020-11-01
Metropolitana de Santiago,13,Maipú,13119,6,2020-11-02
Metropolitana de Santiago,13,Maipú,13119,9,2020-11-03
Metropolitana de Santiago,13,Maipú,13119,8,2020-11-04
Metropolitana de Santiago,13,Maipú,13119,8,2020-11-05
Metropolitana de Santiago,13,Maipú,13119,10,2020-11-06
Metropolitana de Santiago,13,Maipú,13119,6,2020-11-07
Metropolitana de Santiago,13,Maipú,13119,6,2020-11-08
Metropolitana de Santiago,13,Maipú,13119,6,2020-11-09
Metropolitana de Santiago,13,Maipú,13119,7,2020-11-10
Metropolitana de Santiago,13,Maipú,13119,6,2020-11-11
Metropolitana de Santiago,13,Maipú,13119,3,2020-11-12
Metropolitana de Santiago,13,Maipú,13119,6,2020-11-13
Metropolitana de Santiago,13,Maipú,13119,3,2020-11-14
Metropolitana de Santiago,13,Maipú,13119,4,2020-11-15
Metropolitana de Santiago,13,Maipú,13119,7,2020-11-16
Metropolitana de Santiago,13,Maipú,13119,7,2020-11-17
Metropolitana de Santiago,13,Maipú,13119,2,2020-11-18
Metropolitana de Santiago,13,Maipú,13119,4,2020-11-19
Metropolitana de Santiago,13,Maipú,13119,9,2020-11-20
Metropolitana de Santiago,13,Maipú,13119,2,2020-11-21
Metropolitana de Santiago,13,Maipú,13119,5,2020-11-22
Metropolitana de Santiago,13,Maipú,13119,9,2020-11-23
Metropolitana de Santiago,13,Maipú,13119,5,2020-11-24
Metropolitana de Santiago,13,Maipú,13119,6,2020-11-25
Metropolitana de Santiago,13,Maipú,13119,11,2020-11-26
Metropolitana de Santiago,13,Maipú,13119,9,2020-11-27
Metropolitana de Santiago,13,Maipú,13119,7,2020-11-28
Metropolitana de Santiago,13,Maipú,13119,8,2020-11-30
Metropolitana de Santiago,13,Maipú,13119,10,2020-12-01
Metropolitana de Santiago,13,Maipú,13119,4,2020-12-02
Metropolitana de Santiago,13,Maipú,13119,5,2020-12-03
Metropolitana de Santiago,13,Maipú,13119,5,2020-12-04
Metropolitana de Santiago,13,Maipú,13119,8,2020-12-05
Metropolitana de Santiago,13,Maipú,13119,4,2020-12-06
Metropolitana de Santiago,13,Maipú,13119,8,2020-12-07
Metropolitana de Santiago,13,Maipú,13119,7,2020-12-08
Metropolitana de Santiago,13,Maipú,13119,7,2020-12-09
Metropolitana de Santiago,13,Maipú,13119,10,2020-12-10
Metropolitana de Santiago,13,Maipú,13119,6,2020-12-11
Metropolitana de Santiago,13,Maipú,13119,6,2020-12-12
Metropolitana de Santiago,13,Maipú,13119,6,2020-12-13
Metropolitana de Santiago,13,Maipú,13119,5,2020-12-14
Metropolitana de Santiago,13,Maipú,13119,3,2020-12-15
Metropolitana de Santiago,13,Maipú,13119,10,2020-12-16
Metropolitana de Santiago,13,Maipú,13119,8,2020-12-17
Metropolitana de Santiago,13,Maipú,13119,6,2020-12-18
Metropolitana de Santiago,13,Maipú,13119,4,2020-12-19
Metropolitana de Santiago,13,Maipú,13119,8,2020-12-20
Metropolitana de Santiago,13,Maipú,13119,9,2020-12-21
Metropolitana de Santiago,13,Maipú,13119,8,2020-12-22
Metropolitana de Santiago,13,Maipú,13119,4,2020-12-23
Metropolitana de Santiago,13,Maipú,13119,6,2020-12-24
Metropolitana de Santiago,13,Maipú,13119,1,2020-12-25
Metropolitana de Santiago,13,Maipú,13119,15,2020-12-26
Metropolitana de Santiago,13,Maipú,13119,4,2020-12-27
Metropolitana de Santiago,13,Maipú,13119,8,2020-12-28
Metropolitana de Santiago,13,Maipú,13119,6,2020-12-29
Metropolitana de Santiago,13,Maipú,13119,8,2020-12-30
Metropolitana de Santiago,13,Maipú,13119,7,2020-12-31
Metropolitana de Santiago,13,Maipú,13119,9,2021-01-02
Metropolitana de Santiago,13,Maipú,13119,5,2021-01-03
Metropolitana de Santiago,13,Maipú,13119,8,2021-01-04
Metropolitana de Santiago,13,Maipú,13119,8,2021-01-05
Metropolitana de Santiago,13,Maipú,13119,5,2021-01-06
Metropolitana de Santiago,13,Maipú,13119,4,2021-01-07
Metropolitana de Santiago,13,Maipú,13119,4,2021-01-08
Metropolitana de Santiago,13,Maipú,13119,4,2021-01-09
Metropolitana de Santiago,13,Maipú,13119,7,2021-01-10
Metropolitana de Santiago,13,Maipú,13119,5,2021-01-11
Metropolitana de Santiago,13,Maipú,13119,9,2021-01-12
Metropolitana de Santiago,13,Maipú,13119,5,2021-01-13
Metropolitana de Santiago,13,Maipú,13119,9,2021-01-14
Metropolitana de Santiago,13,Ñuñoa,13120,1,2020-01-02
Metropolitana de Santiago,13,Ñuñoa,13120,7,2020-01-03
Metropolitana de Santiago,13,Ñuñoa,13120,1,2020-01-04
Metropolitana de Santiago,13,Ñuñoa,13120,3,2020-01-05
Metropolitana de Santiago,13,Ñuñoa,13120,6,2020-01-06
Metropolitana de Santiago,13,Ñuñoa,13120,4,2020-01-07
Metropolitana de Santiago,13,Ñuñoa,13120,2,2020-01-08
Metropolitana de Santiago,13,Ñuñoa,13120,5,2020-01-09
Metropolitana de Santiago,13,Ñuñoa,13120,3,2020-01-10
Metropolitana de Santiago,13,Ñuñoa,13120,5,2020-01-11
Metropolitana de Santiago,13,Ñuñoa,13120,3,2020-01-12
Metropolitana de Santiago,13,Ñuñoa,13120,5,2020-01-13
Metropolitana de Santiago,13,Ñuñoa,13120,1,2020-01-14
Metropolitana de Santiago,13,Ñuñoa,13120,5,2020-01-15
Metropolitana de Santiago,13,Ñuñoa,13120,2,2020-01-16
Metropolitana de Santiago,13,Ñuñoa,13120,1,2020-01-17
Metropolitana de Santiago,13,Ñuñoa,13120,5,2020-01-18
Metropolitana de Santiago,13,Ñuñoa,13120,3,2020-01-19
Metropolitana de Santiago,13,Ñuñoa,13120,2,2020-01-20
Metropolitana de Santiago,13,Ñuñoa,13120,3,2020-01-21
Metropolitana de Santiago,13,Ñuñoa,13120,5,2020-01-22
Metropolitana de Santiago,13,Ñuñoa,13120,2,2020-01-23
Metropolitana de Santiago,13,Ñuñoa,13120,4,2020-01-24
Metropolitana de Santiago,13,Ñuñoa,13120,2,2020-01-25
Metropolitana de Santiago,13,Ñuñoa,13120,3,2020-01-26
Metropolitana de Santiago,13,Ñuñoa,13120,5,2020-01-27
Metropolitana de Santiago,13,Ñuñoa,13120,3,2020-01-28
Metropolitana de Santiago,13,Ñuñoa,13120,1,2020-01-29
Metropolitana de Santiago,13,Ñuñoa,13120,3,2020-01-30
Metropolitana de Santiago,13,Ñuñoa,13120,8,2020-01-31
Metropolitana de Santiago,13,Ñuñoa,13120,2,2020-02-01
Metropolitana de Santiago,13,Ñuñoa,13120,2,2020-02-02
Metropolitana de Santiago,13,Ñuñoa,13120,2,2020-02-03
Metropolitana de Santiago,13,Ñuñoa,13120,6,2020-02-04
Metropolitana de Santiago,13,Ñuñoa,13120,3,2020-02-05
Metropolitana de Santiago,13,Ñuñoa,13120,2,2020-02-06
Metropolitana de Santiago,13,Ñuñoa,13120,5,2020-02-07
Metropolitana de Santiago,13,Ñuñoa,13120,2,2020-02-08
Metropolitana de Santiago,13,Ñuñoa,13120,4,2020-02-09
Metropolitana de Santiago,13,Ñuñoa,13120,3,2020-02-10
Metropolitana de Santiago,13,Ñuñoa,13120,4,2020-02-12
Metropolitana de Santiago,13,Ñuñoa,13120,4,2020-02-13
Metropolitana de Santiago,13,Ñuñoa,13120,7,2020-02-14
Metropolitana de Santiago,13,Ñuñoa,13120,2,2020-02-15
Metropolitana de Santiago,13,Ñuñoa,13120,4,2020-02-16
Metropolitana de Santiago,13,Ñuñoa,13120,5,2020-02-17
Metropolitana de Santiago,13,Ñuñoa,13120,5,2020-02-18
Metropolitana de Santiago,13,Ñuñoa,13120,4,2020-02-19
Metropolitana de Santiago,13,Ñuñoa,13120,4,2020-02-20
Metropolitana de Santiago,13,Ñuñoa,13120,2,2020-02-21
Metropolitana de Santiago,13,Ñuñoa,13120,1,2020-02-23
Metropolitana de Santiago,13,Ñuñoa,13120,3,2020-02-25
Metropolitana de Santiago,13,Ñuñoa,13120,7,2020-02-26
Metropolitana de Santiago,13,Ñuñoa,13120,2,2020-02-27
Metropolitana de Santiago,13,Ñuñoa,13120,2,2020-02-28
Metropolitana de Santiago,13,Ñuñoa,13120,1,2020-02-29
Metropolitana de Santiago,13,Ñuñoa,13120,3,2020-03-01
Metropolitana de Santiago,13,Ñuñoa,13120,5,2020-03-02
Metropolitana de Santiago,13,Ñuñoa,13120,2,2020-03-03
Metropolitana de Santiago,13,Ñuñoa,13120,1,2020-03-04
Metropolitana de Santiago,13,Ñuñoa,13120,2,2020-03-05
Metropolitana de Santiago,13,Ñuñoa,13120,2,2020-03-06
Metropolitana de Santiago,13,Ñuñoa,13120,5,2020-03-07
Metropolitana de Santiago,13,Ñuñoa,13120,2,2020-03-08
Metropolitana de Santiago,13,Ñuñoa,13120,2,2020-03-09
Metropolitana de Santiago,13,Ñuñoa,13120,2,2020-03-10
Metropolitana de Santiago,13,Ñuñoa,13120,2,2020-03-11
Metropolitana de Santiago,13,Ñuñoa,13120,4,2020-03-12
Metropolitana de Santiago,13,Ñuñoa,13120,4,2020-03-13
Metropolitana de Santiago,13,Ñuñoa,13120,2,2020-03-14
Metropolitana de Santiago,13,Ñuñoa,13120,2,2020-03-15
Metropolitana de Santiago,13,Ñuñoa,13120,4,2020-03-16
Metropolitana de Santiago,13,Ñuñoa,13120,2,2020-03-17
Metropolitana de Santiago,13,Ñuñoa,13120,4,2020-03-18
Metropolitana de Santiago,13,Ñuñoa,13120,3,2020-03-19
Metropolitana de Santiago,13,Ñuñoa,13120,1,2020-03-20
Metropolitana de Santiago,13,Ñuñoa,13120,3,2020-03-21
Metropolitana de Santiago,13,Ñuñoa,13120,1,2020-03-22
Metropolitana de Santiago,13,Ñuñoa,13120,4,2020-03-23
Metropolitana de Santiago,13,Ñuñoa,13120,3,2020-03-24
Metropolitana de Santiago,13,Ñuñoa,13120,2,2020-03-25
Metropolitana de Santiago,13,Ñuñoa,13120,1,2020-03-26
Metropolitana de Santiago,13,Ñuñoa,13120,4,2020-03-27
Metropolitana de Santiago,13,Ñuñoa,13120,3,2020-03-28
Metropolitana de Santiago,13,Ñuñoa,13120,3,2020-03-29
Metropolitana de Santiago,13,Ñuñoa,13120,3,2020-03-30
Metropolitana de Santiago,13,Ñuñoa,13120,3,2020-03-31
Metropolitana de Santiago,13,Ñuñoa,13120,3,2020-04-01
Metropolitana de Santiago,13,Ñuñoa,13120,3,2020-04-03
Metropolitana de Santiago,13,Ñuñoa,13120,2,2020-04-04
Metropolitana de Santiago,13,Ñuñoa,13120,2,2020-04-05
Metropolitana de Santiago,13,Ñuñoa,13120,3,2020-04-06
Metropolitana de Santiago,13,Ñuñoa,13120,2,2020-04-07
Metropolitana de Santiago,13,Ñuñoa,13120,4,2020-04-08
Metropolitana de Santiago,13,Ñuñoa,13120,2,2020-04-09
Metropolitana de Santiago,13,Ñuñoa,13120,2,2020-04-10
Metropolitana de Santiago,13,Ñuñoa,13120,3,2020-04-11
Metropolitana de Santiago,13,Ñuñoa,13120,7,2020-04-12
Metropolitana de Santiago,13,Ñuñoa,13120,1,2020-04-13
Metropolitana de Santiago,13,Ñuñoa,13120,2,2020-04-14
Metropolitana de Santiago,13,Ñuñoa,13120,3,2020-04-15
Metropolitana de Santiago,13,Ñuñoa,13120,2,2020-04-16
Metropolitana de Santiago,13,Ñuñoa,13120,5,2020-04-17
Metropolitana de Santiago,13,Ñuñoa,13120,5,2020-04-18
Metropolitana de Santiago,13,Ñuñoa,13120,3,2020-04-20
Metropolitana de Santiago,13,Ñuñoa,13120,4,2020-04-21
Metropolitana de Santiago,13,Ñuñoa,13120,2,2020-04-23
Metropolitana de Santiago,13,Ñuñoa,13120,3,2020-04-24
Metropolitana de Santiago,13,Ñuñoa,13120,3,2020-04-25
Metropolitana de Santiago,13,Ñuñoa,13120,2,2020-04-26
Metropolitana de Santiago,13,Ñuñoa,13120,4,2020-04-27
Metropolitana de Santiago,13,Ñuñoa,13120,1,2020-04-28
Metropolitana de Santiago,13,Ñuñoa,13120,8,2020-04-29
Metropolitana de Santiago,13,Ñuñoa,13120,1,2020-04-30
Metropolitana de Santiago,13,Ñuñoa,13120,6,2020-05-02
Metropolitana de Santiago,13,Ñuñoa,13120,2,2020-05-03
Metropolitana de Santiago,13,Ñuñoa,13120,5,2020-05-04
Metropolitana de Santiago,13,Ñuñoa,13120,7,2020-05-05
Metropolitana de Santiago,13,Ñuñoa,13120,3,2020-05-06
Metropolitana de Santiago,13,Ñuñoa,13120,1,2020-05-07
Metropolitana de Santiago,13,Ñuñoa,13120,4,2020-05-08
Metropolitana de Santiago,13,Ñuñoa,13120,5,2020-05-09
Metropolitana de Santiago,13,Ñuñoa,13120,4,2020-05-10
Metropolitana de Santiago,13,Ñuñoa,13120,2,2020-05-11
Metropolitana de Santiago,13,Ñuñoa,13120,4,2020-05-12
Metropolitana de Santiago,13,Ñuñoa,13120,2,2020-05-13
Metropolitana de Santiago,13,Ñuñoa,13120,2,2020-05-14
Metropolitana de Santiago,13,Ñuñoa,13120,6,2020-05-15
Metropolitana de Santiago,13,Ñuñoa,13120,5,2020-05-16
Metropolitana de Santiago,13,Ñuñoa,13120,3,2020-05-17
Metropolitana de Santiago,13,Ñuñoa,13120,5,2020-05-18
Metropolitana de Santiago,13,Ñuñoa,13120,6,2020-05-19
Metropolitana de Santiago,13,Ñuñoa,13120,8,2020-05-20
Metropolitana de Santiago,13,Ñuñoa,13120,5,2020-05-21
Metropolitana de Santiago,13,Ñuñoa,13120,5,2020-05-22
Metropolitana de Santiago,13,Ñuñoa,13120,6,2020-05-23
Metropolitana de Santiago,13,Ñuñoa,13120,3,2020-05-24
Metropolitana de Santiago,13,Ñuñoa,13120,4,2020-05-25
Metropolitana de Santiago,13,Ñuñoa,13120,3,2020-05-26
Metropolitana de Santiago,13,Ñuñoa,13120,2,2020-05-27
Metropolitana de Santiago,13,Ñuñoa,13120,7,2020-05-28
Metropolitana de Santiago,13,Ñuñoa,13120,5,2020-05-29
Metropolitana de Santiago,13,Ñuñoa,13120,9,2020-05-30
Metropolitana de Santiago,13,Ñuñoa,13120,7,2020-05-31
Metropolitana de Santiago,13,Ñuñoa,13120,8,2020-06-01
Metropolitana de Santiago,13,Ñuñoa,13120,11,2020-06-02
Metropolitana de Santiago,13,Ñuñoa,13120,5,2020-06-03
Metropolitana de Santiago,13,Ñuñoa,13120,10,2020-06-04
Metropolitana de Santiago,13,Ñuñoa,13120,3,2020-06-05
Metropolitana de Santiago,13,Ñuñoa,13120,4,2020-06-06
Metropolitana de Santiago,13,Ñuñoa,13120,11,2020-06-07
Metropolitana de Santiago,13,Ñuñoa,13120,12,2020-06-08
Metropolitana de Santiago,13,Ñuñoa,13120,4,2020-06-09
Metropolitana de Santiago,13,Ñuñoa,13120,13,2020-06-10
Metropolitana de Santiago,13,Ñuñoa,13120,7,2020-06-11
Metropolitana de Santiago,13,Ñuñoa,13120,5,2020-06-12
Metropolitana de Santiago,13,Ñuñoa,13120,10,2020-06-13
Metropolitana de Santiago,13,Ñuñoa,13120,16,2020-06-14
Metropolitana de Santiago,13,Ñuñoa,13120,8,2020-06-15
Metropolitana de Santiago,13,Ñuñoa,13120,14,2020-06-16
Metropolitana de Santiago,13,Ñuñoa,13120,7,2020-06-17
Metropolitana de Santiago,13,Ñuñoa,13120,14,2020-06-18
Metropolitana de Santiago,13,Ñuñoa,13120,4,2020-06-19
Metropolitana de Santiago,13,Ñuñoa,13120,6,2020-06-20
Metropolitana de Santiago,13,Ñuñoa,13120,4,2020-06-21
Metropolitana de Santiago,13,Ñuñoa,13120,10,2020-06-22
Metropolitana de Santiago,13,Ñuñoa,13120,6,2020-06-23
Metropolitana de Santiago,13,Ñuñoa,13120,8,2020-06-24
Metropolitana de Santiago,13,Ñuñoa,13120,5,2020-06-25
Metropolitana de Santiago,13,Ñuñoa,13120,4,2020-06-26
Metropolitana de Santiago,13,Ñuñoa,13120,6,2020-06-27
Metropolitana de Santiago,13,Ñuñoa,13120,5,2020-06-28
Metropolitana de Santiago,13,Ñuñoa,13120,12,2020-06-29
Metropolitana de Santiago,13,Ñuñoa,13120,3,2020-06-30
Metropolitana de Santiago,13,Ñuñoa,13120,5,2020-07-01
Metropolitana de Santiago,13,Ñuñoa,13120,5,2020-07-02
Metropolitana de Santiago,13,Ñuñoa,13120,4,2020-07-03
Metropolitana de Santiago,13,Ñuñoa,13120,9,2020-07-04
Metropolitana de Santiago,13,Ñuñoa,13120,5,2020-07-05
Metropolitana de Santiago,13,Ñuñoa,13120,4,2020-07-06
Metropolitana de Santiago,13,Ñuñoa,13120,7,2020-07-07
Metropolitana de Santiago,13,Ñuñoa,13120,2,2020-07-08
Metropolitana de Santiago,13,Ñuñoa,13120,5,2020-07-09
Metropolitana de Santiago,13,Ñuñoa,13120,6,2020-07-10
Metropolitana de Santiago,13,Ñuñoa,13120,4,2020-07-11
Metropolitana de Santiago,13,Ñuñoa,13120,3,2020-07-12
Metropolitana de Santiago,13,Ñuñoa,13120,5,2020-07-13
Metropolitana de Santiago,13,Ñuñoa,13120,2,2020-07-14
Metropolitana de Santiago,13,Ñuñoa,13120,3,2020-07-15
Metropolitana de Santiago,13,Ñuñoa,13120,5,2020-07-16
Metropolitana de Santiago,13,Ñuñoa,13120,4,2020-07-17
Metropolitana de Santiago,13,Ñuñoa,13120,4,2020-07-18
Metropolitana de Santiago,13,Ñuñoa,13120,6,2020-07-19
Metropolitana de Santiago,13,Ñuñoa,13120,5,2020-07-20
Metropolitana de Santiago,13,Ñuñoa,13120,5,2020-07-21
Metropolitana de Santiago,13,Ñuñoa,13120,5,2020-07-22
Metropolitana de Santiago,13,Ñuñoa,13120,4,2020-07-23
Metropolitana de Santiago,13,Ñuñoa,13120,4,2020-07-24
Metropolitana de Santiago,13,Ñuñoa,13120,5,2020-07-25
Metropolitana de Santiago,13,Ñuñoa,13120,2,2020-07-26
Metropolitana de Santiago,13,Ñuñoa,13120,9,2020-07-27
Metropolitana de Santiago,13,Ñuñoa,13120,4,2020-07-28
Metropolitana de Santiago,13,Ñuñoa,13120,3,2020-07-29
Metropolitana de Santiago,13,Ñuñoa,13120,3,2020-07-30
Metropolitana de Santiago,13,Ñuñoa,13120,6,2020-07-31
Metropolitana de Santiago,13,Ñuñoa,13120,4,2020-08-01
Metropolitana de Santiago,13,Ñuñoa,13120,5,2020-08-02
Metropolitana de Santiago,13,Ñuñoa,13120,1,2020-08-03
Metropolitana de Santiago,13,Ñuñoa,13120,2,2020-08-04
Metropolitana de Santiago,13,Ñuñoa,13120,3,2020-08-05
Metropolitana de Santiago,13,Ñuñoa,13120,5,2020-08-06
Metropolitana de Santiago,13,Ñuñoa,13120,4,2020-08-07
Metropolitana de Santiago,13,Ñuñoa,13120,5,2020-08-08
Metropolitana de Santiago,13,Ñuñoa,13120,3,2020-08-09
Metropolitana de Santiago,13,Ñuñoa,13120,3,2020-08-10
Metropolitana de Santiago,13,Ñuñoa,13120,2,2020-08-11
Metropolitana de Santiago,13,Ñuñoa,13120,1,2020-08-12
Metropolitana de Santiago,13,Ñuñoa,13120,2,2020-08-13
Metropolitana de Santiago,13,Ñuñoa,13120,4,2020-08-14
Metropolitana de Santiago,13,Ñuñoa,13120,1,2020-08-15
Metropolitana de Santiago,13,Ñuñoa,13120,2,2020-08-16
Metropolitana de Santiago,13,Ñuñoa,13120,2,2020-08-17
Metropolitana de Santiago,13,Ñuñoa,13120,1,2020-08-18
Metropolitana de Santiago,13,Ñuñoa,13120,8,2020-08-19
Metropolitana de Santiago,13,Ñuñoa,13120,8,2020-08-20
Metropolitana de Santiago,13,Ñuñoa,13120,6,2020-08-21
Metropolitana de Santiago,13,Ñuñoa,13120,4,2020-08-22
Metropolitana de Santiago,13,Ñuñoa,13120,3,2020-08-23
Metropolitana de Santiago,13,Ñuñoa,13120,5,2020-08-24
Metropolitana de Santiago,13,Ñuñoa,13120,4,2020-08-25
Metropolitana de Santiago,13,Ñuñoa,13120,3,2020-08-26
Metropolitana de Santiago,13,Ñuñoa,13120,2,2020-08-27
Metropolitana de Santiago,13,Ñuñoa,13120,2,2020-08-28
Metropolitana de Santiago,13,Ñuñoa,13120,3,2020-08-30
Metropolitana de Santiago,13,Ñuñoa,13120,3,2020-08-31
Metropolitana de Santiago,13,Ñuñoa,13120,5,2020-09-02
Metropolitana de Santiago,13,Ñuñoa,13120,4,2020-09-03
Metropolitana de Santiago,13,Ñuñoa,13120,1,2020-09-04
Metropolitana de Santiago,13,Ñuñoa,13120,4,2020-09-05
Metropolitana de Santiago,13,Ñuñoa,13120,4,2020-09-06
Metropolitana de Santiago,13,Ñuñoa,13120,3,2020-09-07
Metropolitana de Santiago,13,Ñuñoa,13120,3,2020-09-08
Metropolitana de Santiago,13,Ñuñoa,13120,4,2020-09-09
Metropolitana de Santiago,13,Ñuñoa,13120,3,2020-09-10
Metropolitana de Santiago,13,Ñuñoa,13120,4,2020-09-11
Metropolitana de Santiago,13,Ñuñoa,13120,2,2020-09-12
Metropolitana de Santiago,13,Ñuñoa,13120,5,2020-09-13
Metropolitana de Santiago,13,Ñuñoa,13120,3,2020-09-14
Metropolitana de Santiago,13,Ñuñoa,13120,1,2020-09-15
Metropolitana de Santiago,13,Ñuñoa,13120,3,2020-09-16
Metropolitana de Santiago,13,Ñuñoa,13120,1,2020-09-17
Metropolitana de Santiago,13,Ñuñoa,13120,3,2020-09-18
Metropolitana de Santiago,13,Ñuñoa,13120,5,2020-09-19
Metropolitana de Santiago,13,Ñuñoa,13120,4,2020-09-20
Metropolitana de Santiago,13,Ñuñoa,13120,1,2020-09-22
Metropolitana de Santiago,13,Ñuñoa,13120,2,2020-09-23
Metropolitana de Santiago,13,Ñuñoa,13120,3,2020-09-24
Metropolitana de Santiago,13,Ñuñoa,13120,2,2020-09-25
Metropolitana de Santiago,13,Ñuñoa,13120,4,2020-09-26
Metropolitana de Santiago,13,Ñuñoa,13120,2,2020-09-27
Metropolitana de Santiago,13,Ñuñoa,13120,3,2020-09-28
Metropolitana de Santiago,13,Ñuñoa,13120,4,2020-09-30
Metropolitana de Santiago,13,Ñuñoa,13120,3,2020-10-01
Metropolitana de Santiago,13,Ñuñoa,13120,1,2020-10-02
Metropolitana de Santiago,13,Ñuñoa,13120,5,2020-10-04
Metropolitana de Santiago,13,Ñuñoa,13120,4,2020-10-05
Metropolitana de Santiago,13,Ñuñoa,13120,8,2020-10-06
Metropolitana de Santiago,13,Ñuñoa,13120,5,2020-10-07
Metropolitana de Santiago,13,Ñuñoa,13120,1,2020-10-08
Metropolitana de Santiago,13,Ñuñoa,13120,1,2020-10-09
Metropolitana de Santiago,13,Ñuñoa,13120,2,2020-10-10
Metropolitana de Santiago,13,Ñuñoa,13120,2,2020-10-11
Metropolitana de Santiago,13,Ñuñoa,13120,7,2020-10-13
Metropolitana de Santiago,13,Ñuñoa,13120,3,2020-10-14
Metropolitana de Santiago,13,Ñuñoa,13120,2,2020-10-15
Metropolitana de Santiago,13,Ñuñoa,13120,2,2020-10-16
Metropolitana de Santiago,13,Ñuñoa,13120,3,2020-10-17
Metropolitana de Santiago,13,Ñuñoa,13120,3,2020-10-18
Metropolitana de Santiago,13,Ñuñoa,13120,5,2020-10-19
Metropolitana de Santiago,13,Ñuñoa,13120,1,2020-10-20
Metropolitana de Santiago,13,Ñuñoa,13120,3,2020-10-21
Metropolitana de Santiago,13,Ñuñoa,13120,1,2020-10-22
Metropolitana de Santiago,13,Ñuñoa,13120,6,2020-10-23
Metropolitana de Santiago,13,Ñuñoa,13120,1,2020-10-24
Metropolitana de Santiago,13,Ñuñoa,13120,2,2020-10-25
Metropolitana de Santiago,13,Ñuñoa,13120,2,2020-10-26
Metropolitana de Santiago,13,Ñuñoa,13120,2,2020-10-27
Metropolitana de Santiago,13,Ñuñoa,13120,1,2020-10-28
Metropolitana de Santiago,13,Ñuñoa,13120,2,2020-10-29
Metropolitana de Santiago,13,Ñuñoa,13120,2,2020-10-30
Metropolitana de Santiago,13,Ñuñoa,13120,1,2020-10-31
Metropolitana de Santiago,13,Ñuñoa,13120,4,2020-11-01
Metropolitana de Santiago,13,Ñuñoa,13120,5,2020-11-02
Metropolitana de Santiago,13,Ñuñoa,13120,1,2020-11-03
Metropolitana de Santiago,13,Ñuñoa,13120,7,2020-11-04
Metropolitana de Santiago,13,Ñuñoa,13120,2,2020-11-05
Metropolitana de Santiago,13,Ñuñoa,13120,2,2020-11-06
Metropolitana de Santiago,13,Ñuñoa,13120,3,2020-11-07
Metropolitana de Santiago,13,Ñuñoa,13120,6,2020-11-08
Metropolitana de Santiago,13,Ñuñoa,13120,3,2020-11-09
Metropolitana de Santiago,13,Ñuñoa,13120,3,2020-11-10
Metropolitana de Santiago,13,Ñuñoa,13120,3,2020-11-11
Metropolitana de Santiago,13,Ñuñoa,13120,5,2020-11-12
Metropolitana de Santiago,13,Ñuñoa,13120,4,2020-11-13
Metropolitana de Santiago,13,Ñuñoa,13120,5,2020-11-14
Metropolitana de Santiago,13,Ñuñoa,13120,1,2020-11-15
Metropolitana de Santiago,13,Ñuñoa,13120,2,2020-11-16
Metropolitana de Santiago,13,Ñuñoa,13120,2,2020-11-17
Metropolitana de Santiago,13,Ñuñoa,13120,4,2020-11-18
Metropolitana de Santiago,13,Ñuñoa,13120,3,2020-11-19
Metropolitana de Santiago,13,Ñuñoa,13120,4,2020-11-20
Metropolitana de Santiago,13,Ñuñoa,13120,6,2020-11-22
Metropolitana de Santiago,13,Ñuñoa,13120,3,2020-11-23
Metropolitana de Santiago,13,Ñuñoa,13120,1,2020-11-24
Metropolitana de Santiago,13,Ñuñoa,13120,6,2020-11-25
Metropolitana de Santiago,13,Ñuñoa,13120,3,2020-11-26
Metropolitana de Santiago,13,Ñuñoa,13120,5,2020-11-27
Metropolitana de Santiago,13,Ñuñoa,13120,6,2020-11-28
Metropolitana de Santiago,13,Ñuñoa,13120,4,2020-11-29
Metropolitana de Santiago,13,Ñuñoa,13120,3,2020-12-01
Metropolitana de Santiago,13,Ñuñoa,13120,3,2020-12-02
Metropolitana de Santiago,13,Ñuñoa,13120,5,2020-12-03
Metropolitana de Santiago,13,Ñuñoa,13120,4,2020-12-04
Metropolitana de Santiago,13,Ñuñoa,13120,1,2020-12-05
Metropolitana de Santiago,13,Ñuñoa,13120,1,2020-12-06
Metropolitana de Santiago,13,Ñuñoa,13120,3,2020-12-07
Metropolitana de Santiago,13,Ñuñoa,13120,2,2020-12-08
Metropolitana de Santiago,13,Ñuñoa,13120,4,2020-12-09
Metropolitana de Santiago,13,Ñuñoa,13120,1,2020-12-10
Metropolitana de Santiago,13,Ñuñoa,13120,1,2020-12-11
Metropolitana de Santiago,13,Ñuñoa,13120,6,2020-12-12
Metropolitana de Santiago,13,Ñuñoa,13120,8,2020-12-13
Metropolitana de Santiago,13,Ñuñoa,13120,2,2020-12-14
Metropolitana de Santiago,13,Ñuñoa,13120,4,2020-12-15
Metropolitana de Santiago,13,Ñuñoa,13120,6,2020-12-16
Metropolitana de Santiago,13,Ñuñoa,13120,3,2020-12-17
Metropolitana de Santiago,13,Ñuñoa,13120,3,2020-12-18
Metropolitana de Santiago,13,Ñuñoa,13120,1,2020-12-19
Metropolitana de Santiago,13,Ñuñoa,13120,5,2020-12-20
Metropolitana de Santiago,13,Ñuñoa,13120,4,2020-12-21
Metropolitana de Santiago,13,Ñuñoa,13120,1,2020-12-22
Metropolitana de Santiago,13,Ñuñoa,13120,4,2020-12-23
Metropolitana de Santiago,13,Ñuñoa,13120,4,2020-12-24
Metropolitana de Santiago,13,Ñuñoa,13120,4,2020-12-26
Metropolitana de Santiago,13,Ñuñoa,13120,3,2020-12-27
Metropolitana de Santiago,13,Ñuñoa,13120,1,2020-12-28
Metropolitana de Santiago,13,Ñuñoa,13120,4,2020-12-29
Metropolitana de Santiago,13,Ñuñoa,13120,2,2020-12-31
Metropolitana de Santiago,13,Ñuñoa,13120,1,2021-01-01
Metropolitana de Santiago,13,Ñuñoa,13120,8,2021-01-02
Metropolitana de Santiago,13,Ñuñoa,13120,1,2021-01-03
Metropolitana de Santiago,13,Ñuñoa,13120,3,2021-01-04
Metropolitana de Santiago,13,Ñuñoa,13120,2,2021-01-05
Metropolitana de Santiago,13,Ñuñoa,13120,2,2021-01-06
Metropolitana de Santiago,13,Ñuñoa,13120,3,2021-01-07
Metropolitana de Santiago,13,Ñuñoa,13120,2,2021-01-08
Metropolitana de Santiago,13,Ñuñoa,13120,5,2021-01-09
Metropolitana de Santiago,13,Ñuñoa,13120,2,2021-01-10
Metropolitana de Santiago,13,Ñuñoa,13120,2,2021-01-11
Metropolitana de Santiago,13,Ñuñoa,13120,2,2021-01-12
Metropolitana de Santiago,13,Ñuñoa,13120,3,2021-01-13
Metropolitana de Santiago,13,Ñuñoa,13120,7,2021-01-14
Metropolitana de Santiago,13,Pedro Aguirre Cerda,13121,3,2020-01-02
Metropolitana de Santiago,13,Pedro Aguirre Cerda,13121,1,2020-01-03
Metropolitana de Santiago,13,Pedro Aguirre Cerda,13121,1,2020-01-04
Metropolitana de Santiago,13,Pedro Aguirre Cerda,13121,1,2020-01-05
Metropolitana de Santiago,13,Pedro Aguirre Cerda,13121,1,2020-01-06
Metropolitana de Santiago,13,Pedro Aguirre Cerda,13121,3,2020-01-07
Metropolitana de Santiago,13,Pedro Aguirre Cerda,13121,3,2020-01-09
Metropolitana de Santiago,13,Pedro Aguirre Cerda,13121,1,2020-01-12
Metropolitana de Santiago,13,Pedro Aguirre Cerda,13121,2,2020-01-13
Metropolitana de Santiago,13,Pedro Aguirre Cerda,13121,2,2020-01-14
Metropolitana de Santiago,13,Pedro Aguirre Cerda,13121,2,2020-01-16
Metropolitana de Santiago,13,Pedro Aguirre Cerda,13121,1,2020-01-17
Metropolitana de Santiago,13,Pedro Aguirre Cerda,13121,1,2020-01-18
Metropolitana de Santiago,13,Pedro Aguirre Cerda,13121,2,2020-01-19
Metropolitana de Santiago,13,Pedro Aguirre Cerda,13121,2,2020-01-20
Metropolitana de Santiago,13,Pedro Aguirre Cerda,13121,2,2020-01-22
Metropolitana de Santiago,13,Pedro Aguirre Cerda,13121,1,2020-01-23
Metropolitana de Santiago,13,Pedro Aguirre Cerda,13121,1,2020-01-26
Metropolitana de Santiago,13,Pedro Aguirre Cerda,13121,2,2020-01-27
Metropolitana de Santiago,13,Pedro Aguirre Cerda,13121,2,2020-01-28
Metropolitana de Santiago,13,Pedro Aguirre Cerda,13121,1,2020-01-29
Metropolitana de Santiago,13,Pedro Aguirre Cerda,13121,1,2020-01-30
Metropolitana de Santiago,13,Pedro Aguirre Cerda,13121,1,2020-02-02
Metropolitana de Santiago,13,Pedro Aguirre Cerda,13121,1,2020-02-03
Metropolitana de Santiago,13,Pedro Aguirre Cerda,13121,3,2020-02-04
Metropolitana de Santiago,13,Pedro Aguirre Cerda,13121,2,2020-02-05
Metropolitana de Santiago,13,Pedro Aguirre Cerda,13121,2,2020-02-06
Metropolitana de Santiago,13,Pedro Aguirre Cerda,13121,1,2020-02-08
Metropolitana de Santiago,13,Pedro Aguirre Cerda,13121,3,2020-02-10
Metropolitana de Santiago,13,Pedro Aguirre Cerda,13121,2,2020-02-12
Metropolitana de Santiago,13,Pedro Aguirre Cerda,13121,1,2020-02-17
Metropolitana de Santiago,13,Pedro Aguirre Cerda,13121,1,2020-02-19
Metropolitana de Santiago,13,Pedro Aguirre Cerda,13121,2,2020-02-21
Metropolitana de Santiago,13,Pedro Aguirre Cerda,13121,1,2020-02-25
Metropolitana de Santiago,13,Pedro Aguirre Cerda,13121,2,2020-02-26
Metropolitana de Santiago,13,Pedro Aguirre Cerda,13121,3,2020-03-02
Metropolitana de Santiago,13,Pedro Aguirre Cerda,13121,5,2020-03-03
Metropolitana de Santiago,13,Pedro Aguirre Cerda,13121,1,2020-03-04
Metropolitana de Santiago,13,Pedro Aguirre Cerda,13121,1,2020-03-05
Metropolitana de Santiago,13,Pedro Aguirre Cerda,13121,1,2020-03-06
Metropolitana de Santiago,13,Pedro Aguirre Cerda,13121,1,2020-03-07
Metropolitana de Santiago,13,Pedro Aguirre Cerda,13121,1,2020-03-12
Metropolitana de Santiago,13,Pedro Aguirre Cerda,13121,1,2020-03-15
Metropolitana de Santiago,13,Pedro Aguirre Cerda,13121,1,2020-03-16
Metropolitana de Santiago,13,Pedro Aguirre Cerda,13121,4,2020-03-18
Metropolitana de Santiago,13,Pedro Aguirre Cerda,13121,1,2020-03-20
Metropolitana de Santiago,13,Pedro Aguirre Cerda,13121,1,2020-03-21
Metropolitana de Santiago,13,Pedro Aguirre Cerda,13121,4,2020-03-23
Metropolitana de Santiago,13,Pedro Aguirre Cerda,13121,1,2020-03-24
Metropolitana de Santiago,13,Pedro Aguirre Cerda,13121,2,2020-03-25
Metropolitana de Santiago,13,Pedro Aguirre Cerda,13121,2,2020-03-26
Metropolitana de Santiago,13,Pedro Aguirre Cerda,13121,3,2020-03-27
Metropolitana de Santiago,13,Pedro Aguirre Cerda,13121,4,2020-03-29
Metropolitana de Santiago,13,Pedro Aguirre Cerda,13121,1,2020-03-30
Metropolitana de Santiago,13,Pedro Aguirre Cerda,13121,1,2020-03-31
Metropolitana de Santiago,13,Pedro Aguirre Cerda,13121,1,2020-04-01
Metropolitana de Santiago,13,Pedro Aguirre Cerda,13121,1,2020-04-02
Metropolitana de Santiago,13,Pedro Aguirre Cerda,13121,1,2020-04-03
Metropolitana de Santiago,13,Pedro Aguirre Cerda,13121,1,2020-04-04
Metropolitana de Santiago,13,Pedro Aguirre Cerda,13121,1,2020-04-06
Metropolitana de Santiago,13,Pedro Aguirre Cerda,13121,1,2020-04-07
Metropolitana de Santiago,13,Pedro Aguirre Cerda,13121,6,2020-04-08
Metropolitana de Santiago,13,Pedro Aguirre Cerda,13121,1,2020-04-09
Metropolitana de Santiago,13,Pedro Aguirre Cerda,13121,2,2020-04-13
Metropolitana de Santiago,13,Pedro Aguirre Cerda,13121,2,2020-04-14
Metropolitana de Santiago,13,Pedro Aguirre Cerda,13121,1,2020-04-15
Metropolitana de Santiago,13,Pedro Aguirre Cerda,13121,1,2020-04-16
Metropolitana de Santiago,13,Pedro Aguirre Cerda,13121,2,2020-04-17
Metropolitana de Santiago,13,Pedro Aguirre Cerda,13121,2,2020-04-18
Metropolitana de Santiago,13,Pedro Aguirre Cerda,13121,1,2020-04-19
Metropolitana de Santiago,13,Pedro Aguirre Cerda,13121,1,2020-04-20
Metropolitana de Santiago,13,Pedro Aguirre Cerda,13121,1,2020-04-21
Metropolitana de Santiago,13,Pedro Aguirre Cerda,13121,2,2020-04-22
Metropolitana de Santiago,13,Pedro Aguirre Cerda,13121,1,2020-04-23
Metropolitana de Santiago,13,Pedro Aguirre Cerda,13121,1,2020-04-24
Metropolitana de Santiago,13,Pedro Aguirre Cerda,13121,2,2020-04-28
Metropolitana de Santiago,13,Pedro Aguirre Cerda,13121,1,2020-04-29
Metropolitana de Santiago,13,Pedro Aguirre Cerda,13121,1,2020-04-30
Metropolitana de Santiago,13,Pedro Aguirre Cerda,13121,1,2020-05-02
Metropolitana de Santiago,13,Pedro Aguirre Cerda,13121,3,2020-05-04
Metropolitana de Santiago,13,Pedro Aguirre Cerda,13121,2,2020-05-06
Metropolitana de Santiago,13,Pedro Aguirre Cerda,13121,2,2020-05-07
Metropolitana de Santiago,13,Pedro Aguirre Cerda,13121,2,2020-05-08
Metropolitana de Santiago,13,Pedro Aguirre Cerda,13121,2,2020-05-09
Metropolitana de Santiago,13,Pedro Aguirre Cerda,13121,3,2020-05-11
Metropolitana de Santiago,13,Pedro Aguirre Cerda,13121,7,2020-05-12
Metropolitana de Santiago,13,Pedro Aguirre Cerda,13121,2,2020-05-13
Metropolitana de Santiago,13,Pedro Aguirre Cerda,13121,1,2020-05-14
Metropolitana de Santiago,13,Pedro Aguirre Cerda,13121,2,2020-05-15
Metropolitana de Santiago,13,Pedro Aguirre Cerda,13121,1,2020-05-18
Metropolitana de Santiago,13,Pedro Aguirre Cerda,13121,2,2020-05-19
Metropolitana de Santiago,13,Pedro Aguirre Cerda,13121,1,2020-05-21
Metropolitana de Santiago,13,Pedro Aguirre Cerda,13121,3,2020-05-22
Metropolitana de Santiago,13,Pedro Aguirre Cerda,13121,1,2020-05-24
Metropolitana de Santiago,13,Pedro Aguirre Cerda,13121,4,2020-05-25
Metropolitana de Santiago,13,Pedro Aguirre Cerda,13121,3,2020-05-26
Metropolitana de Santiago,13,Pedro Aguirre Cerda,13121,6,2020-05-27
Metropolitana de Santiago,13,Pedro Aguirre Cerda,13121,1,2020-05-28
Metropolitana de Santiago,13,Pedro Aguirre Cerda,13121,1,2020-05-30
Metropolitana de Santiago,13,Pedro Aguirre Cerda,13121,1,2020-06-01
Metropolitana de Santiago,13,Pedro Aguirre Cerda,13121,5,2020-06-02
Metropolitana de Santiago,13,Pedro Aguirre Cerda,13121,3,2020-06-03
Metropolitana de Santiago,13,Pedro Aguirre Cerda,13121,1,2020-06-04
Metropolitana de Santiago,13,Pedro Aguirre Cerda,13121,4,2020-06-05
Metropolitana de Santiago,13,Pedro Aguirre Cerda,13121,4,2020-06-06
Metropolitana de Santiago,13,Pedro Aguirre Cerda,13121,4,2020-06-07
Metropolitana de Santiago,13,Pedro Aguirre Cerda,13121,4,2020-06-08
Metropolitana de Santiago,13,Pedro Aguirre Cerda,13121,4,2020-06-09
Metropolitana de Santiago,13,Pedro Aguirre Cerda,13121,5,2020-06-10
Metropolitana de Santiago,13,Pedro Aguirre Cerda,13121,2,2020-06-11
Metropolitana de Santiago,13,Pedro Aguirre Cerda,13121,2,2020-06-12
Metropolitana de Santiago,13,Pedro Aguirre Cerda,13121,3,2020-06-13
Metropolitana de Santiago,13,Pedro Aguirre Cerda,13121,4,2020-06-14
Metropolitana de Santiago,13,Pedro Aguirre Cerda,13121,6,2020-06-15
Metropolitana de Santiago,13,Pedro Aguirre Cerda,13121,2,2020-06-16
Metropolitana de Santiago,13,Pedro Aguirre Cerda,13121,5,2020-06-17
Metropolitana de Santiago,13,Pedro Aguirre Cerda,13121,4,2020-06-19
Metropolitana de Santiago,13,Pedro Aguirre Cerda,13121,1,2020-06-20
Metropolitana de Santiago,13,Pedro Aguirre Cerda,13121,4,2020-06-21
Metropolitana de Santiago,13,Pedro Aguirre Cerda,13121,5,2020-06-22
Metropolitana de Santiago,13,Pedro Aguirre Cerda,13121,4,2020-06-23
Metropolitana de Santiago,13,Pedro Aguirre Cerda,13121,3,2020-06-24
Metropolitana de Santiago,13,Pedro Aguirre Cerda,13121,3,2020-06-25
Metropolitana de Santiago,13,Pedro Aguirre Cerda,13121,1,2020-06-26
Metropolitana de Santiago,13,Pedro Aguirre Cerda,13121,1,2020-06-27
Metropolitana de Santiago,13,Pedro Aguirre Cerda,13121,1,2020-06-28
Metropolitana de Santiago,13,Pedro Aguirre Cerda,13121,6,2020-06-29
Metropolitana de Santiago,13,Pedro Aguirre Cerda,13121,1,2020-06-30
Metropolitana de Santiago,13,Pedro Aguirre Cerda,13121,2,2020-07-01
Metropolitana de Santiago,13,Pedro Aguirre Cerda,13121,1,2020-07-02
Metropolitana de Santiago,13,Pedro Aguirre Cerda,13121,5,2020-07-03
Metropolitana de Santiago,13,Pedro Aguirre Cerda,13121,2,2020-07-04
Metropolitana de Santiago,13,Pedro Aguirre Cerda,13121,2,2020-07-05
Metropolitana de Santiago,13,Pedro Aguirre Cerda,13121,1,2020-07-06
Metropolitana de Santiago,13,Pedro Aguirre Cerda,13121,3,2020-07-07
Metropolitana de Santiago,13,Pedro Aguirre Cerda,13121,2,2020-07-08
Metropolitana de Santiago,13,Pedro Aguirre Cerda,13121,2,2020-07-09
Metropolitana de Santiago,13,Pedro Aguirre Cerda,13121,2,2020-07-10
Metropolitana de Santiago,13,Pedro Aguirre Cerda,13121,1,2020-07-13
Metropolitana de Santiago,13,Pedro Aguirre Cerda,13121,1,2020-07-14
Metropolitana de Santiago,13,Pedro Aguirre Cerda,13121,2,2020-07-15
Metropolitana de Santiago,13,Pedro Aguirre Cerda,13121,2,2020-07-17
Metropolitana de Santiago,13,Pedro Aguirre Cerda,13121,3,2020-07-18
Metropolitana de Santiago,13,Pedro Aguirre Cerda,13121,3,2020-07-19
Metropolitana de Santiago,13,Pedro Aguirre Cerda,13121,1,2020-07-20
Metropolitana de Santiago,13,Pedro Aguirre Cerda,13121,2,2020-07-21
Metropolitana de Santiago,13,Pedro Aguirre Cerda,13121,5,2020-07-22
Metropolitana de Santiago,13,Pedro Aguirre Cerda,13121,3,2020-07-23
Metropolitana de Santiago,13,Pedro Aguirre Cerda,13121,3,2020-07-24
Metropolitana de Santiago,13,Pedro Aguirre Cerda,13121,1,2020-07-25
Metropolitana de Santiago,13,Pedro Aguirre Cerda,13121,2,2020-07-27
Metropolitana de Santiago,13,Pedro Aguirre Cerda,13121,1,2020-07-28
Metropolitana de Santiago,13,Pedro Aguirre Cerda,13121,2,2020-07-29
Metropolitana de Santiago,13,Pedro Aguirre Cerda,13121,1,2020-07-30
Metropolitana de Santiago,13,Pedro Aguirre Cerda,13121,1,2020-08-02
Metropolitana de Santiago,13,Pedro Aguirre Cerda,13121,3,2020-08-03
Metropolitana de Santiago,13,Pedro Aguirre Cerda,13121,2,2020-08-04
Metropolitana de Santiago,13,Pedro Aguirre Cerda,13121,3,2020-08-05
Metropolitana de Santiago,13,Pedro Aguirre Cerda,13121,2,2020-08-06
Metropolitana de Santiago,13,Pedro Aguirre Cerda,13121,2,2020-08-07
Metropolitana de Santiago,13,Pedro Aguirre Cerda,13121,1,2020-08-08
Metropolitana de Santiago,13,Pedro Aguirre Cerda,13121,1,2020-08-09
Metropolitana de Santiago,13,Pedro Aguirre Cerda,13121,1,2020-08-10
Metropolitana de Santiago,13,Pedro Aguirre Cerda,13121,2,2020-08-11
Metropolitana de Santiago,13,Pedro Aguirre Cerda,13121,2,2020-08-12
Metropolitana de Santiago,13,Pedro Aguirre Cerda,13121,4,2020-08-13
Metropolitana de Santiago,13,Pedro Aguirre Cerda,13121,1,2020-08-14
Metropolitana de Santiago,13,Pedro Aguirre Cerda,13121,3,2020-08-15
Metropolitana de Santiago,13,Pedro Aguirre Cerda,13121,1,2020-08-16
Metropolitana de Santiago,13,Pedro Aguirre Cerda,13121,1,2020-08-17
Metropolitana de Santiago,13,Pedro Aguirre Cerda,13121,2,2020-08-18
Metropolitana de Santiago,13,Pedro Aguirre Cerda,13121,1,2020-08-19
Metropolitana de Santiago,13,Pedro Aguirre Cerda,13121,1,2020-08-22
Metropolitana de Santiago,13,Pedro Aguirre Cerda,13121,2,2020-08-24
Metropolitana de Santiago,13,Pedro Aguirre Cerda,13121,2,2020-08-25
Metropolitana de Santiago,13,Pedro Aguirre Cerda,13121,2,2020-08-26
Metropolitana de Santiago,13,Pedro Aguirre Cerda,13121,2,2020-08-27
Metropolitana de Santiago,13,Pedro Aguirre Cerda,13121,1,2020-09-01
Metropolitana de Santiago,13,Pedro Aguirre Cerda,13121,1,2020-09-02
Metropolitana de Santiago,13,Pedro Aguirre Cerda,13121,2,2020-09-03
Metropolitana de Santiago,13,Pedro Aguirre Cerda,13121,1,2020-09-04
Metropolitana de Santiago,13,Pedro Aguirre Cerda,13121,1,2020-09-05
Metropolitana de Santiago,13,Pedro Aguirre Cerda,13121,1,2020-09-06
Metropolitana de Santiago,13,Pedro Aguirre Cerda,13121,2,2020-09-07
Metropolitana de Santiago,13,Pedro Aguirre Cerda,13121,1,2020-09-10
Metropolitana de Santiago,13,Pedro Aguirre Cerda,13121,3,2020-09-11
Metropolitana de Santiago,13,Pedro Aguirre Cerda,13121,1,2020-09-12
Metropolitana de Santiago,13,Pedro Aguirre Cerda,13121,1,2020-09-14
Metropolitana de Santiago,13,Pedro Aguirre Cerda,13121,1,2020-09-16
Metropolitana de Santiago,13,Pedro Aguirre Cerda,13121,2,2020-09-18
Metropolitana de Santiago,13,Pedro Aguirre Cerda,13121,1,2020-09-19
Metropolitana de Santiago,13,Pedro Aguirre Cerda,13121,2,2020-09-21
Metropolitana de Santiago,13,Pedro Aguirre Cerda,13121,1,2020-09-22
Metropolitana de Santiago,13,Pedro Aguirre Cerda,13121,2,2020-09-23
Metropolitana de Santiago,13,Pedro Aguirre Cerda,13121,5,2020-09-24
Metropolitana de Santiago,13,Pedro Aguirre Cerda,13121,3,2020-09-25
Metropolitana de Santiago,13,Pedro Aguirre Cerda,13121,1,2020-09-26
Metropolitana de Santiago,13,Pedro Aguirre Cerda,13121,2,2020-09-27
Metropolitana de Santiago,13,Pedro Aguirre Cerda,13121,2,2020-09-28
Metropolitana de Santiago,13,Pedro Aguirre Cerda,13121,1,2020-09-29
Metropolitana de Santiago,13,Pedro Aguirre Cerda,13121,3,2020-10-01
Metropolitana de Santiago,13,Pedro Aguirre Cerda,13121,1,2020-10-02
Metropolitana de Santiago,13,Pedro Aguirre Cerda,13121,2,2020-10-03
Metropolitana de Santiago,13,Pedro Aguirre Cerda,13121,2,2020-10-04
Metropolitana de Santiago,13,Pedro Aguirre Cerda,13121,1,2020-10-05
Metropolitana de Santiago,13,Pedro Aguirre Cerda,13121,1,2020-10-06
Metropolitana de Santiago,13,Pedro Aguirre Cerda,13121,1,2020-10-07
Metropolitana de Santiago,13,Pedro Aguirre Cerda,13121,1,2020-10-08
Metropolitana de Santiago,13,Pedro Aguirre Cerda,13121,1,2020-10-09
Metropolitana de Santiago,13,Pedro Aguirre Cerda,13121,1,2020-10-10
Metropolitana de Santiago,13,Pedro Aguirre Cerda,13121,1,2020-10-11
Metropolitana de Santiago,13,Pedro Aguirre Cerda,13121,1,2020-10-13
Metropolitana de Santiago,13,Pedro Aguirre Cerda,13121,3,2020-10-15
Metropolitana de Santiago,13,Pedro Aguirre Cerda,13121,2,2020-10-16
Metropolitana de Santiago,13,Pedro Aguirre Cerda,13121,2,2020-10-17
Metropolitana de Santiago,13,Pedro Aguirre Cerda,13121,2,2020-10-19
Metropolitana de Santiago,13,Pedro Aguirre Cerda,13121,1,2020-10-20
Metropolitana de Santiago,13,Pedro Aguirre Cerda,13121,1,2020-10-21
Metropolitana de Santiago,13,Pedro Aguirre Cerda,13121,1,2020-10-22
Metropolitana de Santiago,13,Pedro Aguirre Cerda,13121,1,2020-10-25
Metropolitana de Santiago,13,Pedro Aguirre Cerda,13121,1,2020-10-26
Metropolitana de Santiago,13,Pedro Aguirre Cerda,13121,1,2020-10-29
Metropolitana de Santiago,13,Pedro Aguirre Cerda,13121,1,2020-10-30
Metropolitana de Santiago,13,Pedro Aguirre Cerda,13121,2,2020-10-31
Metropolitana de Santiago,13,Pedro Aguirre Cerda,13121,2,2020-11-01
Metropolitana de Santiago,13,Pedro Aguirre Cerda,13121,2,2020-11-02
Metropolitana de Santiago,13,Pedro Aguirre Cerda,13121,1,2020-11-04
Metropolitana de Santiago,13,Pedro Aguirre Cerda,13121,2,2020-11-05
Metropolitana de Santiago,13,Pedro Aguirre Cerda,13121,2,2020-11-06
Metropolitana de Santiago,13,Pedro Aguirre Cerda,13121,1,2020-11-07
Metropolitana de Santiago,13,Pedro Aguirre Cerda,13121,1,2020-11-09
Metropolitana de Santiago,13,Pedro Aguirre Cerda,13121,2,2020-11-11
Metropolitana de Santiago,13,Pedro Aguirre Cerda,13121,1,2020-11-14
Metropolitana de Santiago,13,Pedro Aguirre Cerda,13121,1,2020-11-15
Metropolitana de Santiago,13,Pedro Aguirre Cerda,13121,3,2020-11-18
Metropolitana de Santiago,13,Pedro Aguirre Cerda,13121,4,2020-11-19
Metropolitana de Santiago,13,Pedro Aguirre Cerda,13121,2,2020-11-20
Metropolitana de Santiago,13,Pedro Aguirre Cerda,13121,5,2020-11-21
Metropolitana de Santiago,13,Pedro Aguirre Cerda,13121,1,2020-11-22
Metropolitana de Santiago,13,Pedro Aguirre Cerda,13121,1,2020-11-23
Metropolitana de Santiago,13,Pedro Aguirre Cerda,13121,2,2020-11-26
Metropolitana de Santiago,13,Pedro Aguirre Cerda,13121,2,2020-11-27
Metropolitana de Santiago,13,Pedro Aguirre Cerda,13121,2,2020-11-28
Metropolitana de Santiago,13,Pedro Aguirre Cerda,13121,1,2020-11-29
Metropolitana de Santiago,13,Pedro Aguirre Cerda,13121,1,2020-11-30
Metropolitana de Santiago,13,Pedro Aguirre Cerda,13121,1,2020-12-01
Metropolitana de Santiago,13,Pedro Aguirre Cerda,13121,1,2020-12-03
Metropolitana de Santiago,13,Pedro Aguirre Cerda,13121,1,2020-12-04
Metropolitana de Santiago,13,Pedro Aguirre Cerda,13121,1,2020-12-05
Metropolitana de Santiago,13,Pedro Aguirre Cerda,13121,1,2020-12-06
Metropolitana de Santiago,13,Pedro Aguirre Cerda,13121,2,2020-12-08
Metropolitana de Santiago,13,Pedro Aguirre Cerda,13121,1,2020-12-09
Metropolitana de Santiago,13,Pedro Aguirre Cerda,13121,1,2020-12-13
Metropolitana de Santiago,13,Pedro Aguirre Cerda,13121,1,2020-12-14
Metropolitana de Santiago,13,Pedro Aguirre Cerda,13121,1,2020-12-17
Metropolitana de Santiago,13,Pedro Aguirre Cerda,13121,1,2020-12-18
Metropolitana de Santiago,13,Pedro Aguirre Cerda,13121,1,2020-12-19
Metropolitana de Santiago,13,Pedro Aguirre Cerda,13121,2,2020-12-20
Metropolitana de Santiago,13,Pedro Aguirre Cerda,13121,2,2020-12-21
Metropolitana de Santiago,13,Pedro Aguirre Cerda,13121,2,2020-12-23
Metropolitana de Santiago,13,Pedro Aguirre Cerda,13121,2,2020-12-24
Metropolitana de Santiago,13,Pedro Aguirre Cerda,13121,3,2020-12-26
Metropolitana de Santiago,13,Pedro Aguirre Cerda,13121,3,2020-12-27
Metropolitana de Santiago,13,Pedro Aguirre Cerda,13121,1,2020-12-28
Metropolitana de Santiago,13,Pedro Aguirre Cerda,13121,2,2020-12-29
Metropolitana de Santiago,13,Pedro Aguirre Cerda,13121,2,2020-12-30
Metropolitana de Santiago,13,Pedro Aguirre Cerda,13121,1,2020-12-31
Metropolitana de Santiago,13,Pedro Aguirre Cerda,13121,2,2021-01-02
Metropolitana de Santiago,13,Pedro Aguirre Cerda,13121,1,2021-01-03
Metropolitana de Santiago,13,Pedro Aguirre Cerda,13121,1,2021-01-04
Metropolitana de Santiago,13,Pedro Aguirre Cerda,13121,2,2021-01-05
Metropolitana de Santiago,13,Pedro Aguirre Cerda,13121,1,2021-01-06
Metropolitana de Santiago,13,Pedro Aguirre Cerda,13121,1,2021-01-08
Metropolitana de Santiago,13,Pedro Aguirre Cerda,13121,1,2021-01-10
Metropolitana de Santiago,13,Pedro Aguirre Cerda,13121,1,2021-01-13
Metropolitana de Santiago,13,Pedro Aguirre Cerda,13121,1,2021-01-14
Metropolitana de Santiago,13,Peñalolén,13122,7,2020-01-02
Metropolitana de Santiago,13,Peñalolén,13122,3,2020-01-03
Metropolitana de Santiago,13,Peñalolén,13122,4,2020-01-04
Metropolitana de Santiago,13,Peñalolén,13122,1,2020-01-05
Metropolitana de Santiago,13,Peñalolén,13122,7,2020-01-06
Metropolitana de Santiago,13,Peñalolén,13122,3,2020-01-07
Metropolitana de Santiago,13,Peñalolén,13122,5,2020-01-08
Metropolitana de Santiago,13,Peñalolén,13122,3,2020-01-09
Metropolitana de Santiago,13,Peñalolén,13122,5,2020-01-10
Metropolitana de Santiago,13,Peñalolén,13122,1,2020-01-11
Metropolitana de Santiago,13,Peñalolén,13122,5,2020-01-12
Metropolitana de Santiago,13,Peñalolén,13122,3,2020-01-13
Metropolitana de Santiago,13,Peñalolén,13122,5,2020-01-14
Metropolitana de Santiago,13,Peñalolén,13122,1,2020-01-15
Metropolitana de Santiago,13,Peñalolén,13122,5,2020-01-16
Metropolitana de Santiago,13,Peñalolén,13122,3,2020-01-17
Metropolitana de Santiago,13,Peñalolén,13122,3,2020-01-18
Metropolitana de Santiago,13,Peñalolén,13122,3,2020-01-19
Metropolitana de Santiago,13,Peñalolén,13122,5,2020-01-20
Metropolitana de Santiago,13,Peñalolén,13122,2,2020-01-21
Metropolitana de Santiago,13,Peñalolén,13122,2,2020-01-22
Metropolitana de Santiago,13,Peñalolén,13122,5,2020-01-23
Metropolitana de Santiago,13,Peñalolén,13122,3,2020-01-25
Metropolitana de Santiago,13,Peñalolén,13122,2,2020-01-26
Metropolitana de Santiago,13,Peñalolén,13122,3,2020-01-27
Metropolitana de Santiago,13,Peñalolén,13122,4,2020-01-28
Metropolitana de Santiago,13,Peñalolén,13122,7,2020-01-29
Metropolitana de Santiago,13,Peñalolén,13122,4,2020-01-30
Metropolitana de Santiago,13,Peñalolén,13122,3,2020-01-31
Metropolitana de Santiago,13,Peñalolén,13122,3,2020-02-01
Metropolitana de Santiago,13,Peñalolén,13122,1,2020-02-03
Metropolitana de Santiago,13,Peñalolén,13122,3,2020-02-04
Metropolitana de Santiago,13,Peñalolén,13122,2,2020-02-05
Metropolitana de Santiago,13,Peñalolén,13122,1,2020-02-07
Metropolitana de Santiago,13,Peñalolén,13122,6,2020-02-08
Metropolitana de Santiago,13,Peñalolén,13122,2,2020-02-09
Metropolitana de Santiago,13,Peñalolén,13122,6,2020-02-10
Metropolitana de Santiago,13,Peñalolén,13122,3,2020-02-11
Metropolitana de Santiago,13,Peñalolén,13122,3,2020-02-12
Metropolitana de Santiago,13,Peñalolén,13122,5,2020-02-13
Metropolitana de Santiago,13,Peñalolén,13122,2,2020-02-14
Metropolitana de Santiago,13,Peñalolén,13122,1,2020-02-15
Metropolitana de Santiago,13,Peñalolén,13122,3,2020-02-16
Metropolitana de Santiago,13,Peñalolén,13122,5,2020-02-17
Metropolitana de Santiago,13,Peñalolén,13122,3,2020-02-18
Metropolitana de Santiago,13,Peñalolén,13122,5,2020-02-19
Metropolitana de Santiago,13,Peñalolén,13122,1,2020-02-20
Metropolitana de Santiago,13,Peñalolén,13122,3,2020-02-21
Metropolitana de Santiago,13,Peñalolén,13122,2,2020-02-23
Metropolitana de Santiago,13,Peñalolén,13122,3,2020-02-24
Metropolitana de Santiago,13,Peñalolén,13122,5,2020-02-25
Metropolitana de Santiago,13,Peñalolén,13122,2,2020-02-26
Metropolitana de Santiago,13,Peñalolén,13122,5,2020-02-27
Metropolitana de Santiago,13,Peñalolén,13122,3,2020-02-28
Metropolitana de Santiago,13,Peñalolén,13122,1,2020-02-29
Metropolitana de Santiago,13,Peñalolén,13122,6,2020-03-02
Metropolitana de Santiago,13,Peñalolén,13122,5,2020-03-04
Metropolitana de Santiago,13,Peñalolén,13122,3,2020-03-05
Metropolitana de Santiago,13,Peñalolén,13122,2,2020-03-06
Metropolitana de Santiago,13,Peñalolén,13122,3,2020-03-07
Metropolitana de Santiago,13,Peñalolén,13122,3,2020-03-08
Metropolitana de Santiago,13,Peñalolén,13122,2,2020-03-09
Metropolitana de Santiago,13,Peñalolén,13122,1,2020-03-10
Metropolitana de Santiago,13,Peñalolén,13122,1,2020-03-11
Metropolitana de Santiago,13,Peñalolén,13122,3,2020-03-12
Metropolitana de Santiago,13,Peñalolén,13122,1,2020-03-13
Metropolitana de Santiago,13,Peñalolén,13122,3,2020-03-14
Metropolitana de Santiago,13,Peñalolén,13122,1,2020-03-15
Metropolitana de Santiago,13,Peñalolén,13122,1,2020-03-16
Metropolitana de Santiago,13,Peñalolén,13122,2,2020-03-17
Metropolitana de Santiago,13,Peñalolén,13122,2,2020-03-18
Metropolitana de Santiago,13,Peñalolén,13122,2,2020-03-19
Metropolitana de Santiago,13,Peñalolén,13122,4,2020-03-21
Metropolitana de Santiago,13,Peñalolén,13122,3,2020-03-22
Metropolitana de Santiago,13,Peñalolén,13122,2,2020-03-23
Metropolitana de Santiago,13,Peñalolén,13122,2,2020-03-24
Metropolitana de Santiago,13,Peñalolén,13122,6,2020-03-25
Metropolitana de Santiago,13,Peñalolén,13122,2,2020-03-26
Metropolitana de Santiago,13,Peñalolén,13122,1,2020-03-27
Metropolitana de Santiago,13,Peñalolén,13122,4,2020-03-28
Metropolitana de Santiago,13,Peñalolén,13122,2,2020-03-29
Metropolitana de Santiago,13,Peñalolén,13122,6,2020-03-30
Metropolitana de Santiago,13,Peñalolén,13122,3,2020-03-31
Metropolitana de Santiago,13,Peñalolén,13122,8,2020-04-01
Metropolitana de Santiago,13,Peñalolén,13122,4,2020-04-02
Metropolitana de Santiago,13,Peñalolén,13122,1,2020-04-03
Metropolitana de Santiago,13,Peñalolén,13122,2,2020-04-04
Metropolitana de Santiago,13,Peñalolén,13122,1,2020-04-05
Metropolitana de Santiago,13,Peñalolén,13122,5,2020-04-06
Metropolitana de Santiago,13,Peñalolén,13122,6,2020-04-07
Metropolitana de Santiago,13,Peñalolén,13122,3,2020-04-09
Metropolitana de Santiago,13,Peñalolén,13122,3,2020-04-11
Metropolitana de Santiago,13,Peñalolén,13122,4,2020-04-12
Metropolitana de Santiago,13,Peñalolén,13122,3,2020-04-13
Metropolitana de Santiago,13,Peñalolén,13122,3,2020-04-14
Metropolitana de Santiago,13,Peñalolén,13122,3,2020-04-15
Metropolitana de Santiago,13,Peñalolén,13122,4,2020-04-16
Metropolitana de Santiago,13,Peñalolén,13122,2,2020-04-17
Metropolitana de Santiago,13,Peñalolén,13122,4,2020-04-18
Metropolitana de Santiago,13,Peñalolén,13122,1,2020-04-19
Metropolitana de Santiago,13,Peñalolén,13122,2,2020-04-20
Metropolitana de Santiago,13,Peñalolén,13122,3,2020-04-21
Metropolitana de Santiago,13,Peñalolén,13122,5,2020-04-22
Metropolitana de Santiago,13,Peñalolén,13122,2,2020-04-23
Metropolitana de Santiago,13,Peñalolén,13122,4,2020-04-24
Metropolitana de Santiago,13,Peñalolén,13122,2,2020-04-25
Metropolitana de Santiago,13,Peñalolén,13122,3,2020-04-26
Metropolitana de Santiago,13,Peñalolén,13122,5,2020-04-27
Metropolitana de Santiago,13,Peñalolén,13122,2,2020-04-28
Metropolitana de Santiago,13,Peñalolén,13122,2,2020-04-29
Metropolitana de Santiago,13,Peñalolén,13122,3,2020-04-30
Metropolitana de Santiago,13,Peñalolén,13122,3,2020-05-02
Metropolitana de Santiago,13,Peñalolén,13122,4,2020-05-03
Metropolitana de Santiago,13,Peñalolén,13122,5,2020-05-04
Metropolitana de Santiago,13,Peñalolén,13122,6,2020-05-05
Metropolitana de Santiago,13,Peñalolén,13122,5,2020-05-08
Metropolitana de Santiago,13,Peñalolén,13122,6,2020-05-09
Metropolitana de Santiago,13,Peñalolén,13122,1,2020-05-10
Metropolitana de Santiago,13,Peñalolén,13122,6,2020-05-11
Metropolitana de Santiago,13,Peñalolén,13122,3,2020-05-12
Metropolitana de Santiago,13,Peñalolén,13122,8,2020-05-13
Metropolitana de Santiago,13,Peñalolén,13122,6,2020-05-14
Metropolitana de Santiago,13,Peñalolén,13122,6,2020-05-15
Metropolitana de Santiago,13,Peñalolén,13122,5,2020-05-16
Metropolitana de Santiago,13,Peñalolén,13122,6,2020-05-17
Metropolitana de Santiago,13,Peñalolén,13122,10,2020-05-18
Metropolitana de Santiago,13,Peñalolén,13122,4,2020-05-19
Metropolitana de Santiago,13,Peñalolén,13122,8,2020-05-20
Metropolitana de Santiago,13,Peñalolén,13122,2,2020-05-21
Metropolitana de Santiago,13,Peñalolén,13122,10,2020-05-22
Metropolitana de Santiago,13,Peñalolén,13122,5,2020-05-23
Metropolitana de Santiago,13,Peñalolén,13122,11,2020-05-24
Metropolitana de Santiago,13,Peñalolén,13122,13,2020-05-25
Metropolitana de Santiago,13,Peñalolén,13122,8,2020-05-26
Metropolitana de Santiago,13,Peñalolén,13122,10,2020-05-27
Metropolitana de Santiago,13,Peñalolén,13122,15,2020-05-28
Metropolitana de Santiago,13,Peñalolén,13122,6,2020-05-29
Metropolitana de Santiago,13,Peñalolén,13122,4,2020-05-30
Metropolitana de Santiago,13,Peñalolén,13122,6,2020-05-31
Metropolitana de Santiago,13,Peñalolén,13122,12,2020-06-01
Metropolitana de Santiago,13,Peñalolén,13122,10,2020-06-02
Metropolitana de Santiago,13,Peñalolén,13122,12,2020-06-03
Metropolitana de Santiago,13,Peñalolén,13122,4,2020-06-04
Metropolitana de Santiago,13,Peñalolén,13122,11,2020-06-05
Metropolitana de Santiago,13,Peñalolén,13122,6,2020-06-06
Metropolitana de Santiago,13,Peñalolén,13122,9,2020-06-07
Metropolitana de Santiago,13,Peñalolén,13122,17,2020-06-08
Metropolitana de Santiago,13,Peñalolén,13122,10,2020-06-09
Metropolitana de Santiago,13,Peñalolén,13122,7,2020-06-10
Metropolitana de Santiago,13,Peñalolén,13122,10,2020-06-11
Metropolitana de Santiago,13,Peñalolén,13122,7,2020-06-12
Metropolitana de Santiago,13,Peñalolén,13122,14,2020-06-13
Metropolitana de Santiago,13,Peñalolén,13122,11,2020-06-14
Metropolitana de Santiago,13,Peñalolén,13122,18,2020-06-15
Metropolitana de Santiago,13,Peñalolén,13122,4,2020-06-16
Metropolitana de Santiago,13,Peñalolén,13122,10,2020-06-17
Metropolitana de Santiago,13,Peñalolén,13122,8,2020-06-18
Metropolitana de Santiago,13,Peñalolén,13122,7,2020-06-19
Metropolitana de Santiago,13,Peñalolén,13122,10,2020-06-20
Metropolitana de Santiago,13,Peñalolén,13122,2,2020-06-21
Metropolitana de Santiago,13,Peñalolén,13122,8,2020-06-22
Metropolitana de Santiago,13,Peñalolén,13122,7,2020-06-23
Metropolitana de Santiago,13,Peñalolén,13122,8,2020-06-24
Metropolitana de Santiago,13,Peñalolén,13122,6,2020-06-25
Metropolitana de Santiago,13,Peñalolén,13122,8,2020-06-26
Metropolitana de Santiago,13,Peñalolén,13122,11,2020-06-27
Metropolitana de Santiago,13,Peñalolén,13122,8,2020-06-28
Metropolitana de Santiago,13,Peñalolén,13122,4,2020-06-29
Metropolitana de Santiago,13,Peñalolén,13122,2,2020-06-30
Metropolitana de Santiago,13,Peñalolén,13122,8,2020-07-01
Metropolitana de Santiago,13,Peñalolén,13122,9,2020-07-02
Metropolitana de Santiago,13,Peñalolén,13122,6,2020-07-03
Metropolitana de Santiago,13,Peñalolén,13122,4,2020-07-04
Metropolitana de Santiago,13,Peñalolén,13122,5,2020-07-05
Metropolitana de Santiago,13,Peñalolén,13122,16,2020-07-06
Metropolitana de Santiago,13,Peñalolén,13122,7,2020-07-07
Metropolitana de Santiago,13,Peñalolén,13122,5,2020-07-08
Metropolitana de Santiago,13,Peñalolén,13122,8,2020-07-09
Metropolitana de Santiago,13,Peñalolén,13122,5,2020-07-10
Metropolitana de Santiago,13,Peñalolén,13122,8,2020-07-11
Metropolitana de Santiago,13,Peñalolén,13122,1,2020-07-12
Metropolitana de Santiago,13,Peñalolén,13122,8,2020-07-13
Metropolitana de Santiago,13,Peñalolén,13122,9,2020-07-14
Metropolitana de Santiago,13,Peñalolén,13122,5,2020-07-15
Metropolitana de Santiago,13,Peñalolén,13122,4,2020-07-16
Metropolitana de Santiago,13,Peñalolén,13122,6,2020-07-17
Metropolitana de Santiago,13,Peñalolén,13122,5,2020-07-18
Metropolitana de Santiago,13,Peñalolén,13122,2,2020-07-19
Metropolitana de Santiago,13,Peñalolén,13122,5,2020-07-20
Metropolitana de Santiago,13,Peñalolén,13122,3,2020-07-21
Metropolitana de Santiago,13,Peñalolén,13122,6,2020-07-22
Metropolitana de Santiago,13,Peñalolén,13122,4,2020-07-23
Metropolitana de Santiago,13,Peñalolén,13122,1,2020-07-24
Metropolitana de Santiago,13,Peñalolén,13122,4,2020-07-25
Metropolitana de Santiago,13,Peñalolén,13122,4,2020-07-26
Metropolitana de Santiago,13,Peñalolén,13122,2,2020-07-27
Metropolitana de Santiago,13,Peñalolén,13122,2,2020-07-28
Metropolitana de Santiago,13,Peñalolén,13122,1,2020-07-29
Metropolitana de Santiago,13,Peñalolén,13122,5,2020-07-30
Metropolitana de Santiago,13,Peñalolén,13122,6,2020-08-01
Metropolitana de Santiago,13,Peñalolén,13122,6,2020-08-03
Metropolitana de Santiago,13,Peñalolén,13122,5,2020-08-04
Metropolitana de Santiago,13,Peñalolén,13122,2,2020-08-05
Metropolitana de Santiago,13,Peñalolén,13122,4,2020-08-06
Metropolitana de Santiago,13,Peñalolén,13122,3,2020-08-07
Metropolitana de Santiago,13,Peñalolén,13122,3,2020-08-08
Metropolitana de Santiago,13,Peñalolén,13122,2,2020-08-09
Metropolitana de Santiago,13,Peñalolén,13122,2,2020-08-10
Metropolitana de Santiago,13,Peñalolén,13122,1,2020-08-11
Metropolitana de Santiago,13,Peñalolén,13122,5,2020-08-12
Metropolitana de Santiago,13,Peñalolén,13122,8,2020-08-13
Metropolitana de Santiago,13,Peñalolén,13122,7,2020-08-14
Metropolitana de Santiago,13,Peñalolén,13122,6,2020-08-15
Metropolitana de Santiago,13,Peñalolén,13122,3,2020-08-16
Metropolitana de Santiago,13,Peñalolén,13122,4,2020-08-17
Metropolitana de Santiago,13,Peñalolén,13122,7,2020-08-18
Metropolitana de Santiago,13,Peñalolén,13122,2,2020-08-19
Metropolitana de Santiago,13,Peñalolén,13122,1,2020-08-20
Metropolitana de Santiago,13,Peñalolén,13122,4,2020-08-21
Metropolitana de Santiago,13,Peñalolén,13122,3,2020-08-22
Metropolitana de Santiago,13,Peñalolén,13122,2,2020-08-23
Metropolitana de Santiago,13,Peñalolén,13122,1,2020-08-24
Metropolitana de Santiago,13,Peñalolén,13122,3,2020-08-25
Metropolitana de Santiago,13,Peñalolén,13122,6,2020-08-26
Metropolitana de Santiago,13,Peñalolén,13122,2,2020-08-27
Metropolitana de Santiago,13,Peñalolén,13122,8,2020-08-28
Metropolitana de Santiago,13,Peñalolén,13122,2,2020-08-29
Metropolitana de Santiago,13,Peñalolén,13122,3,2020-08-30
Metropolitana de Santiago,13,Peñalolén,13122,9,2020-08-31
Metropolitana de Santiago,13,Peñalolén,13122,2,2020-09-01
Metropolitana de Santiago,13,Peñalolén,13122,4,2020-09-02
Metropolitana de Santiago,13,Peñalolén,13122,5,2020-09-03
Metropolitana de Santiago,13,Peñalolén,13122,1,2020-09-04
Metropolitana de Santiago,13,Peñalolén,13122,2,2020-09-05
Metropolitana de Santiago,13,Peñalolén,13122,1,2020-09-06
Metropolitana de Santiago,13,Peñalolén,13122,3,2020-09-07
Metropolitana de Santiago,13,Peñalolén,13122,4,2020-09-08
Metropolitana de Santiago,13,Peñalolén,13122,4,2020-09-09
Metropolitana de Santiago,13,Peñalolén,13122,3,2020-09-10
Metropolitana de Santiago,13,Peñalolén,13122,2,2020-09-11
Metropolitana de Santiago,13,Peñalolén,13122,6,2020-09-12
Metropolitana de Santiago,13,Peñalolén,13122,5,2020-09-13
Metropolitana de Santiago,13,Peñalolén,13122,3,2020-09-14
Metropolitana de Santiago,13,Peñalolén,13122,1,2020-09-15
Metropolitana de Santiago,13,Peñalolén,13122,3,2020-09-16
Metropolitana de Santiago,13,Peñalolén,13122,3,2020-09-17
Metropolitana de Santiago,13,Peñalolén,13122,2,2020-09-18
Metropolitana de Santiago,13,Peñalolén,13122,3,2020-09-19
Metropolitana de Santiago,13,Peñalolén,13122,1,2020-09-20
Metropolitana de Santiago,13,Peñalolén,13122,6,2020-09-21
Metropolitana de Santiago,13,Peñalolén,13122,2,2020-09-22
Metropolitana de Santiago,13,Peñalolén,13122,4,2020-09-23
Metropolitana de Santiago,13,Peñalolén,13122,3,2020-09-24
Metropolitana de Santiago,13,Peñalolén,13122,5,2020-09-25
Metropolitana de Santiago,13,Peñalolén,13122,4,2020-09-26
Metropolitana de Santiago,13,Peñalolén,13122,3,2020-09-27
Metropolitana de Santiago,13,Peñalolén,13122,3,2020-09-28
Metropolitana de Santiago,13,Peñalolén,13122,4,2020-09-29
Metropolitana de Santiago,13,Peñalolén,13122,6,2020-09-30
Metropolitana de Santiago,13,Peñalolén,13122,2,2020-10-01
Metropolitana de Santiago,13,Peñalolén,13122,1,2020-10-02
Metropolitana de Santiago,13,Peñalolén,13122,1,2020-10-03
Metropolitana de Santiago,13,Peñalolén,13122,4,2020-10-04
Metropolitana de Santiago,13,Peñalolén,13122,6,2020-10-05
Metropolitana de Santiago,13,Peñalolén,13122,2,2020-10-06
Metropolitana de Santiago,13,Peñalolén,13122,7,2020-10-07
Metropolitana de Santiago,13,Peñalolén,13122,4,2020-10-08
Metropolitana de Santiago,13,Peñalolén,13122,2,2020-10-09
Metropolitana de Santiago,13,Peñalolén,13122,7,2020-10-10
Metropolitana de Santiago,13,Peñalolén,13122,3,2020-10-11
Metropolitana de Santiago,13,Peñalolén,13122,3,2020-10-12
Metropolitana de Santiago,13,Peñalolén,13122,7,2020-10-13
Metropolitana de Santiago,13,Peñalolén,13122,1,2020-10-14
Metropolitana de Santiago,13,Peñalolén,13122,3,2020-10-15
Metropolitana de Santiago,13,Peñalolén,13122,5,2020-10-16
Metropolitana de Santiago,13,Peñalolén,13122,3,2020-10-17
Metropolitana de Santiago,13,Peñalolén,13122,1,2020-10-18
Metropolitana de Santiago,13,Peñalolén,13122,2,2020-10-19
Metropolitana de Santiago,13,Peñalolén,13122,2,2020-10-20
Metropolitana de Santiago,13,Peñalolén,13122,3,2020-10-21
Metropolitana de Santiago,13,Peñalolén,13122,2,2020-10-22
Metropolitana de Santiago,13,Peñalolén,13122,5,2020-10-23
Metropolitana de Santiago,13,Peñalolén,13122,3,2020-10-24
Metropolitana de Santiago,13,Peñalolén,13122,2,2020-10-25
Metropolitana de Santiago,13,Peñalolén,13122,3,2020-10-26
Metropolitana de Santiago,13,Peñalolén,13122,3,2020-10-27
Metropolitana de Santiago,13,Peñalolén,13122,5,2020-10-28
Metropolitana de Santiago,13,Peñalolén,13122,3,2020-10-29
Metropolitana de Santiago,13,Peñalolén,13122,3,2020-10-30
Metropolitana de Santiago,13,Peñalolén,13122,1,2020-10-31
Metropolitana de Santiago,13,Peñalolén,13122,5,2020-11-02
Metropolitana de Santiago,13,Peñalolén,13122,8,2020-11-03
Metropolitana de Santiago,13,Peñalolén,13122,3,2020-11-04
Metropolitana de Santiago,13,Peñalolén,13122,5,2020-11-05
Metropolitana de Santiago,13,Peñalolén,13122,5,2020-11-06
Metropolitana de Santiago,13,Peñalolén,13122,4,2020-11-07
Metropolitana de Santiago,13,Peñalolén,13122,4,2020-11-09
Metropolitana de Santiago,13,Peñalolén,13122,5,2020-11-10
Metropolitana de Santiago,13,Peñalolén,13122,4,2020-11-11
Metropolitana de Santiago,13,Peñalolén,13122,2,2020-11-12
Metropolitana de Santiago,13,Peñalolén,13122,2,2020-11-13
Metropolitana de Santiago,13,Peñalolén,13122,2,2020-11-14
Metropolitana de Santiago,13,Peñalolén,13122,2,2020-11-15
Metropolitana de Santiago,13,Peñalolén,13122,3,2020-11-16
Metropolitana de Santiago,13,Peñalolén,13122,5,2020-11-17
Metropolitana de Santiago,13,Peñalolén,13122,2,2020-11-18
Metropolitana de Santiago,13,Peñalolén,13122,2,2020-11-19
Metropolitana de Santiago,13,Peñalolén,13122,4,2020-11-20
Metropolitana de Santiago,13,Peñalolén,13122,1,2020-11-21
Metropolitana de Santiago,13,Peñalolén,13122,1,2020-11-22
Metropolitana de Santiago,13,Peñalolén,13122,3,2020-11-23
Metropolitana de Santiago,13,Peñalolén,13122,4,2020-11-24
Metropolitana de Santiago,13,Peñalolén,13122,3,2020-11-25
Metropolitana de Santiago,13,Peñalolén,13122,2,2020-11-26
Metropolitana de Santiago,13,Peñalolén,13122,4,2020-11-27
Metropolitana de Santiago,13,Peñalolén,13122,6,2020-11-28
Metropolitana de Santiago,13,Peñalolén,13122,1,2020-11-30
Metropolitana de Santiago,13,Peñalolén,13122,4,2020-12-01
Metropolitana de Santiago,13,Peñalolén,13122,4,2020-12-02
Metropolitana de Santiago,13,Peñalolén,13122,7,2020-12-03
Metropolitana de Santiago,13,Peñalolén,13122,2,2020-12-04
Metropolitana de Santiago,13,Peñalolén,13122,5,2020-12-05
Metropolitana de Santiago,13,Peñalolén,13122,1,2020-12-06
Metropolitana de Santiago,13,Peñalolén,13122,6,2020-12-07
Metropolitana de Santiago,13,Peñalolén,13122,5,2020-12-09
Metropolitana de Santiago,13,Peñalolén,13122,4,2020-12-11
Metropolitana de Santiago,13,Peñalolén,13122,5,2020-12-12
Metropolitana de Santiago,13,Peñalolén,13122,5,2020-12-13
Metropolitana de Santiago,13,Peñalolén,13122,6,2020-12-14
Metropolitana de Santiago,13,Peñalolén,13122,3,2020-12-15
Metropolitana de Santiago,13,Peñalolén,13122,6,2020-12-16
Metropolitana de Santiago,13,Peñalolén,13122,3,2020-12-17
Metropolitana de Santiago,13,Peñalolén,13122,2,2020-12-18
Metropolitana de Santiago,13,Peñalolén,13122,1,2020-12-19
Metropolitana de Santiago,13,Peñalolén,13122,2,2020-12-20
Metropolitana de Santiago,13,Peñalolén,13122,4,2020-12-21
Metropolitana de Santiago,13,Peñalolén,13122,7,2020-12-22
Metropolitana de Santiago,13,Peñalolén,13122,8,2020-12-23
Metropolitana de Santiago,13,Peñalolén,13122,4,2020-12-24
Metropolitana de Santiago,13,Peñalolén,13122,1,2020-12-25
Metropolitana de Santiago,13,Peñalolén,13122,6,2020-12-26
Metropolitana de Santiago,13,Peñalolén,13122,3,2020-12-27
Metropolitana de Santiago,13,Peñalolén,13122,5,2020-12-28
Metropolitana de Santiago,13,Peñalolén,13122,6,2020-12-29
Metropolitana de Santiago,13,Peñalolén,13122,3,2020-12-30
Metropolitana de Santiago,13,Peñalolén,13122,6,2020-12-31
Metropolitana de Santiago,13,Peñalolén,13122,2,2021-01-02
Metropolitana de Santiago,13,Peñalolén,13122,5,2021-01-03
Metropolitana de Santiago,13,Peñalolén,13122,6,2021-01-04
Metropolitana de Santiago,13,Peñalolén,13122,5,2021-01-05
Metropolitana de Santiago,13,Peñalolén,13122,2,2021-01-06
Metropolitana de Santiago,13,Peñalolén,13122,5,2021-01-07
Metropolitana de Santiago,13,Peñalolén,13122,4,2021-01-08
Metropolitana de Santiago,13,Peñalolén,13122,2,2021-01-09
Metropolitana de Santiago,13,Peñalolén,13122,1,2021-01-10
Metropolitana de Santiago,13,Peñalolén,13122,2,2021-01-11
Metropolitana de Santiago,13,Peñalolén,13122,6,2021-01-12
Metropolitana de Santiago,13,Peñalolén,13122,2,2021-01-13
Metropolitana de Santiago,13,Peñalolén,13122,2,2021-01-14
Metropolitana de Santiago,13,Providencia,13123,11,2020-01-02
Metropolitana de Santiago,13,Providencia,13123,10,2020-01-03
Metropolitana de Santiago,13,Providencia,13123,9,2020-01-04
Metropolitana de Santiago,13,Providencia,13123,5,2020-01-05
Metropolitana de Santiago,13,Providencia,13123,5,2020-01-06
Metropolitana de Santiago,13,Providencia,13123,8,2020-01-07
Metropolitana de Santiago,13,Providencia,13123,13,2020-01-08
Metropolitana de Santiago,13,Providencia,13123,4,2020-01-09
Metropolitana de Santiago,13,Providencia,13123,5,2020-01-10
Metropolitana de Santiago,13,Providencia,13123,4,2020-01-11
Metropolitana de Santiago,13,Providencia,13123,5,2020-01-12
Metropolitana de Santiago,13,Providencia,13123,13,2020-01-13
Metropolitana de Santiago,13,Providencia,13123,6,2020-01-14
Metropolitana de Santiago,13,Providencia,13123,9,2020-01-15
Metropolitana de Santiago,13,Providencia,13123,4,2020-01-16
Metropolitana de Santiago,13,Providencia,13123,6,2020-01-17
Metropolitana de Santiago,13,Providencia,13123,4,2020-01-18
Metropolitana de Santiago,13,Providencia,13123,4,2020-01-19
Metropolitana de Santiago,13,Providencia,13123,8,2020-01-20
Metropolitana de Santiago,13,Providencia,13123,6,2020-01-21
Metropolitana de Santiago,13,Providencia,13123,8,2020-01-22
Metropolitana de Santiago,13,Providencia,13123,7,2020-01-23
Metropolitana de Santiago,13,Providencia,13123,7,2020-01-24
Metropolitana de Santiago,13,Providencia,13123,3,2020-01-25
Metropolitana de Santiago,13,Providencia,13123,7,2020-01-26
Metropolitana de Santiago,13,Providencia,13123,5,2020-01-27
Metropolitana de Santiago,13,Providencia,13123,10,2020-01-28
Metropolitana de Santiago,13,Providencia,13123,10,2020-01-29
Metropolitana de Santiago,13,Providencia,13123,10,2020-01-30
Metropolitana de Santiago,13,Providencia,13123,4,2020-01-31
Metropolitana de Santiago,13,Providencia,13123,7,2020-02-01
Metropolitana de Santiago,13,Providencia,13123,8,2020-02-02
Metropolitana de Santiago,13,Providencia,13123,14,2020-02-03
Metropolitana de Santiago,13,Providencia,13123,2,2020-02-04
Metropolitana de Santiago,13,Providencia,13123,7,2020-02-05
Metropolitana de Santiago,13,Providencia,13123,6,2020-02-06
Metropolitana de Santiago,13,Providencia,13123,7,2020-02-07
Metropolitana de Santiago,13,Providencia,13123,6,2020-02-08
Metropolitana de Santiago,13,Providencia,13123,7,2020-02-09
Metropolitana de Santiago,13,Providencia,13123,4,2020-02-10
Metropolitana de Santiago,13,Providencia,13123,8,2020-02-11
Metropolitana de Santiago,13,Providencia,13123,6,2020-02-12
Metropolitana de Santiago,13,Providencia,13123,6,2020-02-13
Metropolitana de Santiago,13,Providencia,13123,4,2020-02-14
Metropolitana de Santiago,13,Providencia,13123,8,2020-02-15
Metropolitana de Santiago,13,Providencia,13123,3,2020-02-16
Metropolitana de Santiago,13,Providencia,13123,6,2020-02-17
Metropolitana de Santiago,13,Providencia,13123,5,2020-02-18
Metropolitana de Santiago,13,Providencia,13123,3,2020-02-19
Metropolitana de Santiago,13,Providencia,13123,8,2020-02-20
Metropolitana de Santiago,13,Providencia,13123,7,2020-02-21
Metropolitana de Santiago,13,Providencia,13123,1,2020-02-22
Metropolitana de Santiago,13,Providencia,13123,4,2020-02-23
Metropolitana de Santiago,13,Providencia,13123,6,2020-02-24
Metropolitana de Santiago,13,Providencia,13123,3,2020-02-25
Metropolitana de Santiago,13,Providencia,13123,7,2020-02-26
Metropolitana de Santiago,13,Providencia,13123,4,2020-02-27
Metropolitana de Santiago,13,Providencia,13123,9,2020-02-28
Metropolitana de Santiago,13,Providencia,13123,6,2020-02-29
Metropolitana de Santiago,13,Providencia,13123,7,2020-03-01
Metropolitana de Santiago,13,Providencia,13123,5,2020-03-02
Metropolitana de Santiago,13,Providencia,13123,2,2020-03-03
Metropolitana de Santiago,13,Providencia,13123,6,2020-03-04
Metropolitana de Santiago,13,Providencia,13123,6,2020-03-05
Metropolitana de Santiago,13,Providencia,13123,8,2020-03-06
Metropolitana de Santiago,13,Providencia,13123,8,2020-03-07
Metropolitana de Santiago,13,Providencia,13123,2,2020-03-08
Metropolitana de Santiago,13,Providencia,13123,11,2020-03-09
Metropolitana de Santiago,13,Providencia,13123,8,2020-03-10
Metropolitana de Santiago,13,Providencia,13123,6,2020-03-11
Metropolitana de Santiago,13,Providencia,13123,6,2020-03-12
Metropolitana de Santiago,13,Providencia,13123,5,2020-03-13
Metropolitana de Santiago,13,Providencia,13123,3,2020-03-14
Metropolitana de Santiago,13,Providencia,13123,9,2020-03-15
Metropolitana de Santiago,13,Providencia,13123,7,2020-03-16
Metropolitana de Santiago,13,Providencia,13123,8,2020-03-17
Metropolitana de Santiago,13,Providencia,13123,4,2020-03-18
Metropolitana de Santiago,13,Providencia,13123,1,2020-03-19
Metropolitana de Santiago,13,Providencia,13123,5,2020-03-20
Metropolitana de Santiago,13,Providencia,13123,6,2020-03-21
Metropolitana de Santiago,13,Providencia,13123,5,2020-03-22
Metropolitana de Santiago,13,Providencia,13123,3,2020-03-23
Metropolitana de Santiago,13,Providencia,13123,3,2020-03-24
Metropolitana de Santiago,13,Providencia,13123,5,2020-03-25
Metropolitana de Santiago,13,Providencia,13123,8,2020-03-26
Metropolitana de Santiago,13,Providencia,13123,4,2020-03-27
Metropolitana de Santiago,13,Providencia,13123,3,2020-03-28
Metropolitana de Santiago,13,Providencia,13123,1,2020-03-29
Metropolitana de Santiago,13,Providencia,13123,6,2020-03-30
Metropolitana de Santiago,13,Providencia,13123,6,2020-03-31
Metropolitana de Santiago,13,Providencia,13123,5,2020-04-01
Metropolitana de Santiago,13,Providencia,13123,6,2020-04-02
Metropolitana de Santiago,13,Providencia,13123,2,2020-04-03
Metropolitana de Santiago,13,Providencia,13123,4,2020-04-04
Metropolitana de Santiago,13,Providencia,13123,7,2020-04-05
Metropolitana de Santiago,13,Providencia,13123,4,2020-04-06
Metropolitana de Santiago,13,Providencia,13123,5,2020-04-07
Metropolitana de Santiago,13,Providencia,13123,2,2020-04-08
Metropolitana de Santiago,13,Providencia,13123,4,2020-04-09
Metropolitana de Santiago,13,Providencia,13123,4,2020-04-10
Metropolitana de Santiago,13,Providencia,13123,2,2020-04-11
Metropolitana de Santiago,13,Providencia,13123,4,2020-04-12
Metropolitana de Santiago,13,Providencia,13123,9,2020-04-13
Metropolitana de Santiago,13,Providencia,13123,9,2020-04-14
Metropolitana de Santiago,13,Providencia,13123,6,2020-04-15
Metropolitana de Santiago,13,Providencia,13123,7,2020-04-16
Metropolitana de Santiago,13,Providencia,13123,7,2020-04-17
Metropolitana de Santiago,13,Providencia,13123,13,2020-04-18
Metropolitana de Santiago,13,Providencia,13123,8,2020-04-19
Metropolitana de Santiago,13,Providencia,13123,9,2020-04-20
Metropolitana de Santiago,13,Providencia,13123,11,2020-04-21
Metropolitana de Santiago,13,Providencia,13123,5,2020-04-22
Metropolitana de Santiago,13,Providencia,13123,7,2020-04-23
Metropolitana de Santiago,13,Providencia,13123,4,2020-04-24
Metropolitana de Santiago,13,Providencia,13123,4,2020-04-25
Metropolitana de Santiago,13,Providencia,13123,5,2020-04-26
Metropolitana de Santiago,13,Providencia,13123,6,2020-04-27
Metropolitana de Santiago,13,Providencia,13123,7,2020-04-28
Metropolitana de Santiago,13,Providencia,13123,4,2020-04-29
Metropolitana de Santiago,13,Providencia,13123,4,2020-04-30
Metropolitana de Santiago,13,Providencia,13123,10,2020-05-02
Metropolitana de Santiago,13,Providencia,13123,3,2020-05-03
Metropolitana de Santiago,13,Providencia,13123,11,2020-05-04
Metropolitana de Santiago,13,Providencia,13123,6,2020-05-05
Metropolitana de Santiago,13,Providencia,13123,10,2020-05-06
Metropolitana de Santiago,13,Providencia,13123,11,2020-05-07
Metropolitana de Santiago,13,Providencia,13123,4,2020-05-08
Metropolitana de Santiago,13,Providencia,13123,7,2020-05-09
Metropolitana de Santiago,13,Providencia,13123,8,2020-05-10
Metropolitana de Santiago,13,Providencia,13123,7,2020-05-11
Metropolitana de Santiago,13,Providencia,13123,5,2020-05-12
Metropolitana de Santiago,13,Providencia,13123,9,2020-05-13
Metropolitana de Santiago,13,Providencia,13123,7,2020-05-14
Metropolitana de Santiago,13,Providencia,13123,13,2020-05-15
Metropolitana de Santiago,13,Providencia,13123,2,2020-05-16
Metropolitana de Santiago,13,Providencia,13123,10,2020-05-17
Metropolitana de Santiago,13,Providencia,13123,8,2020-05-18
Metropolitana de Santiago,13,Providencia,13123,9,2020-05-19
Metropolitana de Santiago,13,Providencia,13123,20,2020-05-20
Metropolitana de Santiago,13,Providencia,13123,15,2020-05-21
Metropolitana de Santiago,13,Providencia,13123,13,2020-05-22
Metropolitana de Santiago,13,Providencia,13123,9,2020-05-23
Metropolitana de Santiago,13,Providencia,13123,8,2020-05-24
Metropolitana de Santiago,13,Providencia,13123,26,2020-05-25
Metropolitana de Santiago,13,Providencia,13123,18,2020-05-26
Metropolitana de Santiago,13,Providencia,13123,23,2020-05-27
Metropolitana de Santiago,13,Providencia,13123,19,2020-05-28
Metropolitana de Santiago,13,Providencia,13123,19,2020-05-29
Metropolitana de Santiago,13,Providencia,13123,14,2020-05-30
Metropolitana de Santiago,13,Providencia,13123,18,2020-05-31
Metropolitana de Santiago,13,Providencia,13123,25,2020-06-01
Metropolitana de Santiago,13,Providencia,13123,28,2020-06-02
Metropolitana de Santiago,13,Providencia,13123,18,2020-06-03
Metropolitana de Santiago,13,Providencia,13123,28,2020-06-04
Metropolitana de Santiago,13,Providencia,13123,17,2020-06-05
Metropolitana de Santiago,13,Providencia,13123,17,2020-06-06
Metropolitana de Santiago,13,Providencia,13123,16,2020-06-07
Metropolitana de Santiago,13,Providencia,13123,19,2020-06-08
Metropolitana de Santiago,13,Providencia,13123,26,2020-06-09
Metropolitana de Santiago,13,Providencia,13123,23,2020-06-10
Metropolitana de Santiago,13,Providencia,13123,19,2020-06-11
Metropolitana de Santiago,13,Providencia,13123,30,2020-06-12
Metropolitana de Santiago,13,Providencia,13123,27,2020-06-13
Metropolitana de Santiago,13,Providencia,13123,19,2020-06-14
Metropolitana de Santiago,13,Providencia,13123,22,2020-06-15
Metropolitana de Santiago,13,Providencia,13123,25,2020-06-16
Metropolitana de Santiago,13,Providencia,13123,19,2020-06-17
Metropolitana de Santiago,13,Providencia,13123,18,2020-06-18
Metropolitana de Santiago,13,Providencia,13123,19,2020-06-19
Metropolitana de Santiago,13,Providencia,13123,21,2020-06-20
Metropolitana de Santiago,13,Providencia,13123,14,2020-06-21
Metropolitana de Santiago,13,Providencia,13123,16,2020-06-22
Metropolitana de Santiago,13,Providencia,13123,11,2020-06-23
Metropolitana de Santiago,13,Providencia,13123,17,2020-06-24
Metropolitana de Santiago,13,Providencia,13123,20,2020-06-25
Metropolitana de Santiago,13,Providencia,13123,25,2020-06-26
Metropolitana de Santiago,13,Providencia,13123,11,2020-06-27
Metropolitana de Santiago,13,Providencia,13123,21,2020-06-28
Metropolitana de Santiago,13,Providencia,13123,11,2020-06-29
Metropolitana de Santiago,13,Providencia,13123,22,2020-06-30
Metropolitana de Santiago,13,Providencia,13123,11,2020-07-01
Metropolitana de Santiago,13,Providencia,13123,18,2020-07-02
Metropolitana de Santiago,13,Providencia,13123,8,2020-07-03
Metropolitana de Santiago,13,Providencia,13123,18,2020-07-04
Metropolitana de Santiago,13,Providencia,13123,12,2020-07-05
Metropolitana de Santiago,13,Providencia,13123,14,2020-07-06
Metropolitana de Santiago,13,Providencia,13123,14,2020-07-07
Metropolitana de Santiago,13,Providencia,13123,13,2020-07-08
Metropolitana de Santiago,13,Providencia,13123,16,2020-07-09
Metropolitana de Santiago,13,Providencia,13123,18,2020-07-10
Metropolitana de Santiago,13,Providencia,13123,9,2020-07-11
Metropolitana de Santiago,13,Providencia,13123,15,2020-07-12
Metropolitana de Santiago,13,Providencia,13123,14,2020-07-13
Metropolitana de Santiago,13,Providencia,13123,10,2020-07-14
Metropolitana de Santiago,13,Providencia,13123,23,2020-07-15
Metropolitana de Santiago,13,Providencia,13123,10,2020-07-16
Metropolitana de Santiago,13,Providencia,13123,6,2020-07-17
Metropolitana de Santiago,13,Providencia,13123,12,2020-07-18
Metropolitana de Santiago,13,Providencia,13123,14,2020-07-19
Metropolitana de Santiago,13,Providencia,13123,13,2020-07-20
Metropolitana de Santiago,13,Providencia,13123,21,2020-07-21
Metropolitana de Santiago,13,Providencia,13123,15,2020-07-22
Metropolitana de Santiago,13,Providencia,13123,15,2020-07-23
Metropolitana de Santiago,13,Providencia,13123,15,2020-07-24
Metropolitana de Santiago,13,Providencia,13123,9,2020-07-25
Metropolitana de Santiago,13,Providencia,13123,14,2020-07-26
Metropolitana de Santiago,13,Providencia,13123,15,2020-07-27
Metropolitana de Santiago,13,Providencia,13123,15,2020-07-28
Metropolitana de Santiago,13,Providencia,13123,8,2020-07-29
Metropolitana de Santiago,13,Providencia,13123,10,2020-07-30
Metropolitana de Santiago,13,Providencia,13123,13,2020-07-31
Metropolitana de Santiago,13,Providencia,13123,6,2020-08-01
Metropolitana de Santiago,13,Providencia,13123,10,2020-08-02
Metropolitana de Santiago,13,Providencia,13123,6,2020-08-03
Metropolitana de Santiago,13,Providencia,13123,11,2020-08-04
Metropolitana de Santiago,13,Providencia,13123,8,2020-08-05
Metropolitana de Santiago,13,Providencia,13123,11,2020-08-06
Metropolitana de Santiago,13,Providencia,13123,6,2020-08-07
Metropolitana de Santiago,13,Providencia,13123,14,2020-08-08
Metropolitana de Santiago,13,Providencia,13123,5,2020-08-09
Metropolitana de Santiago,13,Providencia,13123,7,2020-08-10
Metropolitana de Santiago,13,Providencia,13123,6,2020-08-11
Metropolitana de Santiago,13,Providencia,13123,12,2020-08-12
Metropolitana de Santiago,13,Providencia,13123,10,2020-08-13
Metropolitana de Santiago,13,Providencia,13123,11,2020-08-14
Metropolitana de Santiago,13,Providencia,13123,6,2020-08-15
Metropolitana de Santiago,13,Providencia,13123,7,2020-08-16
Metropolitana de Santiago,13,Providencia,13123,8,2020-08-17
Metropolitana de Santiago,13,Providencia,13123,8,2020-08-18
Metropolitana de Santiago,13,Providencia,13123,8,2020-08-19
Metropolitana de Santiago,13,Providencia,13123,10,2020-08-20
Metropolitana de Santiago,13,Providencia,13123,4,2020-08-21
Metropolitana de Santiago,13,Providencia,13123,8,2020-08-22
Metropolitana de Santiago,13,Providencia,13123,9,2020-08-23
Metropolitana de Santiago,13,Providencia,13123,13,2020-08-24
Metropolitana de Santiago,13,Providencia,13123,9,2020-08-25
Metropolitana de Santiago,13,Providencia,13123,9,2020-08-26
Metropolitana de Santiago,13,Providencia,13123,15,2020-08-27
Metropolitana de Santiago,13,Providencia,13123,8,2020-08-28
Metropolitana de Santiago,13,Providencia,13123,9,2020-08-29
Metropolitana de Santiago,13,Providencia,13123,14,2020-08-30
Metropolitana de Santiago,13,Providencia,13123,9,2020-08-31
Metropolitana de Santiago,13,Providencia,13123,8,2020-09-01
Metropolitana de Santiago,13,Providencia,13123,10,2020-09-02
Metropolitana de Santiago,13,Providencia,13123,15,2020-09-03
Metropolitana de Santiago,13,Providencia,13123,11,2020-09-04
Metropolitana de Santiago,13,Providencia,13123,5,2020-09-05
Metropolitana de Santiago,13,Providencia,13123,3,2020-09-06
Metropolitana de Santiago,13,Providencia,13123,9,2020-09-07
Metropolitana de Santiago,13,Providencia,13123,9,2020-09-08
Metropolitana de Santiago,13,Providencia,13123,7,2020-09-09
Metropolitana de Santiago,13,Providencia,13123,7,2020-09-10
Metropolitana de Santiago,13,Providencia,13123,9,2020-09-11
Metropolitana de Santiago,13,Providencia,13123,9,2020-09-12
Metropolitana de Santiago,13,Providencia,13123,3,2020-09-13
Metropolitana de Santiago,13,Providencia,13123,7,2020-09-14
Metropolitana de Santiago,13,Providencia,13123,5,2020-09-15
Metropolitana de Santiago,13,Providencia,13123,8,2020-09-16
Metropolitana de Santiago,13,Providencia,13123,3,2020-09-17
Metropolitana de Santiago,13,Providencia,13123,8,2020-09-18
Metropolitana de Santiago,13,Providencia,13123,8,2020-09-19
Metropolitana de Santiago,13,Providencia,13123,6,2020-09-20
Metropolitana de Santiago,13,Providencia,13123,9,2020-09-21
Metropolitana de Santiago,13,Providencia,13123,4,2020-09-22
Metropolitana de Santiago,13,Providencia,13123,9,2020-09-23
Metropolitana de Santiago,13,Providencia,13123,5,2020-09-24
Metropolitana de Santiago,13,Providencia,13123,11,2020-09-25
Metropolitana de Santiago,13,Providencia,13123,5,2020-09-26
Metropolitana de Santiago,13,Providencia,13123,7,2020-09-27
Metropolitana de Santiago,13,Providencia,13123,8,2020-09-28
Metropolitana de Santiago,13,Providencia,13123,7,2020-09-29
Metropolitana de Santiago,13,Providencia,13123,9,2020-09-30
Metropolitana de Santiago,13,Providencia,13123,5,2020-10-01
Metropolitana de Santiago,13,Providencia,13123,5,2020-10-02
Metropolitana de Santiago,13,Providencia,13123,7,2020-10-03
Metropolitana de Santiago,13,Providencia,13123,4,2020-10-04
Metropolitana de Santiago,13,Providencia,13123,9,2020-10-05
Metropolitana de Santiago,13,Providencia,13123,7,2020-10-06
Metropolitana de Santiago,13,Providencia,13123,10,2020-10-07
Metropolitana de Santiago,13,Providencia,13123,8,2020-10-08
Metropolitana de Santiago,13,Providencia,13123,7,2020-10-09
Metropolitana de Santiago,13,Providencia,13123,9,2020-10-10
Metropolitana de Santiago,13,Providencia,13123,7,2020-10-11
Metropolitana de Santiago,13,Providencia,13123,9,2020-10-12
Metropolitana de Santiago,13,Providencia,13123,6,2020-10-13
Metropolitana de Santiago,13,Providencia,13123,10,2020-10-14
Metropolitana de Santiago,13,Providencia,13123,6,2020-10-15
Metropolitana de Santiago,13,Providencia,13123,7,2020-10-16
Metropolitana de Santiago,13,Providencia,13123,11,2020-10-17
Metropolitana de Santiago,13,Providencia,13123,6,2020-10-18
Metropolitana de Santiago,13,Providencia,13123,6,2020-10-19
Metropolitana de Santiago,13,Providencia,13123,10,2020-10-20
Metropolitana de Santiago,13,Providencia,13123,10,2020-10-21
Metropolitana de Santiago,13,Providencia,13123,7,2020-10-22
Metropolitana de Santiago,13,Providencia,13123,6,2020-10-23
Metropolitana de Santiago,13,Providencia,13123,11,2020-10-24
Metropolitana de Santiago,13,Providencia,13123,6,2020-10-25
Metropolitana de Santiago,13,Providencia,13123,13,2020-10-26
Metropolitana de Santiago,13,Providencia,13123,4,2020-10-27
Metropolitana de Santiago,13,Providencia,13123,8,2020-10-28
Metropolitana de Santiago,13,Providencia,13123,9,2020-10-29
Metropolitana de Santiago,13,Providencia,13123,9,2020-10-30
Metropolitana de Santiago,13,Providencia,13123,8,2020-10-31
Metropolitana de Santiago,13,Providencia,13123,12,2020-11-01
Metropolitana de Santiago,13,Providencia,13123,14,2020-11-02
Metropolitana de Santiago,13,Providencia,13123,5,2020-11-03
Metropolitana de Santiago,13,Providencia,13123,9,2020-11-04
Metropolitana de Santiago,13,Providencia,13123,7,2020-11-05
Metropolitana de Santiago,13,Providencia,13123,6,2020-11-06
Metropolitana de Santiago,13,Providencia,13123,5,2020-11-07
Metropolitana de Santiago,13,Providencia,13123,8,2020-11-08
Metropolitana de Santiago,13,Providencia,13123,8,2020-11-09
Metropolitana de Santiago,13,Providencia,13123,1,2020-11-10
Metropolitana de Santiago,13,Providencia,13123,7,2020-11-11
Metropolitana de Santiago,13,Providencia,13123,14,2020-11-12
Metropolitana de Santiago,13,Providencia,13123,5,2020-11-13
Metropolitana de Santiago,13,Providencia,13123,2,2020-11-14
Metropolitana de Santiago,13,Providencia,13123,8,2020-11-15
Metropolitana de Santiago,13,Providencia,13123,10,2020-11-16
Metropolitana de Santiago,13,Providencia,13123,8,2020-11-17
Metropolitana de Santiago,13,Providencia,13123,7,2020-11-18
Metropolitana de Santiago,13,Providencia,13123,6,2020-11-19
Metropolitana de Santiago,13,Providencia,13123,8,2020-11-20
Metropolitana de Santiago,13,Providencia,13123,7,2020-11-21
Metropolitana de Santiago,13,Providencia,13123,10,2020-11-22
Metropolitana de Santiago,13,Providencia,13123,7,2020-11-23
Metropolitana de Santiago,13,Providencia,13123,10,2020-11-24
Metropolitana de Santiago,13,Providencia,13123,8,2020-11-25
Metropolitana de Santiago,13,Providencia,13123,12,2020-11-26
Metropolitana de Santiago,13,Providencia,13123,7,2020-11-27
Metropolitana de Santiago,13,Providencia,13123,7,2020-11-28
Metropolitana de Santiago,13,Providencia,13123,5,2020-11-29
Metropolitana de Santiago,13,Providencia,13123,10,2020-11-30
Metropolitana de Santiago,13,Providencia,13123,5,2020-12-01
Metropolitana de Santiago,13,Providencia,13123,5,2020-12-02
Metropolitana de Santiago,13,Providencia,13123,6,2020-12-03
Metropolitana de Santiago,13,Providencia,13123,10,2020-12-04
Metropolitana de Santiago,13,Providencia,13123,9,2020-12-05
Metropolitana de Santiago,13,Providencia,13123,5,2020-12-06
Metropolitana de Santiago,13,Providencia,13123,13,2020-12-07
Metropolitana de Santiago,13,Providencia,13123,6,2020-12-08
Metropolitana de Santiago,13,Providencia,13123,3,2020-12-09
Metropolitana de Santiago,13,Providencia,13123,9,2020-12-10
Metropolitana de Santiago,13,Providencia,13123,4,2020-12-11
Metropolitana de Santiago,13,Providencia,13123,7,2020-12-12
Metropolitana de Santiago,13,Providencia,13123,7,2020-12-13
Metropolitana de Santiago,13,Providencia,13123,6,2020-12-14
Metropolitana de Santiago,13,Providencia,13123,12,2020-12-15
Metropolitana de Santiago,13,Providencia,13123,7,2020-12-16
Metropolitana de Santiago,13,Providencia,13123,4,2020-12-17
Metropolitana de Santiago,13,Providencia,13123,8,2020-12-18
Metropolitana de Santiago,13,Providencia,13123,6,2020-12-19
Metropolitana de Santiago,13,Providencia,13123,3,2020-12-20
Metropolitana de Santiago,13,Providencia,13123,6,2020-12-21
Metropolitana de Santiago,13,Providencia,13123,3,2020-12-22
Metropolitana de Santiago,13,Providencia,13123,6,2020-12-23
Metropolitana de Santiago,13,Providencia,13123,11,2020-12-24
Metropolitana de Santiago,13,Providencia,13123,19,2020-12-26
Metropolitana de Santiago,13,Providencia,13123,7,2020-12-27
Metropolitana de Santiago,13,Providencia,13123,5,2020-12-28
Metropolitana de Santiago,13,Providencia,13123,6,2020-12-29
Metropolitana de Santiago,13,Providencia,13123,11,2020-12-30
Metropolitana de Santiago,13,Providencia,13123,10,2020-12-31
Metropolitana de Santiago,13,Providencia,13123,15,2021-01-02
Metropolitana de Santiago,13,Providencia,13123,8,2021-01-03
Metropolitana de Santiago,13,Providencia,13123,9,2021-01-04
Metropolitana de Santiago,13,Providencia,13123,9,2021-01-05
Metropolitana de Santiago,13,Providencia,13123,12,2021-01-06
Metropolitana de Santiago,13,Providencia,13123,7,2021-01-07
Metropolitana de Santiago,13,Providencia,13123,8,2021-01-08
Metropolitana de Santiago,13,Providencia,13123,7,2021-01-09
Metropolitana de Santiago,13,Providencia,13123,8,2021-01-10
Metropolitana de Santiago,13,Providencia,13123,6,2021-01-11
Metropolitana de Santiago,13,Providencia,13123,3,2021-01-12
Metropolitana de Santiago,13,Providencia,13123,6,2021-01-13
Metropolitana de Santiago,13,Providencia,13123,7,2021-01-14
Metropolitana de Santiago,13,Pudahuel,13124,2,2020-01-02
Metropolitana de Santiago,13,Pudahuel,13124,5,2020-01-04
Metropolitana de Santiago,13,Pudahuel,13124,1,2020-01-06
Metropolitana de Santiago,13,Pudahuel,13124,1,2020-01-07
Metropolitana de Santiago,13,Pudahuel,13124,3,2020-01-08
Metropolitana de Santiago,13,Pudahuel,13124,1,2020-01-10
Metropolitana de Santiago,13,Pudahuel,13124,1,2020-01-11
Metropolitana de Santiago,13,Pudahuel,13124,2,2020-01-12
Metropolitana de Santiago,13,Pudahuel,13124,1,2020-01-13
Metropolitana de Santiago,13,Pudahuel,13124,4,2020-01-14
Metropolitana de Santiago,13,Pudahuel,13124,2,2020-01-15
Metropolitana de Santiago,13,Pudahuel,13124,1,2020-01-18
Metropolitana de Santiago,13,Pudahuel,13124,2,2020-01-19
Metropolitana de Santiago,13,Pudahuel,13124,2,2020-01-20
Metropolitana de Santiago,13,Pudahuel,13124,1,2020-01-22
Metropolitana de Santiago,13,Pudahuel,13124,4,2020-01-23
Metropolitana de Santiago,13,Pudahuel,13124,1,2020-01-24
Metropolitana de Santiago,13,Pudahuel,13124,2,2020-01-25
Metropolitana de Santiago,13,Pudahuel,13124,1,2020-01-27
Metropolitana de Santiago,13,Pudahuel,13124,1,2020-01-28
Metropolitana de Santiago,13,Pudahuel,13124,1,2020-01-29
Metropolitana de Santiago,13,Pudahuel,13124,1,2020-01-30
Metropolitana de Santiago,13,Pudahuel,13124,1,2020-01-31
Metropolitana de Santiago,13,Pudahuel,13124,2,2020-02-01
Metropolitana de Santiago,13,Pudahuel,13124,1,2020-02-03
Metropolitana de Santiago,13,Pudahuel,13124,2,2020-02-05
Metropolitana de Santiago,13,Pudahuel,13124,1,2020-02-06
Metropolitana de Santiago,13,Pudahuel,13124,5,2020-02-08
Metropolitana de Santiago,13,Pudahuel,13124,1,2020-02-09
Metropolitana de Santiago,13,Pudahuel,13124,2,2020-02-10
Metropolitana de Santiago,13,Pudahuel,13124,2,2020-02-11
Metropolitana de Santiago,13,Pudahuel,13124,2,2020-02-12
Metropolitana de Santiago,13,Pudahuel,13124,1,2020-02-13
Metropolitana de Santiago,13,Pudahuel,13124,1,2020-02-14
Metropolitana de Santiago,13,Pudahuel,13124,1,2020-02-15
Metropolitana de Santiago,13,Pudahuel,13124,2,2020-02-16
Metropolitana de Santiago,13,Pudahuel,13124,1,2020-02-17
Metropolitana de Santiago,13,Pudahuel,13124,2,2020-02-19
Metropolitana de Santiago,13,Pudahuel,13124,2,2020-02-21
Metropolitana de Santiago,13,Pudahuel,13124,1,2020-02-24
Metropolitana de Santiago,13,Pudahuel,13124,3,2020-02-25
Metropolitana de Santiago,13,Pudahuel,13124,4,2020-02-27
Metropolitana de Santiago,13,Pudahuel,13124,2,2020-02-28
Metropolitana de Santiago,13,Pudahuel,13124,4,2020-02-29
Metropolitana de Santiago,13,Pudahuel,13124,1,2020-03-01
Metropolitana de Santiago,13,Pudahuel,13124,1,2020-03-02
Metropolitana de Santiago,13,Pudahuel,13124,1,2020-03-03
Metropolitana de Santiago,13,Pudahuel,13124,1,2020-03-04
Metropolitana de Santiago,13,Pudahuel,13124,3,2020-03-05
Metropolitana de Santiago,13,Pudahuel,13124,3,2020-03-06
Metropolitana de Santiago,13,Pudahuel,13124,4,2020-03-07
Metropolitana de Santiago,13,Pudahuel,13124,1,2020-03-08
Metropolitana de Santiago,13,Pudahuel,13124,3,2020-03-09
Metropolitana de Santiago,13,Pudahuel,13124,2,2020-03-10
Metropolitana de Santiago,13,Pudahuel,13124,1,2020-03-11
Metropolitana de Santiago,13,Pudahuel,13124,1,2020-03-15
Metropolitana de Santiago,13,Pudahuel,13124,1,2020-03-16
Metropolitana de Santiago,13,Pudahuel,13124,3,2020-03-17
Metropolitana de Santiago,13,Pudahuel,13124,1,2020-03-18
Metropolitana de Santiago,13,Pudahuel,13124,1,2020-03-20
Metropolitana de Santiago,13,Pudahuel,13124,3,2020-03-21
Metropolitana de Santiago,13,Pudahuel,13124,1,2020-03-22
Metropolitana de Santiago,13,Pudahuel,13124,6,2020-03-24
Metropolitana de Santiago,13,Pudahuel,13124,1,2020-03-25
Metropolitana de Santiago,13,Pudahuel,13124,2,2020-03-26
Metropolitana de Santiago,13,Pudahuel,13124,1,2020-03-27
Metropolitana de Santiago,13,Pudahuel,13124,1,2020-03-29
Metropolitana de Santiago,13,Pudahuel,13124,1,2020-03-31
Metropolitana de Santiago,13,Pudahuel,13124,3,2020-04-01
Metropolitana de Santiago,13,Pudahuel,13124,3,2020-04-02
Metropolitana de Santiago,13,Pudahuel,13124,1,2020-04-05
Metropolitana de Santiago,13,Pudahuel,13124,4,2020-04-06
Metropolitana de Santiago,13,Pudahuel,13124,5,2020-04-07
Metropolitana de Santiago,13,Pudahuel,13124,2,2020-04-09
Metropolitana de Santiago,13,Pudahuel,13124,3,2020-04-10
Metropolitana de Santiago,13,Pudahuel,13124,6,2020-04-11
Metropolitana de Santiago,13,Pudahuel,13124,1,2020-04-12
Metropolitana de Santiago,13,Pudahuel,13124,4,2020-04-13
Metropolitana de Santiago,13,Pudahuel,13124,1,2020-04-14
Metropolitana de Santiago,13,Pudahuel,13124,2,2020-04-16
Metropolitana de Santiago,13,Pudahuel,13124,1,2020-04-17
Metropolitana de Santiago,13,Pudahuel,13124,1,2020-04-18
Metropolitana de Santiago,13,Pudahuel,13124,2,2020-04-20
Metropolitana de Santiago,13,Pudahuel,13124,1,2020-04-23
Metropolitana de Santiago,13,Pudahuel,13124,1,2020-04-24
Metropolitana de Santiago,13,Pudahuel,13124,2,2020-04-25
Metropolitana de Santiago,13,Pudahuel,13124,3,2020-04-26
Metropolitana de Santiago,13,Pudahuel,13124,1,2020-04-27
Metropolitana de Santiago,13,Pudahuel,13124,3,2020-04-28
Metropolitana de Santiago,13,Pudahuel,13124,2,2020-04-30
Metropolitana de Santiago,13,Pudahuel,13124,4,2020-05-02
Metropolitana de Santiago,13,Pudahuel,13124,4,2020-05-03
Metropolitana de Santiago,13,Pudahuel,13124,1,2020-05-04
Metropolitana de Santiago,13,Pudahuel,13124,2,2020-05-05
Metropolitana de Santiago,13,Pudahuel,13124,2,2020-05-06
Metropolitana de Santiago,13,Pudahuel,13124,3,2020-05-07
Metropolitana de Santiago,13,Pudahuel,13124,3,2020-05-08
Metropolitana de Santiago,13,Pudahuel,13124,1,2020-05-09
Metropolitana de Santiago,13,Pudahuel,13124,1,2020-05-10
Metropolitana de Santiago,13,Pudahuel,13124,2,2020-05-11
Metropolitana de Santiago,13,Pudahuel,13124,2,2020-05-12
Metropolitana de Santiago,13,Pudahuel,13124,1,2020-05-13
Metropolitana de Santiago,13,Pudahuel,13124,1,2020-05-14
Metropolitana de Santiago,13,Pudahuel,13124,3,2020-05-15
Metropolitana de Santiago,13,Pudahuel,13124,1,2020-05-16
Metropolitana de Santiago,13,Pudahuel,13124,3,2020-05-17
Metropolitana de Santiago,13,Pudahuel,13124,5,2020-05-18
Metropolitana de Santiago,13,Pudahuel,13124,3,2020-05-19
Metropolitana de Santiago,13,Pudahuel,13124,1,2020-05-20
Metropolitana de Santiago,13,Pudahuel,13124,2,2020-05-21
Metropolitana de Santiago,13,Pudahuel,13124,1,2020-05-22
Metropolitana de Santiago,13,Pudahuel,13124,1,2020-05-24
Metropolitana de Santiago,13,Pudahuel,13124,9,2020-05-25
Metropolitana de Santiago,13,Pudahuel,13124,2,2020-05-26
Metropolitana de Santiago,13,Pudahuel,13124,1,2020-05-27
Metropolitana de Santiago,13,Pudahuel,13124,2,2020-05-28
Metropolitana de Santiago,13,Pudahuel,13124,1,2020-05-29
Metropolitana de Santiago,13,Pudahuel,13124,3,2020-05-30
Metropolitana de Santiago,13,Pudahuel,13124,2,2020-05-31
Metropolitana de Santiago,13,Pudahuel,13124,4,2020-06-01
Metropolitana de Santiago,13,Pudahuel,13124,2,2020-06-02
Metropolitana de Santiago,13,Pudahuel,13124,5,2020-06-03
Metropolitana de Santiago,13,Pudahuel,13124,3,2020-06-04
Metropolitana de Santiago,13,Pudahuel,13124,3,2020-06-05
Metropolitana de Santiago,13,Pudahuel,13124,3,2020-06-06
Metropolitana de Santiago,13,Pudahuel,13124,4,2020-06-07
Metropolitana de Santiago,13,Pudahuel,13124,2,2020-06-08
Metropolitana de Santiago,13,Pudahuel,13124,2,2020-06-09
Metropolitana de Santiago,13,Pudahuel,13124,7,2020-06-10
Metropolitana de Santiago,13,Pudahuel,13124,5,2020-06-11
Metropolitana de Santiago,13,Pudahuel,13124,5,2020-06-12
Metropolitana de Santiago,13,Pudahuel,13124,6,2020-06-13
Metropolitana de Santiago,13,Pudahuel,13124,3,2020-06-14
Metropolitana de Santiago,13,Pudahuel,13124,2,2020-06-15
Metropolitana de Santiago,13,Pudahuel,13124,6,2020-06-16
Metropolitana de Santiago,13,Pudahuel,13124,2,2020-06-17
Metropolitana de Santiago,13,Pudahuel,13124,3,2020-06-18
Metropolitana de Santiago,13,Pudahuel,13124,6,2020-06-19
Metropolitana de Santiago,13,Pudahuel,13124,1,2020-06-20
Metropolitana de Santiago,13,Pudahuel,13124,4,2020-06-22
Metropolitana de Santiago,13,Pudahuel,13124,2,2020-06-23
Metropolitana de Santiago,13,Pudahuel,13124,3,2020-06-24
Metropolitana de Santiago,13,Pudahuel,13124,1,2020-06-25
Metropolitana de Santiago,13,Pudahuel,13124,6,2020-06-26
Metropolitana de Santiago,13,Pudahuel,13124,1,2020-06-27
Metropolitana de Santiago,13,Pudahuel,13124,4,2020-06-28
Metropolitana de Santiago,13,Pudahuel,13124,3,2020-06-29
Metropolitana de Santiago,13,Pudahuel,13124,1,2020-06-30
Metropolitana de Santiago,13,Pudahuel,13124,4,2020-07-01
Metropolitana de Santiago,13,Pudahuel,13124,2,2020-07-02
Metropolitana de Santiago,13,Pudahuel,13124,3,2020-07-03
Metropolitana de Santiago,13,Pudahuel,13124,1,2020-07-04
Metropolitana de Santiago,13,Pudahuel,13124,1,2020-07-05
Metropolitana de Santiago,13,Pudahuel,13124,1,2020-07-06
Metropolitana de Santiago,13,Pudahuel,13124,1,2020-07-07
Metropolitana de Santiago,13,Pudahuel,13124,4,2020-07-08
Metropolitana de Santiago,13,Pudahuel,13124,3,2020-07-09
Metropolitana de Santiago,13,Pudahuel,13124,3,2020-07-10
Metropolitana de Santiago,13,Pudahuel,13124,2,2020-07-11
Metropolitana de Santiago,13,Pudahuel,13124,3,2020-07-12
Metropolitana de Santiago,13,Pudahuel,13124,4,2020-07-13
Metropolitana de Santiago,13,Pudahuel,13124,4,2020-07-14
Metropolitana de Santiago,13,Pudahuel,13124,2,2020-07-15
Metropolitana de Santiago,13,Pudahuel,13124,1,2020-07-16
Metropolitana de Santiago,13,Pudahuel,13124,2,2020-07-17
Metropolitana de Santiago,13,Pudahuel,13124,5,2020-07-18
Metropolitana de Santiago,13,Pudahuel,13124,2,2020-07-19
Metropolitana de Santiago,13,Pudahuel,13124,4,2020-07-20
Metropolitana de Santiago,13,Pudahuel,13124,2,2020-07-21
Metropolitana de Santiago,13,Pudahuel,13124,1,2020-07-22
Metropolitana de Santiago,13,Pudahuel,13124,3,2020-07-23
Metropolitana de Santiago,13,Pudahuel,13124,2,2020-07-24
Metropolitana de Santiago,13,Pudahuel,13124,1,2020-07-25
Metropolitana de Santiago,13,Pudahuel,13124,1,2020-07-26
Metropolitana de Santiago,13,Pudahuel,13124,2,2020-07-27
Metropolitana de Santiago,13,Pudahuel,13124,2,2020-07-28
Metropolitana de Santiago,13,Pudahuel,13124,5,2020-07-29
Metropolitana de Santiago,13,Pudahuel,13124,1,2020-07-30
Metropolitana de Santiago,13,Pudahuel,13124,4,2020-07-31
Metropolitana de Santiago,13,Pudahuel,13124,2,2020-08-01
Metropolitana de Santiago,13,Pudahuel,13124,1,2020-08-02
Metropolitana de Santiago,13,Pudahuel,13124,4,2020-08-03
Metropolitana de Santiago,13,Pudahuel,13124,1,2020-08-05
Metropolitana de Santiago,13,Pudahuel,13124,4,2020-08-06
Metropolitana de Santiago,13,Pudahuel,13124,3,2020-08-07
Metropolitana de Santiago,13,Pudahuel,13124,1,2020-08-08
Metropolitana de Santiago,13,Pudahuel,13124,3,2020-08-09
Metropolitana de Santiago,13,Pudahuel,13124,6,2020-08-10
Metropolitana de Santiago,13,Pudahuel,13124,1,2020-08-11
Metropolitana de Santiago,13,Pudahuel,13124,1,2020-08-12
Metropolitana de Santiago,13,Pudahuel,13124,1,2020-08-13
Metropolitana de Santiago,13,Pudahuel,13124,2,2020-08-15
Metropolitana de Santiago,13,Pudahuel,13124,2,2020-08-16
Metropolitana de Santiago,13,Pudahuel,13124,2,2020-08-17
Metropolitana de Santiago,13,Pudahuel,13124,2,2020-08-19
Metropolitana de Santiago,13,Pudahuel,13124,1,2020-08-20
Metropolitana de Santiago,13,Pudahuel,13124,3,2020-08-21
Metropolitana de Santiago,13,Pudahuel,13124,3,2020-08-22
Metropolitana de Santiago,13,Pudahuel,13124,2,2020-08-24
Metropolitana de Santiago,13,Pudahuel,13124,2,2020-08-25
Metropolitana de Santiago,13,Pudahuel,13124,2,2020-08-27
Metropolitana de Santiago,13,Pudahuel,13124,2,2020-08-29
Metropolitana de Santiago,13,Pudahuel,13124,3,2020-08-30
Metropolitana de Santiago,13,Pudahuel,13124,2,2020-08-31
Metropolitana de Santiago,13,Pudahuel,13124,1,2020-09-01
Metropolitana de Santiago,13,Pudahuel,13124,2,2020-09-02
Metropolitana de Santiago,13,Pudahuel,13124,1,2020-09-04
Metropolitana de Santiago,13,Pudahuel,13124,1,2020-09-05
Metropolitana de Santiago,13,Pudahuel,13124,2,2020-09-06
Metropolitana de Santiago,13,Pudahuel,13124,1,2020-09-07
Metropolitana de Santiago,13,Pudahuel,13124,1,2020-09-08
Metropolitana de Santiago,13,Pudahuel,13124,3,2020-09-09
Metropolitana de Santiago,13,Pudahuel,13124,2,2020-09-10
Metropolitana de Santiago,13,Pudahuel,13124,1,2020-09-11
Metropolitana de Santiago,13,Pudahuel,13124,2,2020-09-12
Metropolitana de Santiago,13,Pudahuel,13124,1,2020-09-13
Metropolitana de Santiago,13,Pudahuel,13124,1,2020-09-14
Metropolitana de Santiago,13,Pudahuel,13124,5,2020-09-15
Metropolitana de Santiago,13,Pudahuel,13124,2,2020-09-17
Metropolitana de Santiago,13,Pudahuel,13124,4,2020-09-18
Metropolitana de Santiago,13,Pudahuel,13124,3,2020-09-19
Metropolitana de Santiago,13,Pudahuel,13124,1,2020-09-20
Metropolitana de Santiago,13,Pudahuel,13124,4,2020-09-21
Metropolitana de Santiago,13,Pudahuel,13124,1,2020-09-22
Metropolitana de Santiago,13,Pudahuel,13124,2,2020-09-23
Metropolitana de Santiago,13,Pudahuel,13124,1,2020-09-24
Metropolitana de Santiago,13,Pudahuel,13124,1,2020-09-25
Metropolitana de Santiago,13,Pudahuel,13124,2,2020-09-26
Metropolitana de Santiago,13,Pudahuel,13124,3,2020-09-27
Metropolitana de Santiago,13,Pudahuel,13124,1,2020-09-28
Metropolitana de Santiago,13,Pudahuel,13124,1,2020-09-29
Metropolitana de Santiago,13,Pudahuel,13124,4,2020-09-30
Metropolitana de Santiago,13,Pudahuel,13124,2,2020-10-01
Metropolitana de Santiago,13,Pudahuel,13124,3,2020-10-02
Metropolitana de Santiago,13,Pudahuel,13124,3,2020-10-04
Metropolitana de Santiago,13,Pudahuel,13124,1,2020-10-05
Metropolitana de Santiago,13,Pudahuel,13124,3,2020-10-06
Metropolitana de Santiago,13,Pudahuel,13124,4,2020-10-07
Metropolitana de Santiago,13,Pudahuel,13124,2,2020-10-08
Metropolitana de Santiago,13,Pudahuel,13124,4,2020-10-09
Metropolitana de Santiago,13,Pudahuel,13124,1,2020-10-10
Metropolitana de Santiago,13,Pudahuel,13124,2,2020-10-12
Metropolitana de Santiago,13,Pudahuel,13124,1,2020-10-13
Metropolitana de Santiago,13,Pudahuel,13124,3,2020-10-14
Metropolitana de Santiago,13,Pudahuel,13124,2,2020-10-15
Metropolitana de Santiago,13,Pudahuel,13124,1,2020-10-16
Metropolitana de Santiago,13,Pudahuel,13124,3,2020-10-18
Metropolitana de Santiago,13,Pudahuel,13124,2,2020-10-19
Metropolitana de Santiago,13,Pudahuel,13124,1,2020-10-20
Metropolitana de Santiago,13,Pudahuel,13124,2,2020-10-21
Metropolitana de Santiago,13,Pudahuel,13124,3,2020-10-23
Metropolitana de Santiago,13,Pudahuel,13124,1,2020-10-24
Metropolitana de Santiago,13,Pudahuel,13124,1,2020-10-25
Metropolitana de Santiago,13,Pudahuel,13124,3,2020-10-26
Metropolitana de Santiago,13,Pudahuel,13124,6,2020-10-28
Metropolitana de Santiago,13,Pudahuel,13124,2,2020-10-29
Metropolitana de Santiago,13,Pudahuel,13124,1,2020-10-30
Metropolitana de Santiago,13,Pudahuel,13124,6,2020-10-31
Metropolitana de Santiago,13,Pudahuel,13124,2,2020-11-01
Metropolitana de Santiago,13,Pudahuel,13124,2,2020-11-02
Metropolitana de Santiago,13,Pudahuel,13124,1,2020-11-03
Metropolitana de Santiago,13,Pudahuel,13124,2,2020-11-04
Metropolitana de Santiago,13,Pudahuel,13124,2,2020-11-05
Metropolitana de Santiago,13,Pudahuel,13124,1,2020-11-06
Metropolitana de Santiago,13,Pudahuel,13124,1,2020-11-07
Metropolitana de Santiago,13,Pudahuel,13124,2,2020-11-08
Metropolitana de Santiago,13,Pudahuel,13124,1,2020-11-09
Metropolitana de Santiago,13,Pudahuel,13124,1,2020-11-10
Metropolitana de Santiago,13,Pudahuel,13124,2,2020-11-11
Metropolitana de Santiago,13,Pudahuel,13124,1,2020-11-13
Metropolitana de Santiago,13,Pudahuel,13124,1,2020-11-15
Metropolitana de Santiago,13,Pudahuel,13124,1,2020-11-16
Metropolitana de Santiago,13,Pudahuel,13124,3,2020-11-19
Metropolitana de Santiago,13,Pudahuel,13124,2,2020-11-20
Metropolitana de Santiago,13,Pudahuel,13124,1,2020-11-21
Metropolitana de Santiago,13,Pudahuel,13124,1,2020-11-26
Metropolitana de Santiago,13,Pudahuel,13124,2,2020-11-27
Metropolitana de Santiago,13,Pudahuel,13124,2,2020-11-28
Metropolitana de Santiago,13,Pudahuel,13124,2,2020-11-30
Metropolitana de Santiago,13,Pudahuel,13124,3,2020-12-01
Metropolitana de Santiago,13,Pudahuel,13124,1,2020-12-02
Metropolitana de Santiago,13,Pudahuel,13124,1,2020-12-04
Metropolitana de Santiago,13,Pudahuel,13124,1,2020-12-06
Metropolitana de Santiago,13,Pudahuel,13124,2,2020-12-07
Metropolitana de Santiago,13,Pudahuel,13124,2,2020-12-08
Metropolitana de Santiago,13,Pudahuel,13124,2,2020-12-10
Metropolitana de Santiago,13,Pudahuel,13124,2,2020-12-11
Metropolitana de Santiago,13,Pudahuel,13124,6,2020-12-14
Metropolitana de Santiago,13,Pudahuel,13124,1,2020-12-15
Metropolitana de Santiago,13,Pudahuel,13124,2,2020-12-16
Metropolitana de Santiago,13,Pudahuel,13124,3,2020-12-19
Metropolitana de Santiago,13,Pudahuel,13124,3,2020-12-20
Metropolitana de Santiago,13,Pudahuel,13124,1,2020-12-21
Metropolitana de Santiago,13,Pudahuel,13124,3,2020-12-22
Metropolitana de Santiago,13,Pudahuel,13124,2,2020-12-23
Metropolitana de Santiago,13,Pudahuel,13124,1,2020-12-24
Metropolitana de Santiago,13,Pudahuel,13124,3,2020-12-26
Metropolitana de Santiago,13,Pudahuel,13124,1,2020-12-27
Metropolitana de Santiago,13,Pudahuel,13124,5,2020-12-28
Metropolitana de Santiago,13,Pudahuel,13124,3,2020-12-29
Metropolitana de Santiago,13,Pudahuel,13124,1,2020-12-30
Metropolitana de Santiago,13,Pudahuel,13124,3,2020-12-31
Metropolitana de Santiago,13,Pudahuel,13124,3,2021-01-02
Metropolitana de Santiago,13,Pudahuel,13124,1,2021-01-04
Metropolitana de Santiago,13,Pudahuel,13124,1,2021-01-05
Metropolitana de Santiago,13,Pudahuel,13124,3,2021-01-06
Metropolitana de Santiago,13,Pudahuel,13124,1,2021-01-07
Metropolitana de Santiago,13,Pudahuel,13124,2,2021-01-09
Metropolitana de Santiago,13,Pudahuel,13124,3,2021-01-10
Metropolitana de Santiago,13,Pudahuel,13124,1,2021-01-11
Metropolitana de Santiago,13,Pudahuel,13124,1,2021-01-13
Metropolitana de Santiago,13,Quilicura,13125,1,2020-01-01
Metropolitana de Santiago,13,Quilicura,13125,3,2020-01-02
Metropolitana de Santiago,13,Quilicura,13125,3,2020-01-05
Metropolitana de Santiago,13,Quilicura,13125,3,2020-01-06
Metropolitana de Santiago,13,Quilicura,13125,1,2020-01-08
Metropolitana de Santiago,13,Quilicura,13125,1,2020-01-10
Metropolitana de Santiago,13,Quilicura,13125,1,2020-01-11
Metropolitana de Santiago,13,Quilicura,13125,1,2020-01-12
Metropolitana de Santiago,13,Quilicura,13125,1,2020-01-13
Metropolitana de Santiago,13,Quilicura,13125,2,2020-01-15
Metropolitana de Santiago,13,Quilicura,13125,3,2020-01-19
Metropolitana de Santiago,13,Quilicura,13125,1,2020-01-20
Metropolitana de Santiago,13,Quilicura,13125,1,2020-01-21
Metropolitana de Santiago,13,Quilicura,13125,1,2020-01-23
Metropolitana de Santiago,13,Quilicura,13125,2,2020-01-24
Metropolitana de Santiago,13,Quilicura,13125,4,2020-01-25
Metropolitana de Santiago,13,Quilicura,13125,1,2020-01-26
Metropolitana de Santiago,13,Quilicura,13125,1,2020-01-27
Metropolitana de Santiago,13,Quilicura,13125,2,2020-01-29
Metropolitana de Santiago,13,Quilicura,13125,1,2020-01-31
Metropolitana de Santiago,13,Quilicura,13125,1,2020-02-01
Metropolitana de Santiago,13,Quilicura,13125,2,2020-02-03
Metropolitana de Santiago,13,Quilicura,13125,1,2020-02-04
Metropolitana de Santiago,13,Quilicura,13125,2,2020-02-05
Metropolitana de Santiago,13,Quilicura,13125,2,2020-02-08
Metropolitana de Santiago,13,Quilicura,13125,1,2020-02-09
Metropolitana de Santiago,13,Quilicura,13125,3,2020-02-11
Metropolitana de Santiago,13,Quilicura,13125,2,2020-02-13
Metropolitana de Santiago,13,Quilicura,13125,2,2020-02-16
Metropolitana de Santiago,13,Quilicura,13125,1,2020-02-19
Metropolitana de Santiago,13,Quilicura,13125,2,2020-02-21
Metropolitana de Santiago,13,Quilicura,13125,1,2020-02-25
Metropolitana de Santiago,13,Quilicura,13125,1,2020-02-26
Metropolitana de Santiago,13,Quilicura,13125,2,2020-02-28
Metropolitana de Santiago,13,Quilicura,13125,1,2020-03-02
Metropolitana de Santiago,13,Quilicura,13125,2,2020-03-03
Metropolitana de Santiago,13,Quilicura,13125,2,2020-03-06
Metropolitana de Santiago,13,Quilicura,13125,1,2020-03-10
Metropolitana de Santiago,13,Quilicura,13125,1,2020-03-11
Metropolitana de Santiago,13,Quilicura,13125,1,2020-03-14
Metropolitana de Santiago,13,Quilicura,13125,1,2020-03-15
Metropolitana de Santiago,13,Quilicura,13125,1,2020-03-16
Metropolitana de Santiago,13,Quilicura,13125,2,2020-03-17
Metropolitana de Santiago,13,Quilicura,13125,2,2020-03-18
Metropolitana de Santiago,13,Quilicura,13125,1,2020-03-19
Metropolitana de Santiago,13,Quilicura,13125,3,2020-03-20
Metropolitana de Santiago,13,Quilicura,13125,1,2020-03-23
Metropolitana de Santiago,13,Quilicura,13125,2,2020-03-25
Metropolitana de Santiago,13,Quilicura,13125,2,2020-03-26
Metropolitana de Santiago,13,Quilicura,13125,1,2020-03-27
Metropolitana de Santiago,13,Quilicura,13125,1,2020-03-28
Metropolitana de Santiago,13,Quilicura,13125,1,2020-03-31
Metropolitana de Santiago,13,Quilicura,13125,2,2020-04-01
Metropolitana de Santiago,13,Quilicura,13125,2,2020-04-04
Metropolitana de Santiago,13,Quilicura,13125,1,2020-04-05
Metropolitana de Santiago,13,Quilicura,13125,1,2020-04-06
Metropolitana de Santiago,13,Quilicura,13125,1,2020-04-07
Metropolitana de Santiago,13,Quilicura,13125,1,2020-04-08
Metropolitana de Santiago,13,Quilicura,13125,1,2020-04-09
Metropolitana de Santiago,13,Quilicura,13125,1,2020-04-10
Metropolitana de Santiago,13,Quilicura,13125,1,2020-04-11
Metropolitana de Santiago,13,Quilicura,13125,2,2020-04-12
Metropolitana de Santiago,13,Quilicura,13125,2,2020-04-13
Metropolitana de Santiago,13,Quilicura,13125,1,2020-04-14
Metropolitana de Santiago,13,Quilicura,13125,1,2020-04-15
Metropolitana de Santiago,13,Quilicura,13125,2,2020-04-17
Metropolitana de Santiago,13,Quilicura,13125,1,2020-04-18
Metropolitana de Santiago,13,Quilicura,13125,2,2020-04-19
Metropolitana de Santiago,13,Quilicura,13125,2,2020-04-22
Metropolitana de Santiago,13,Quilicura,13125,2,2020-04-27
Metropolitana de Santiago,13,Quilicura,13125,2,2020-04-30
Metropolitana de Santiago,13,Quilicura,13125,3,2020-05-02
Metropolitana de Santiago,13,Quilicura,13125,1,2020-05-04
Metropolitana de Santiago,13,Quilicura,13125,3,2020-05-05
Metropolitana de Santiago,13,Quilicura,13125,2,2020-05-06
Metropolitana de Santiago,13,Quilicura,13125,2,2020-05-07
Metropolitana de Santiago,13,Quilicura,13125,1,2020-05-08
Metropolitana de Santiago,13,Quilicura,13125,1,2020-05-10
Metropolitana de Santiago,13,Quilicura,13125,4,2020-05-11
Metropolitana de Santiago,13,Quilicura,13125,2,2020-05-12
Metropolitana de Santiago,13,Quilicura,13125,1,2020-05-13
Metropolitana de Santiago,13,Quilicura,13125,2,2020-05-15
Metropolitana de Santiago,13,Quilicura,13125,2,2020-05-16
Metropolitana de Santiago,13,Quilicura,13125,1,2020-05-17
Metropolitana de Santiago,13,Quilicura,13125,2,2020-05-18
Metropolitana de Santiago,13,Quilicura,13125,2,2020-05-19
Metropolitana de Santiago,13,Quilicura,13125,2,2020-05-21
Metropolitana de Santiago,13,Quilicura,13125,1,2020-05-22
Metropolitana de Santiago,13,Quilicura,13125,1,2020-05-23
Metropolitana de Santiago,13,Quilicura,13125,1,2020-05-24
Metropolitana de Santiago,13,Quilicura,13125,2,2020-05-25
Metropolitana de Santiago,13,Quilicura,13125,1,2020-05-26
Metropolitana de Santiago,13,Quilicura,13125,2,2020-05-27
Metropolitana de Santiago,13,Quilicura,13125,2,2020-05-28
Metropolitana de Santiago,13,Quilicura,13125,1,2020-05-30
Metropolitana de Santiago,13,Quilicura,13125,1,2020-05-31
Metropolitana de Santiago,13,Quilicura,13125,2,2020-06-01
Metropolitana de Santiago,13,Quilicura,13125,2,2020-06-02
Metropolitana de Santiago,13,Quilicura,13125,3,2020-06-03
Metropolitana de Santiago,13,Quilicura,13125,2,2020-06-04
Metropolitana de Santiago,13,Quilicura,13125,3,2020-06-06
Metropolitana de Santiago,13,Quilicura,13125,2,2020-06-07
Metropolitana de Santiago,13,Quilicura,13125,1,2020-06-08
Metropolitana de Santiago,13,Quilicura,13125,3,2020-06-09
Metropolitana de Santiago,13,Quilicura,13125,1,2020-06-10
Metropolitana de Santiago,13,Quilicura,13125,4,2020-06-11
Metropolitana de Santiago,13,Quilicura,13125,3,2020-06-12
Metropolitana de Santiago,13,Quilicura,13125,1,2020-06-13
Metropolitana de Santiago,13,Quilicura,13125,4,2020-06-14
Metropolitana de Santiago,13,Quilicura,13125,1,2020-06-15
Metropolitana de Santiago,13,Quilicura,13125,3,2020-06-16
Metropolitana de Santiago,13,Quilicura,13125,2,2020-06-17
Metropolitana de Santiago,13,Quilicura,13125,3,2020-06-19
Metropolitana de Santiago,13,Quilicura,13125,2,2020-06-20
Metropolitana de Santiago,13,Quilicura,13125,3,2020-06-21
Metropolitana de Santiago,13,Quilicura,13125,2,2020-06-22
Metropolitana de Santiago,13,Quilicura,13125,3,2020-06-23
Metropolitana de Santiago,13,Quilicura,13125,1,2020-06-24
Metropolitana de Santiago,13,Quilicura,13125,4,2020-06-25
Metropolitana de Santiago,13,Quilicura,13125,2,2020-06-26
Metropolitana de Santiago,13,Quilicura,13125,4,2020-06-27
Metropolitana de Santiago,13,Quilicura,13125,2,2020-06-29
Metropolitana de Santiago,13,Quilicura,13125,1,2020-06-30
Metropolitana de Santiago,13,Quilicura,13125,3,2020-07-01
Metropolitana de Santiago,13,Quilicura,13125,1,2020-07-02
Metropolitana de Santiago,13,Quilicura,13125,1,2020-07-03
Metropolitana de Santiago,13,Quilicura,13125,1,2020-07-04
Metropolitana de Santiago,13,Quilicura,13125,2,2020-07-06
Metropolitana de Santiago,13,Quilicura,13125,2,2020-07-08
Metropolitana de Santiago,13,Quilicura,13125,1,2020-07-09
Metropolitana de Santiago,13,Quilicura,13125,2,2020-07-10
Metropolitana de Santiago,13,Quilicura,13125,1,2020-07-11
Metropolitana de Santiago,13,Quilicura,13125,1,2020-07-12
Metropolitana de Santiago,13,Quilicura,13125,1,2020-07-13
Metropolitana de Santiago,13,Quilicura,13125,4,2020-07-15
Metropolitana de Santiago,13,Quilicura,13125,1,2020-07-17
Metropolitana de Santiago,13,Quilicura,13125,1,2020-07-18
Metropolitana de Santiago,13,Quilicura,13125,1,2020-07-19
Metropolitana de Santiago,13,Quilicura,13125,1,2020-07-20
Metropolitana de Santiago,13,Quilicura,13125,1,2020-07-21
Metropolitana de Santiago,13,Quilicura,13125,1,2020-07-22
Metropolitana de Santiago,13,Quilicura,13125,1,2020-07-23
Metropolitana de Santiago,13,Quilicura,13125,1,2020-07-25
Metropolitana de Santiago,13,Quilicura,13125,2,2020-07-29
Metropolitana de Santiago,13,Quilicura,13125,1,2020-07-30
Metropolitana de Santiago,13,Quilicura,13125,2,2020-08-01
Metropolitana de Santiago,13,Quilicura,13125,1,2020-08-03
Metropolitana de Santiago,13,Quilicura,13125,2,2020-08-05
Metropolitana de Santiago,13,Quilicura,13125,2,2020-08-06
Metropolitana de Santiago,13,Quilicura,13125,3,2020-08-07
Metropolitana de Santiago,13,Quilicura,13125,1,2020-08-08
Metropolitana de Santiago,13,Quilicura,13125,2,2020-08-09
Metropolitana de Santiago,13,Quilicura,13125,1,2020-08-10
Metropolitana de Santiago,13,Quilicura,13125,1,2020-08-11
Metropolitana de Santiago,13,Quilicura,13125,1,2020-08-12
Metropolitana de Santiago,13,Quilicura,13125,1,2020-08-13
Metropolitana de Santiago,13,Quilicura,13125,2,2020-08-14
Metropolitana de Santiago,13,Quilicura,13125,1,2020-08-17
Metropolitana de Santiago,13,Quilicura,13125,2,2020-08-19
Metropolitana de Santiago,13,Quilicura,13125,3,2020-08-21
Metropolitana de Santiago,13,Quilicura,13125,2,2020-08-23
Metropolitana de Santiago,13,Quilicura,13125,1,2020-08-24
Metropolitana de Santiago,13,Quilicura,13125,1,2020-08-25
Metropolitana de Santiago,13,Quilicura,13125,2,2020-08-26
Metropolitana de Santiago,13,Quilicura,13125,2,2020-08-27
Metropolitana de Santiago,13,Quilicura,13125,3,2020-08-28
Metropolitana de Santiago,13,Quilicura,13125,1,2020-08-29
Metropolitana de Santiago,13,Quilicura,13125,1,2020-08-30
Metropolitana de Santiago,13,Quilicura,13125,5,2020-08-31
Metropolitana de Santiago,13,Quilicura,13125,2,2020-09-01
Metropolitana de Santiago,13,Quilicura,13125,1,2020-09-04
Metropolitana de Santiago,13,Quilicura,13125,1,2020-09-06
Metropolitana de Santiago,13,Quilicura,13125,2,2020-09-08
Metropolitana de Santiago,13,Quilicura,13125,1,2020-09-12
Metropolitana de Santiago,13,Quilicura,13125,1,2020-09-14
Metropolitana de Santiago,13,Quilicura,13125,1,2020-09-15
Metropolitana de Santiago,13,Quilicura,13125,1,2020-09-16
Metropolitana de Santiago,13,Quilicura,13125,1,2020-09-18
Metropolitana de Santiago,13,Quilicura,13125,1,2020-09-21
Metropolitana de Santiago,13,Quilicura,13125,1,2020-09-22
Metropolitana de Santiago,13,Quilicura,13125,1,2020-09-23
Metropolitana de Santiago,13,Quilicura,13125,3,2020-09-24
Metropolitana de Santiago,13,Quilicura,13125,2,2020-09-25
Metropolitana de Santiago,13,Quilicura,13125,1,2020-09-28
Metropolitana de Santiago,13,Quilicura,13125,1,2020-09-29
Metropolitana de Santiago,13,Quilicura,13125,1,2020-09-30
Metropolitana de Santiago,13,Quilicura,13125,3,2020-10-01
Metropolitana de Santiago,13,Quilicura,13125,1,2020-10-02
Metropolitana de Santiago,13,Quilicura,13125,1,2020-10-03
Metropolitana de Santiago,13,Quilicura,13125,1,2020-10-04
Metropolitana de Santiago,13,Quilicura,13125,4,2020-10-05
Metropolitana de Santiago,13,Quilicura,13125,1,2020-10-06
Metropolitana de Santiago,13,Quilicura,13125,2,2020-10-07
Metropolitana de Santiago,13,Quilicura,13125,1,2020-10-09
Metropolitana de Santiago,13,Quilicura,13125,2,2020-10-10
Metropolitana de Santiago,13,Quilicura,13125,1,2020-10-14
Metropolitana de Santiago,13,Quilicura,13125,1,2020-10-16
Metropolitana de Santiago,13,Quilicura,13125,2,2020-10-17
Metropolitana de Santiago,13,Quilicura,13125,1,2020-10-18
Metropolitana de Santiago,13,Quilicura,13125,1,2020-10-19
Metropolitana de Santiago,13,Quilicura,13125,1,2020-10-21
Metropolitana de Santiago,13,Quilicura,13125,1,2020-10-23
Metropolitana de Santiago,13,Quilicura,13125,1,2020-10-26
Metropolitana de Santiago,13,Quilicura,13125,2,2020-10-27
Metropolitana de Santiago,13,Quilicura,13125,1,2020-10-29
Metropolitana de Santiago,13,Quilicura,13125,2,2020-11-01
Metropolitana de Santiago,13,Quilicura,13125,1,2020-11-03
Metropolitana de Santiago,13,Quilicura,13125,1,2020-11-04
Metropolitana de Santiago,13,Quilicura,13125,2,2020-11-06
Metropolitana de Santiago,13,Quilicura,13125,1,2020-11-07
Metropolitana de Santiago,13,Quilicura,13125,3,2020-11-08
Metropolitana de Santiago,13,Quilicura,13125,1,2020-11-09
Metropolitana de Santiago,13,Quilicura,13125,4,2020-11-10
Metropolitana de Santiago,13,Quilicura,13125,1,2020-11-11
Metropolitana de Santiago,13,Quilicura,13125,1,2020-11-13
Metropolitana de Santiago,13,Quilicura,13125,1,2020-11-16
Metropolitana de Santiago,13,Quilicura,13125,1,2020-11-18
Metropolitana de Santiago,13,Quilicura,13125,1,2020-11-20
Metropolitana de Santiago,13,Quilicura,13125,1,2020-11-21
Metropolitana de Santiago,13,Quilicura,13125,1,2020-11-22
Metropolitana de Santiago,13,Quilicura,13125,1,2020-11-23
Metropolitana de Santiago,13,Quilicura,13125,3,2020-11-25
Metropolitana de Santiago,13,Quilicura,13125,1,2020-11-27
Metropolitana de Santiago,13,Quilicura,13125,1,2020-11-28
Metropolitana de Santiago,13,Quilicura,13125,3,2020-11-29
Metropolitana de Santiago,13,Quilicura,13125,1,2020-11-30
Metropolitana de Santiago,13,Quilicura,13125,1,2020-12-01
Metropolitana de Santiago,13,Quilicura,13125,1,2020-12-05
Metropolitana de Santiago,13,Quilicura,13125,1,2020-12-06
Metropolitana de Santiago,13,Quilicura,13125,1,2020-12-07
Metropolitana de Santiago,13,Quilicura,13125,1,2020-12-09
Metropolitana de Santiago,13,Quilicura,13125,1,2020-12-15
Metropolitana de Santiago,13,Quilicura,13125,1,2020-12-16
Metropolitana de Santiago,13,Quilicura,13125,1,2020-12-17
Metropolitana de Santiago,13,Quilicura,13125,1,2020-12-19
Metropolitana de Santiago,13,Quilicura,13125,1,2020-12-21
Metropolitana de Santiago,13,Quilicura,13125,1,2020-12-22
Metropolitana de Santiago,13,Quilicura,13125,3,2020-12-23
Metropolitana de Santiago,13,Quilicura,13125,1,2020-12-24
Metropolitana de Santiago,13,Quilicura,13125,2,2020-12-26
Metropolitana de Santiago,13,Quilicura,13125,2,2020-12-29
Metropolitana de Santiago,13,Quilicura,13125,2,2021-01-02
Metropolitana de Santiago,13,Quilicura,13125,2,2021-01-03
Metropolitana de Santiago,13,Quilicura,13125,2,2021-01-07
Metropolitana de Santiago,13,Quilicura,13125,1,2021-01-08
Metropolitana de Santiago,13,Quilicura,13125,2,2021-01-09
Metropolitana de Santiago,13,Quilicura,13125,2,2021-01-10
Metropolitana de Santiago,13,Quilicura,13125,2,2021-01-11
Metropolitana de Santiago,13,Quilicura,13125,1,2021-01-13
Metropolitana de Santiago,13,Quilicura,13125,1,2021-01-14
Metropolitana de Santiago,13,Quinta Normal,13126,3,2020-01-02
Metropolitana de Santiago,13,Quinta Normal,13126,1,2020-01-04
Metropolitana de Santiago,13,Quinta Normal,13126,3,2020-01-05
Metropolitana de Santiago,13,Quinta Normal,13126,1,2020-01-06
Metropolitana de Santiago,13,Quinta Normal,13126,2,2020-01-09
Metropolitana de Santiago,13,Quinta Normal,13126,2,2020-01-10
Metropolitana de Santiago,13,Quinta Normal,13126,2,2020-01-11
Metropolitana de Santiago,13,Quinta Normal,13126,1,2020-01-12
Metropolitana de Santiago,13,Quinta Normal,13126,5,2020-01-13
Metropolitana de Santiago,13,Quinta Normal,13126,5,2020-01-15
Metropolitana de Santiago,13,Quinta Normal,13126,2,2020-01-16
Metropolitana de Santiago,13,Quinta Normal,13126,2,2020-01-20
Metropolitana de Santiago,13,Quinta Normal,13126,1,2020-01-21
Metropolitana de Santiago,13,Quinta Normal,13126,5,2020-01-22
Metropolitana de Santiago,13,Quinta Normal,13126,4,2020-01-23
Metropolitana de Santiago,13,Quinta Normal,13126,1,2020-01-24
Metropolitana de Santiago,13,Quinta Normal,13126,2,2020-01-26
Metropolitana de Santiago,13,Quinta Normal,13126,2,2020-01-27
Metropolitana de Santiago,13,Quinta Normal,13126,1,2020-01-28
Metropolitana de Santiago,13,Quinta Normal,13126,1,2020-01-29
Metropolitana de Santiago,13,Quinta Normal,13126,1,2020-01-30
Metropolitana de Santiago,13,Quinta Normal,13126,2,2020-01-31
Metropolitana de Santiago,13,Quinta Normal,13126,1,2020-02-01
Metropolitana de Santiago,13,Quinta Normal,13126,3,2020-02-02
Metropolitana de Santiago,13,Quinta Normal,13126,1,2020-02-03
Metropolitana de Santiago,13,Quinta Normal,13126,3,2020-02-04
Metropolitana de Santiago,13,Quinta Normal,13126,1,2020-02-05
Metropolitana de Santiago,13,Quinta Normal,13126,3,2020-02-06
Metropolitana de Santiago,13,Quinta Normal,13126,2,2020-02-07
Metropolitana de Santiago,13,Quinta Normal,13126,1,2020-02-08
Metropolitana de Santiago,13,Quinta Normal,13126,2,2020-02-09
Metropolitana de Santiago,13,Quinta Normal,13126,5,2020-02-10
Metropolitana de Santiago,13,Quinta Normal,13126,2,2020-02-12
Metropolitana de Santiago,13,Quinta Normal,13126,2,2020-02-13
Metropolitana de Santiago,13,Quinta Normal,13126,1,2020-02-16
Metropolitana de Santiago,13,Quinta Normal,13126,1,2020-02-17
Metropolitana de Santiago,13,Quinta Normal,13126,3,2020-02-18
Metropolitana de Santiago,13,Quinta Normal,13126,4,2020-02-19
Metropolitana de Santiago,13,Quinta Normal,13126,2,2020-02-20
Metropolitana de Santiago,13,Quinta Normal,13126,4,2020-02-22
Metropolitana de Santiago,13,Quinta Normal,13126,1,2020-02-23
Metropolitana de Santiago,13,Quinta Normal,13126,3,2020-02-24
Metropolitana de Santiago,13,Quinta Normal,13126,2,2020-02-25
Metropolitana de Santiago,13,Quinta Normal,13126,1,2020-02-26
Metropolitana de Santiago,13,Quinta Normal,13126,2,2020-02-28
Metropolitana de Santiago,13,Quinta Normal,13126,3,2020-02-29
Metropolitana de Santiago,13,Quinta Normal,13126,1,2020-03-01
Metropolitana de Santiago,13,Quinta Normal,13126,1,2020-03-02
Metropolitana de Santiago,13,Quinta Normal,13126,4,2020-03-04
Metropolitana de Santiago,13,Quinta Normal,13126,2,2020-03-05
Metropolitana de Santiago,13,Quinta Normal,13126,2,2020-03-09
Metropolitana de Santiago,13,Quinta Normal,13126,2,2020-03-10
Metropolitana de Santiago,13,Quinta Normal,13126,3,2020-03-11
Metropolitana de Santiago,13,Quinta Normal,13126,1,2020-03-12
Metropolitana de Santiago,13,Quinta Normal,13126,1,2020-03-13
Metropolitana de Santiago,13,Quinta Normal,13126,4,2020-03-14
Metropolitana de Santiago,13,Quinta Normal,13126,3,2020-03-16
Metropolitana de Santiago,13,Quinta Normal,13126,3,2020-03-17
Metropolitana de Santiago,13,Quinta Normal,13126,1,2020-03-18
Metropolitana de Santiago,13,Quinta Normal,13126,2,2020-03-19
Metropolitana de Santiago,13,Quinta Normal,13126,2,2020-03-20
Metropolitana de Santiago,13,Quinta Normal,13126,1,2020-03-21
Metropolitana de Santiago,13,Quinta Normal,13126,2,2020-03-22
Metropolitana de Santiago,13,Quinta Normal,13126,2,2020-03-23
Metropolitana de Santiago,13,Quinta Normal,13126,1,2020-03-24
Metropolitana de Santiago,13,Quinta Normal,13126,3,2020-03-25
Metropolitana de Santiago,13,Quinta Normal,13126,2,2020-03-26
Metropolitana de Santiago,13,Quinta Normal,13126,2,2020-03-27
Metropolitana de Santiago,13,Quinta Normal,13126,2,2020-03-28
Metropolitana de Santiago,13,Quinta Normal,13126,3,2020-03-30
Metropolitana de Santiago,13,Quinta Normal,13126,3,2020-03-31
Metropolitana de Santiago,13,Quinta Normal,13126,2,2020-04-01
Metropolitana de Santiago,13,Quinta Normal,13126,1,2020-04-03
Metropolitana de Santiago,13,Quinta Normal,13126,2,2020-04-04
Metropolitana de Santiago,13,Quinta Normal,13126,2,2020-04-05
Metropolitana de Santiago,13,Quinta Normal,13126,2,2020-04-06
Metropolitana de Santiago,13,Quinta Normal,13126,5,2020-04-08
Metropolitana de Santiago,13,Quinta Normal,13126,1,2020-04-09
Metropolitana de Santiago,13,Quinta Normal,13126,3,2020-04-10
Metropolitana de Santiago,13,Quinta Normal,13126,1,2020-04-11
Metropolitana de Santiago,13,Quinta Normal,13126,2,2020-04-13
Metropolitana de Santiago,13,Quinta Normal,13126,2,2020-04-14
Metropolitana de Santiago,13,Quinta Normal,13126,1,2020-04-15
Metropolitana de Santiago,13,Quinta Normal,13126,1,2020-04-16
Metropolitana de Santiago,13,Quinta Normal,13126,2,2020-04-17
Metropolitana de Santiago,13,Quinta Normal,13126,2,2020-04-21
Metropolitana de Santiago,13,Quinta Normal,13126,3,2020-04-22
Metropolitana de Santiago,13,Quinta Normal,13126,2,2020-04-23
Metropolitana de Santiago,13,Quinta Normal,13126,1,2020-04-24
Metropolitana de Santiago,13,Quinta Normal,13126,1,2020-04-25
Metropolitana de Santiago,13,Quinta Normal,13126,3,2020-04-26
Metropolitana de Santiago,13,Quinta Normal,13126,1,2020-04-28
Metropolitana de Santiago,13,Quinta Normal,13126,2,2020-04-29
Metropolitana de Santiago,13,Quinta Normal,13126,2,2020-05-02
Metropolitana de Santiago,13,Quinta Normal,13126,4,2020-05-05
Metropolitana de Santiago,13,Quinta Normal,13126,2,2020-05-06
Metropolitana de Santiago,13,Quinta Normal,13126,1,2020-05-08
Metropolitana de Santiago,13,Quinta Normal,13126,3,2020-05-09
Metropolitana de Santiago,13,Quinta Normal,13126,1,2020-05-10
Metropolitana de Santiago,13,Quinta Normal,13126,4,2020-05-11
Metropolitana de Santiago,13,Quinta Normal,13126,1,2020-05-12
Metropolitana de Santiago,13,Quinta Normal,13126,6,2020-05-13
Metropolitana de Santiago,13,Quinta Normal,13126,1,2020-05-14
Metropolitana de Santiago,13,Quinta Normal,13126,2,2020-05-15
Metropolitana de Santiago,13,Quinta Normal,13126,2,2020-05-17
Metropolitana de Santiago,13,Quinta Normal,13126,5,2020-05-18
Metropolitana de Santiago,13,Quinta Normal,13126,3,2020-05-19
Metropolitana de Santiago,13,Quinta Normal,13126,3,2020-05-20
Metropolitana de Santiago,13,Quinta Normal,13126,3,2020-05-21
Metropolitana de Santiago,13,Quinta Normal,13126,2,2020-05-22
Metropolitana de Santiago,13,Quinta Normal,13126,7,2020-05-23
Metropolitana de Santiago,13,Quinta Normal,13126,2,2020-05-24
Metropolitana de Santiago,13,Quinta Normal,13126,2,2020-05-26
Metropolitana de Santiago,13,Quinta Normal,13126,2,2020-05-29
Metropolitana de Santiago,13,Quinta Normal,13126,5,2020-05-30
Metropolitana de Santiago,13,Quinta Normal,13126,5,2020-05-31
Metropolitana de Santiago,13,Quinta Normal,13126,4,2020-06-01
Metropolitana de Santiago,13,Quinta Normal,13126,4,2020-06-02
Metropolitana de Santiago,13,Quinta Normal,13126,6,2020-06-03
Metropolitana de Santiago,13,Quinta Normal,13126,2,2020-06-04
Metropolitana de Santiago,13,Quinta Normal,13126,3,2020-06-05
Metropolitana de Santiago,13,Quinta Normal,13126,2,2020-06-06
Metropolitana de Santiago,13,Quinta Normal,13126,7,2020-06-07
Metropolitana de Santiago,13,Quinta Normal,13126,5,2020-06-08
Metropolitana de Santiago,13,Quinta Normal,13126,2,2020-06-09
Metropolitana de Santiago,13,Quinta Normal,13126,3,2020-06-10
Metropolitana de Santiago,13,Quinta Normal,13126,3,2020-06-11
Metropolitana de Santiago,13,Quinta Normal,13126,3,2020-06-12
Metropolitana de Santiago,13,Quinta Normal,13126,5,2020-06-13
Metropolitana de Santiago,13,Quinta Normal,13126,1,2020-06-14
Metropolitana de Santiago,13,Quinta Normal,13126,2,2020-06-15
Metropolitana de Santiago,13,Quinta Normal,13126,1,2020-06-16
Metropolitana de Santiago,13,Quinta Normal,13126,4,2020-06-17
Metropolitana de Santiago,13,Quinta Normal,13126,5,2020-06-18
Metropolitana de Santiago,13,Quinta Normal,13126,3,2020-06-19
Metropolitana de Santiago,13,Quinta Normal,13126,2,2020-06-20
Metropolitana de Santiago,13,Quinta Normal,13126,1,2020-06-21
Metropolitana de Santiago,13,Quinta Normal,13126,1,2020-06-22
Metropolitana de Santiago,13,Quinta Normal,13126,4,2020-06-24
Metropolitana de Santiago,13,Quinta Normal,13126,2,2020-06-25
Metropolitana de Santiago,13,Quinta Normal,13126,2,2020-06-26
Metropolitana de Santiago,13,Quinta Normal,13126,3,2020-06-27
Metropolitana de Santiago,13,Quinta Normal,13126,6,2020-06-29
Metropolitana de Santiago,13,Quinta Normal,13126,1,2020-06-30
Metropolitana de Santiago,13,Quinta Normal,13126,5,2020-07-01
Metropolitana de Santiago,13,Quinta Normal,13126,3,2020-07-02
Metropolitana de Santiago,13,Quinta Normal,13126,1,2020-07-03
Metropolitana de Santiago,13,Quinta Normal,13126,3,2020-07-05
Metropolitana de Santiago,13,Quinta Normal,13126,2,2020-07-06
Metropolitana de Santiago,13,Quinta Normal,13126,2,2020-07-07
Metropolitana de Santiago,13,Quinta Normal,13126,1,2020-07-08
Metropolitana de Santiago,13,Quinta Normal,13126,1,2020-07-09
Metropolitana de Santiago,13,Quinta Normal,13126,1,2020-07-10
Metropolitana de Santiago,13,Quinta Normal,13126,6,2020-07-11
Metropolitana de Santiago,13,Quinta Normal,13126,2,2020-07-12
Metropolitana de Santiago,13,Quinta Normal,13126,2,2020-07-13
Metropolitana de Santiago,13,Quinta Normal,13126,4,2020-07-14
Metropolitana de Santiago,13,Quinta Normal,13126,2,2020-07-15
Metropolitana de Santiago,13,Quinta Normal,13126,1,2020-07-16
Metropolitana de Santiago,13,Quinta Normal,13126,2,2020-07-17
Metropolitana de Santiago,13,Quinta Normal,13126,2,2020-07-18
Metropolitana de Santiago,13,Quinta Normal,13126,2,2020-07-19
Metropolitana de Santiago,13,Quinta Normal,13126,1,2020-07-20
Metropolitana de Santiago,13,Quinta Normal,13126,1,2020-07-21
Metropolitana de Santiago,13,Quinta Normal,13126,1,2020-07-22
Metropolitana de Santiago,13,Quinta Normal,13126,1,2020-07-23
Metropolitana de Santiago,13,Quinta Normal,13126,3,2020-07-24
Metropolitana de Santiago,13,Quinta Normal,13126,2,2020-07-25
Metropolitana de Santiago,13,Quinta Normal,13126,1,2020-07-26
Metropolitana de Santiago,13,Quinta Normal,13126,3,2020-07-28
Metropolitana de Santiago,13,Quinta Normal,13126,1,2020-08-01
Metropolitana de Santiago,13,Quinta Normal,13126,3,2020-08-03
Metropolitana de Santiago,13,Quinta Normal,13126,1,2020-08-04
Metropolitana de Santiago,13,Quinta Normal,13126,3,2020-08-06
Metropolitana de Santiago,13,Quinta Normal,13126,3,2020-08-07
Metropolitana de Santiago,13,Quinta Normal,13126,1,2020-08-08
Metropolitana de Santiago,13,Quinta Normal,13126,1,2020-08-09
Metropolitana de Santiago,13,Quinta Normal,13126,3,2020-08-10
Metropolitana de Santiago,13,Quinta Normal,13126,3,2020-08-12
Metropolitana de Santiago,13,Quinta Normal,13126,1,2020-08-13
Metropolitana de Santiago,13,Quinta Normal,13126,1,2020-08-15
Metropolitana de Santiago,13,Quinta Normal,13126,2,2020-08-16
Metropolitana de Santiago,13,Quinta Normal,13126,1,2020-08-17
Metropolitana de Santiago,13,Quinta Normal,13126,2,2020-08-19
Metropolitana de Santiago,13,Quinta Normal,13126,2,2020-08-20
Metropolitana de Santiago,13,Quinta Normal,13126,2,2020-08-21
Metropolitana de Santiago,13,Quinta Normal,13126,3,2020-08-24
Metropolitana de Santiago,13,Quinta Normal,13126,4,2020-08-25
Metropolitana de Santiago,13,Quinta Normal,13126,2,2020-08-26
Metropolitana de Santiago,13,Quinta Normal,13126,2,2020-08-27
Metropolitana de Santiago,13,Quinta Normal,13126,1,2020-08-28
Metropolitana de Santiago,13,Quinta Normal,13126,3,2020-08-29
Metropolitana de Santiago,13,Quinta Normal,13126,1,2020-08-30
Metropolitana de Santiago,13,Quinta Normal,13126,2,2020-08-31
Metropolitana de Santiago,13,Quinta Normal,13126,2,2020-09-01
Metropolitana de Santiago,13,Quinta Normal,13126,1,2020-09-02
Metropolitana de Santiago,13,Quinta Normal,13126,3,2020-09-03
Metropolitana de Santiago,13,Quinta Normal,13126,2,2020-09-04
Metropolitana de Santiago,13,Quinta Normal,13126,1,2020-09-07
Metropolitana de Santiago,13,Quinta Normal,13126,1,2020-09-08
Metropolitana de Santiago,13,Quinta Normal,13126,2,2020-09-09
Metropolitana de Santiago,13,Quinta Normal,13126,2,2020-09-10
Metropolitana de Santiago,13,Quinta Normal,13126,2,2020-09-12
Metropolitana de Santiago,13,Quinta Normal,13126,1,2020-09-13
Metropolitana de Santiago,13,Quinta Normal,13126,1,2020-09-14
Metropolitana de Santiago,13,Quinta Normal,13126,1,2020-09-15
Metropolitana de Santiago,13,Quinta Normal,13126,4,2020-09-19
Metropolitana de Santiago,13,Quinta Normal,13126,1,2020-09-20
Metropolitana de Santiago,13,Quinta Normal,13126,1,2020-09-21
Metropolitana de Santiago,13,Quinta Normal,13126,1,2020-09-22
Metropolitana de Santiago,13,Quinta Normal,13126,1,2020-09-23
Metropolitana de Santiago,13,Quinta Normal,13126,1,2020-09-25
Metropolitana de Santiago,13,Quinta Normal,13126,2,2020-09-26
Metropolitana de Santiago,13,Quinta Normal,13126,2,2020-09-27
Metropolitana de Santiago,13,Quinta Normal,13126,1,2020-09-28
Metropolitana de Santiago,13,Quinta Normal,13126,2,2020-09-29
Metropolitana de Santiago,13,Quinta Normal,13126,2,2020-10-02
Metropolitana de Santiago,13,Quinta Normal,13126,2,2020-10-03
Metropolitana de Santiago,13,Quinta Normal,13126,2,2020-10-04
Metropolitana de Santiago,13,Quinta Normal,13126,1,2020-10-05
Metropolitana de Santiago,13,Quinta Normal,13126,2,2020-10-06
Metropolitana de Santiago,13,Quinta Normal,13126,2,2020-10-07
Metropolitana de Santiago,13,Quinta Normal,13126,1,2020-10-08
Metropolitana de Santiago,13,Quinta Normal,13126,1,2020-10-09
Metropolitana de Santiago,13,Quinta Normal,13126,2,2020-10-10
Metropolitana de Santiago,13,Quinta Normal,13126,1,2020-10-11
Metropolitana de Santiago,13,Quinta Normal,13126,1,2020-10-15
Metropolitana de Santiago,13,Quinta Normal,13126,1,2020-10-16
Metropolitana de Santiago,13,Quinta Normal,13126,2,2020-10-17
Metropolitana de Santiago,13,Quinta Normal,13126,2,2020-10-18
Metropolitana de Santiago,13,Quinta Normal,13126,1,2020-10-20
Metropolitana de Santiago,13,Quinta Normal,13126,1,2020-10-21
Metropolitana de Santiago,13,Quinta Normal,13126,1,2020-10-28
Metropolitana de Santiago,13,Quinta Normal,13126,2,2020-10-29
Metropolitana de Santiago,13,Quinta Normal,13126,1,2020-10-31
Metropolitana de Santiago,13,Quinta Normal,13126,1,2020-11-01
Metropolitana de Santiago,13,Quinta Normal,13126,1,2020-11-03
Metropolitana de Santiago,13,Quinta Normal,13126,3,2020-11-04
Metropolitana de Santiago,13,Quinta Normal,13126,1,2020-11-05
Metropolitana de Santiago,13,Quinta Normal,13126,3,2020-11-06
Metropolitana de Santiago,13,Quinta Normal,13126,2,2020-11-08
Metropolitana de Santiago,13,Quinta Normal,13126,2,2020-11-09
Metropolitana de Santiago,13,Quinta Normal,13126,1,2020-11-11
Metropolitana de Santiago,13,Quinta Normal,13126,1,2020-11-16
Metropolitana de Santiago,13,Quinta Normal,13126,3,2020-11-17
Metropolitana de Santiago,13,Quinta Normal,13126,1,2020-11-18
Metropolitana de Santiago,13,Quinta Normal,13126,1,2020-11-20
Metropolitana de Santiago,13,Quinta Normal,13126,2,2020-11-21
Metropolitana de Santiago,13,Quinta Normal,13126,1,2020-11-23
Metropolitana de Santiago,13,Quinta Normal,13126,1,2020-11-24
Metropolitana de Santiago,13,Quinta Normal,13126,2,2020-11-25
Metropolitana de Santiago,13,Quinta Normal,13126,1,2020-11-26
Metropolitana de Santiago,13,Quinta Normal,13126,2,2020-11-27
Metropolitana de Santiago,13,Quinta Normal,13126,1,2020-11-29
Metropolitana de Santiago,13,Quinta Normal,13126,1,2020-11-30
Metropolitana de Santiago,13,Quinta Normal,13126,1,2020-12-02
Metropolitana de Santiago,13,Quinta Normal,13126,2,2020-12-06
Metropolitana de Santiago,13,Quinta Normal,13126,1,2020-12-07
Metropolitana de Santiago,13,Quinta Normal,13126,3,2020-12-08
Metropolitana de Santiago,13,Quinta Normal,13126,2,2020-12-09
Metropolitana de Santiago,13,Quinta Normal,13126,1,2020-12-10
Metropolitana de Santiago,13,Quinta Normal,13126,1,2020-12-11
Metropolitana de Santiago,13,Quinta Normal,13126,3,2020-12-13
Metropolitana de Santiago,13,Quinta Normal,13126,1,2020-12-14
Metropolitana de Santiago,13,Quinta Normal,13126,1,2020-12-15
Metropolitana de Santiago,13,Quinta Normal,13126,2,2020-12-17
Metropolitana de Santiago,13,Quinta Normal,13126,1,2020-12-18
Metropolitana de Santiago,13,Quinta Normal,13126,3,2020-12-19
Metropolitana de Santiago,13,Quinta Normal,13126,2,2020-12-22
Metropolitana de Santiago,13,Quinta Normal,13126,1,2020-12-26
Metropolitana de Santiago,13,Quinta Normal,13126,1,2020-12-27
Metropolitana de Santiago,13,Quinta Normal,13126,2,2020-12-28
Metropolitana de Santiago,13,Quinta Normal,13126,2,2020-12-29
Metropolitana de Santiago,13,Quinta Normal,13126,2,2020-12-30
Metropolitana de Santiago,13,Quinta Normal,13126,2,2020-12-31
Metropolitana de Santiago,13,Quinta Normal,13126,2,2021-01-02
Metropolitana de Santiago,13,Quinta Normal,13126,1,2021-01-03
Metropolitana de Santiago,13,Quinta Normal,13126,2,2021-01-04
Metropolitana de Santiago,13,Quinta Normal,13126,1,2021-01-05
Metropolitana de Santiago,13,Quinta Normal,13126,1,2021-01-07
Metropolitana de Santiago,13,Quinta Normal,13126,2,2021-01-08
Metropolitana de Santiago,13,Quinta Normal,13126,6,2021-01-09
Metropolitana de Santiago,13,Quinta Normal,13126,1,2021-01-11
Metropolitana de Santiago,13,Quinta Normal,13126,1,2021-01-12
Metropolitana de Santiago,13,Quinta Normal,13126,1,2021-01-13
Metropolitana de Santiago,13,Recoleta,13127,1,2020-01-01
Metropolitana de Santiago,13,Recoleta,13127,3,2020-01-02
Metropolitana de Santiago,13,Recoleta,13127,2,2020-01-03
Metropolitana de Santiago,13,Recoleta,13127,5,2020-01-04
Metropolitana de Santiago,13,Recoleta,13127,3,2020-01-05
Metropolitana de Santiago,13,Recoleta,13127,1,2020-01-06
Metropolitana de Santiago,13,Recoleta,13127,1,2020-01-07
Metropolitana de Santiago,13,Recoleta,13127,4,2020-01-08
Metropolitana de Santiago,13,Recoleta,13127,3,2020-01-09
Metropolitana de Santiago,13,Recoleta,13127,5,2020-01-10
Metropolitana de Santiago,13,Recoleta,13127,5,2020-01-11
Metropolitana de Santiago,13,Recoleta,13127,4,2020-01-14
Metropolitana de Santiago,13,Recoleta,13127,3,2020-01-15
Metropolitana de Santiago,13,Recoleta,13127,3,2020-01-16
Metropolitana de Santiago,13,Recoleta,13127,4,2020-01-17
Metropolitana de Santiago,13,Recoleta,13127,4,2020-01-18
Metropolitana de Santiago,13,Recoleta,13127,3,2020-01-19
Metropolitana de Santiago,13,Recoleta,13127,4,2020-01-20
Metropolitana de Santiago,13,Recoleta,13127,2,2020-01-21
Metropolitana de Santiago,13,Recoleta,13127,2,2020-01-22
Metropolitana de Santiago,13,Recoleta,13127,3,2020-01-23
Metropolitana de Santiago,13,Recoleta,13127,1,2020-01-24
Metropolitana de Santiago,13,Recoleta,13127,1,2020-01-25
Metropolitana de Santiago,13,Recoleta,13127,4,2020-01-27
Metropolitana de Santiago,13,Recoleta,13127,3,2020-01-28
Metropolitana de Santiago,13,Recoleta,13127,6,2020-01-29
Metropolitana de Santiago,13,Recoleta,13127,3,2020-01-30
Metropolitana de Santiago,13,Recoleta,13127,2,2020-01-31
Metropolitana de Santiago,13,Recoleta,13127,3,2020-02-01
Metropolitana de Santiago,13,Recoleta,13127,1,2020-02-02
Metropolitana de Santiago,13,Recoleta,13127,4,2020-02-03
Metropolitana de Santiago,13,Recoleta,13127,3,2020-02-04
Metropolitana de Santiago,13,Recoleta,13127,4,2020-02-05
Metropolitana de Santiago,13,Recoleta,13127,2,2020-02-06
Metropolitana de Santiago,13,Recoleta,13127,4,2020-02-07
Metropolitana de Santiago,13,Recoleta,13127,2,2020-02-10
Metropolitana de Santiago,13,Recoleta,13127,5,2020-02-11
Metropolitana de Santiago,13,Recoleta,13127,1,2020-02-12
Metropolitana de Santiago,13,Recoleta,13127,2,2020-02-13
Metropolitana de Santiago,13,Recoleta,13127,4,2020-02-14
Metropolitana de Santiago,13,Recoleta,13127,1,2020-02-15
Metropolitana de Santiago,13,Recoleta,13127,1,2020-02-16
Metropolitana de Santiago,13,Recoleta,13127,4,2020-02-17
Metropolitana de Santiago,13,Recoleta,13127,2,2020-02-18
Metropolitana de Santiago,13,Recoleta,13127,2,2020-02-19
Metropolitana de Santiago,13,Recoleta,13127,1,2020-02-20
Metropolitana de Santiago,13,Recoleta,13127,4,2020-02-21
Metropolitana de Santiago,13,Recoleta,13127,2,2020-02-22
Metropolitana de Santiago,13,Recoleta,13127,1,2020-02-23
Metropolitana de Santiago,13,Recoleta,13127,3,2020-02-24
Metropolitana de Santiago,13,Recoleta,13127,4,2020-02-25
Metropolitana de Santiago,13,Recoleta,13127,1,2020-02-26
Metropolitana de Santiago,13,Recoleta,13127,2,2020-02-27
Metropolitana de Santiago,13,Recoleta,13127,1,2020-02-28
Metropolitana de Santiago,13,Recoleta,13127,4,2020-03-02
Metropolitana de Santiago,13,Recoleta,13127,11,2020-03-03
Metropolitana de Santiago,13,Recoleta,13127,4,2020-03-04
Metropolitana de Santiago,13,Recoleta,13127,2,2020-03-05
Metropolitana de Santiago,13,Recoleta,13127,3,2020-03-06
Metropolitana de Santiago,13,Recoleta,13127,4,2020-03-07
Metropolitana de Santiago,13,Recoleta,13127,6,2020-03-09
Metropolitana de Santiago,13,Recoleta,13127,3,2020-03-10
Metropolitana de Santiago,13,Recoleta,13127,1,2020-03-11
Metropolitana de Santiago,13,Recoleta,13127,3,2020-03-12
Metropolitana de Santiago,13,Recoleta,13127,1,2020-03-13
Metropolitana de Santiago,13,Recoleta,13127,2,2020-03-15
Metropolitana de Santiago,13,Recoleta,13127,2,2020-03-16
Metropolitana de Santiago,13,Recoleta,13127,1,2020-03-17
Metropolitana de Santiago,13,Recoleta,13127,3,2020-03-19
Metropolitana de Santiago,13,Recoleta,13127,3,2020-03-20
Metropolitana de Santiago,13,Recoleta,13127,3,2020-03-22
Metropolitana de Santiago,13,Recoleta,13127,3,2020-03-23
Metropolitana de Santiago,13,Recoleta,13127,5,2020-03-24
Metropolitana de Santiago,13,Recoleta,13127,3,2020-03-25
Metropolitana de Santiago,13,Recoleta,13127,4,2020-03-26
Metropolitana de Santiago,13,Recoleta,13127,3,2020-03-27
Metropolitana de Santiago,13,Recoleta,13127,2,2020-03-28
Metropolitana de Santiago,13,Recoleta,13127,1,2020-03-30
Metropolitana de Santiago,13,Recoleta,13127,2,2020-03-31
Metropolitana de Santiago,13,Recoleta,13127,2,2020-04-02
Metropolitana de Santiago,13,Recoleta,13127,4,2020-04-03
Metropolitana de Santiago,13,Recoleta,13127,2,2020-04-04
Metropolitana de Santiago,13,Recoleta,13127,3,2020-04-05
Metropolitana de Santiago,13,Recoleta,13127,5,2020-04-06
Metropolitana de Santiago,13,Recoleta,13127,3,2020-04-07
Metropolitana de Santiago,13,Recoleta,13127,6,2020-04-08
Metropolitana de Santiago,13,Recoleta,13127,5,2020-04-09
Metropolitana de Santiago,13,Recoleta,13127,3,2020-04-10
Metropolitana de Santiago,13,Recoleta,13127,3,2020-04-11
Metropolitana de Santiago,13,Recoleta,13127,2,2020-04-12
Metropolitana de Santiago,13,Recoleta,13127,3,2020-04-13
Metropolitana de Santiago,13,Recoleta,13127,2,2020-04-14
Metropolitana de Santiago,13,Recoleta,13127,2,2020-04-16
Metropolitana de Santiago,13,Recoleta,13127,6,2020-04-17
Metropolitana de Santiago,13,Recoleta,13127,4,2020-04-18
Metropolitana de Santiago,13,Recoleta,13127,4,2020-04-19
Metropolitana de Santiago,13,Recoleta,13127,4,2020-04-20
Metropolitana de Santiago,13,Recoleta,13127,1,2020-04-21
Metropolitana de Santiago,13,Recoleta,13127,1,2020-04-22
Metropolitana de Santiago,13,Recoleta,13127,2,2020-04-23
Metropolitana de Santiago,13,Recoleta,13127,1,2020-04-24
Metropolitana de Santiago,13,Recoleta,13127,2,2020-04-25
Metropolitana de Santiago,13,Recoleta,13127,1,2020-04-27
Metropolitana de Santiago,13,Recoleta,13127,3,2020-04-28
Metropolitana de Santiago,13,Recoleta,13127,3,2020-04-29
Metropolitana de Santiago,13,Recoleta,13127,1,2020-04-30
Metropolitana de Santiago,13,Recoleta,13127,4,2020-05-02
Metropolitana de Santiago,13,Recoleta,13127,3,2020-05-03
Metropolitana de Santiago,13,Recoleta,13127,5,2020-05-04
Metropolitana de Santiago,13,Recoleta,13127,7,2020-05-05
Metropolitana de Santiago,13,Recoleta,13127,8,2020-05-06
Metropolitana de Santiago,13,Recoleta,13127,3,2020-05-07
Metropolitana de Santiago,13,Recoleta,13127,3,2020-05-08
Metropolitana de Santiago,13,Recoleta,13127,3,2020-05-09
Metropolitana de Santiago,13,Recoleta,13127,3,2020-05-10
Metropolitana de Santiago,13,Recoleta,13127,5,2020-05-11
Metropolitana de Santiago,13,Recoleta,13127,3,2020-05-12
Metropolitana de Santiago,13,Recoleta,13127,4,2020-05-13
Metropolitana de Santiago,13,Recoleta,13127,2,2020-05-14
Metropolitana de Santiago,13,Recoleta,13127,4,2020-05-15
Metropolitana de Santiago,13,Recoleta,13127,4,2020-05-16
Metropolitana de Santiago,13,Recoleta,13127,6,2020-05-17
Metropolitana de Santiago,13,Recoleta,13127,6,2020-05-18
Metropolitana de Santiago,13,Recoleta,13127,4,2020-05-19
Metropolitana de Santiago,13,Recoleta,13127,5,2020-05-20
Metropolitana de Santiago,13,Recoleta,13127,8,2020-05-21
Metropolitana de Santiago,13,Recoleta,13127,13,2020-05-22
Metropolitana de Santiago,13,Recoleta,13127,2,2020-05-23
Metropolitana de Santiago,13,Recoleta,13127,7,2020-05-24
Metropolitana de Santiago,13,Recoleta,13127,18,2020-05-25
Metropolitana de Santiago,13,Recoleta,13127,7,2020-05-26
Metropolitana de Santiago,13,Recoleta,13127,10,2020-05-27
Metropolitana de Santiago,13,Recoleta,13127,11,2020-05-28
Metropolitana de Santiago,13,Recoleta,13127,11,2020-05-29
Metropolitana de Santiago,13,Recoleta,13127,8,2020-05-30
Metropolitana de Santiago,13,Recoleta,13127,8,2020-05-31
Metropolitana de Santiago,13,Recoleta,13127,14,2020-06-01
Metropolitana de Santiago,13,Recoleta,13127,8,2020-06-02
Metropolitana de Santiago,13,Recoleta,13127,12,2020-06-03
Metropolitana de Santiago,13,Recoleta,13127,11,2020-06-04
Metropolitana de Santiago,13,Recoleta,13127,12,2020-06-05
Metropolitana de Santiago,13,Recoleta,13127,10,2020-06-06
Metropolitana de Santiago,13,Recoleta,13127,9,2020-06-07
Metropolitana de Santiago,13,Recoleta,13127,15,2020-06-08
Metropolitana de Santiago,13,Recoleta,13127,14,2020-06-09
Metropolitana de Santiago,13,Recoleta,13127,14,2020-06-10
Metropolitana de Santiago,13,Recoleta,13127,16,2020-06-11
Metropolitana de Santiago,13,Recoleta,13127,10,2020-06-12
Metropolitana de Santiago,13,Recoleta,13127,10,2020-06-13
Metropolitana de Santiago,13,Recoleta,13127,11,2020-06-14
Metropolitana de Santiago,13,Recoleta,13127,12,2020-06-15
Metropolitana de Santiago,13,Recoleta,13127,10,2020-06-16
Metropolitana de Santiago,13,Recoleta,13127,12,2020-06-17
Metropolitana de Santiago,13,Recoleta,13127,11,2020-06-18
Metropolitana de Santiago,13,Recoleta,13127,9,2020-06-19
Metropolitana de Santiago,13,Recoleta,13127,7,2020-06-20
Metropolitana de Santiago,13,Recoleta,13127,7,2020-06-21
Metropolitana de Santiago,13,Recoleta,13127,17,2020-06-22
Metropolitana de Santiago,13,Recoleta,13127,15,2020-06-23
Metropolitana de Santiago,13,Recoleta,13127,11,2020-06-24
Metropolitana de Santiago,13,Recoleta,13127,7,2020-06-25
Metropolitana de Santiago,13,Recoleta,13127,6,2020-06-26
Metropolitana de Santiago,13,Recoleta,13127,11,2020-06-27
Metropolitana de Santiago,13,Recoleta,13127,10,2020-06-28
Metropolitana de Santiago,13,Recoleta,13127,10,2020-06-29
Metropolitana de Santiago,13,Recoleta,13127,10,2020-06-30
Metropolitana de Santiago,13,Recoleta,13127,6,2020-07-01
Metropolitana de Santiago,13,Recoleta,13127,4,2020-07-02
Metropolitana de Santiago,13,Recoleta,13127,5,2020-07-03
Metropolitana de Santiago,13,Recoleta,13127,6,2020-07-04
Metropolitana de Santiago,13,Recoleta,13127,6,2020-07-05
Metropolitana de Santiago,13,Recoleta,13127,7,2020-07-06
Metropolitana de Santiago,13,Recoleta,13127,9,2020-07-07
Metropolitana de Santiago,13,Recoleta,13127,6,2020-07-08
Metropolitana de Santiago,13,Recoleta,13127,6,2020-07-09
Metropolitana de Santiago,13,Recoleta,13127,7,2020-07-10
Metropolitana de Santiago,13,Recoleta,13127,6,2020-07-11
Metropolitana de Santiago,13,Recoleta,13127,4,2020-07-12
Metropolitana de Santiago,13,Recoleta,13127,6,2020-07-13
Metropolitana de Santiago,13,Recoleta,13127,2,2020-07-14
Metropolitana de Santiago,13,Recoleta,13127,2,2020-07-15
Metropolitana de Santiago,13,Recoleta,13127,4,2020-07-16
Metropolitana de Santiago,13,Recoleta,13127,2,2020-07-17
Metropolitana de Santiago,13,Recoleta,13127,9,2020-07-18
Metropolitana de Santiago,13,Recoleta,13127,1,2020-07-19
Metropolitana de Santiago,13,Recoleta,13127,8,2020-07-21
Metropolitana de Santiago,13,Recoleta,13127,2,2020-07-22
Metropolitana de Santiago,13,Recoleta,13127,8,2020-07-23
Metropolitana de Santiago,13,Recoleta,13127,3,2020-07-24
Metropolitana de Santiago,13,Recoleta,13127,6,2020-07-25
Metropolitana de Santiago,13,Recoleta,13127,5,2020-07-26
Metropolitana de Santiago,13,Recoleta,13127,1,2020-07-27
Metropolitana de Santiago,13,Recoleta,13127,7,2020-07-28
Metropolitana de Santiago,13,Recoleta,13127,6,2020-07-29
Metropolitana de Santiago,13,Recoleta,13127,5,2020-07-30
Metropolitana de Santiago,13,Recoleta,13127,7,2020-07-31
Metropolitana de Santiago,13,Recoleta,13127,4,2020-08-01
Metropolitana de Santiago,13,Recoleta,13127,3,2020-08-02
Metropolitana de Santiago,13,Recoleta,13127,3,2020-08-03
Metropolitana de Santiago,13,Recoleta,13127,2,2020-08-05
Metropolitana de Santiago,13,Recoleta,13127,5,2020-08-06
Metropolitana de Santiago,13,Recoleta,13127,1,2020-08-07
Metropolitana de Santiago,13,Recoleta,13127,1,2020-08-08
Metropolitana de Santiago,13,Recoleta,13127,2,2020-08-09
Metropolitana de Santiago,13,Recoleta,13127,1,2020-08-11
Metropolitana de Santiago,13,Recoleta,13127,6,2020-08-12
Metropolitana de Santiago,13,Recoleta,13127,2,2020-08-13
Metropolitana de Santiago,13,Recoleta,13127,2,2020-08-14
Metropolitana de Santiago,13,Recoleta,13127,1,2020-08-15
Metropolitana de Santiago,13,Recoleta,13127,3,2020-08-16
Metropolitana de Santiago,13,Recoleta,13127,6,2020-08-17
Metropolitana de Santiago,13,Recoleta,13127,3,2020-08-18
Metropolitana de Santiago,13,Recoleta,13127,1,2020-08-19
Metropolitana de Santiago,13,Recoleta,13127,3,2020-08-20
Metropolitana de Santiago,13,Recoleta,13127,3,2020-08-21
Metropolitana de Santiago,13,Recoleta,13127,4,2020-08-22
Metropolitana de Santiago,13,Recoleta,13127,4,2020-08-23
Metropolitana de Santiago,13,Recoleta,13127,6,2020-08-24
Metropolitana de Santiago,13,Recoleta,13127,4,2020-08-25
Metropolitana de Santiago,13,Recoleta,13127,6,2020-08-26
Metropolitana de Santiago,13,Recoleta,13127,5,2020-08-27
Metropolitana de Santiago,13,Recoleta,13127,4,2020-08-28
Metropolitana de Santiago,13,Recoleta,13127,4,2020-08-29
Metropolitana de Santiago,13,Recoleta,13127,6,2020-08-30
Metropolitana de Santiago,13,Recoleta,13127,2,2020-08-31
Metropolitana de Santiago,13,Recoleta,13127,1,2020-09-01
Metropolitana de Santiago,13,Recoleta,13127,5,2020-09-02
Metropolitana de Santiago,13,Recoleta,13127,2,2020-09-04
Metropolitana de Santiago,13,Recoleta,13127,5,2020-09-05
Metropolitana de Santiago,13,Recoleta,13127,3,2020-09-06
Metropolitana de Santiago,13,Recoleta,13127,1,2020-09-07
Metropolitana de Santiago,13,Recoleta,13127,3,2020-09-08
Metropolitana de Santiago,13,Recoleta,13127,4,2020-09-09
Metropolitana de Santiago,13,Recoleta,13127,6,2020-09-10
Metropolitana de Santiago,13,Recoleta,13127,5,2020-09-11
Metropolitana de Santiago,13,Recoleta,13127,3,2020-09-12
Metropolitana de Santiago,13,Recoleta,13127,5,2020-09-13
Metropolitana de Santiago,13,Recoleta,13127,4,2020-09-14
Metropolitana de Santiago,13,Recoleta,13127,3,2020-09-15
Metropolitana de Santiago,13,Recoleta,13127,4,2020-09-16
Metropolitana de Santiago,13,Recoleta,13127,6,2020-09-17
Metropolitana de Santiago,13,Recoleta,13127,1,2020-09-18
Metropolitana de Santiago,13,Recoleta,13127,2,2020-09-19
Metropolitana de Santiago,13,Recoleta,13127,2,2020-09-20
Metropolitana de Santiago,13,Recoleta,13127,3,2020-09-22
Metropolitana de Santiago,13,Recoleta,13127,3,2020-09-23
Metropolitana de Santiago,13,Recoleta,13127,8,2020-09-24
Metropolitana de Santiago,13,Recoleta,13127,5,2020-09-25
Metropolitana de Santiago,13,Recoleta,13127,1,2020-09-26
Metropolitana de Santiago,13,Recoleta,13127,3,2020-09-27
Metropolitana de Santiago,13,Recoleta,13127,1,2020-09-28
Metropolitana de Santiago,13,Recoleta,13127,1,2020-09-29
Metropolitana de Santiago,13,Recoleta,13127,4,2020-09-30
Metropolitana de Santiago,13,Recoleta,13127,5,2020-10-01
Metropolitana de Santiago,13,Recoleta,13127,6,2020-10-02
Metropolitana de Santiago,13,Recoleta,13127,4,2020-10-03
Metropolitana de Santiago,13,Recoleta,13127,3,2020-10-04
Metropolitana de Santiago,13,Recoleta,13127,6,2020-10-05
Metropolitana de Santiago,13,Recoleta,13127,3,2020-10-06
Metropolitana de Santiago,13,Recoleta,13127,2,2020-10-07
Metropolitana de Santiago,13,Recoleta,13127,2,2020-10-08
Metropolitana de Santiago,13,Recoleta,13127,5,2020-10-09
Metropolitana de Santiago,13,Recoleta,13127,3,2020-10-10
Metropolitana de Santiago,13,Recoleta,13127,4,2020-10-12
Metropolitana de Santiago,13,Recoleta,13127,3,2020-10-13
Metropolitana de Santiago,13,Recoleta,13127,1,2020-10-14
Metropolitana de Santiago,13,Recoleta,13127,1,2020-10-15
Metropolitana de Santiago,13,Recoleta,13127,1,2020-10-16
Metropolitana de Santiago,13,Recoleta,13127,1,2020-10-17
Metropolitana de Santiago,13,Recoleta,13127,2,2020-10-18
Metropolitana de Santiago,13,Recoleta,13127,3,2020-10-19
Metropolitana de Santiago,13,Recoleta,13127,2,2020-10-21
Metropolitana de Santiago,13,Recoleta,13127,2,2020-10-22
Metropolitana de Santiago,13,Recoleta,13127,2,2020-10-23
Metropolitana de Santiago,13,Recoleta,13127,7,2020-10-24
Metropolitana de Santiago,13,Recoleta,13127,1,2020-10-25
Metropolitana de Santiago,13,Recoleta,13127,1,2020-10-26
Metropolitana de Santiago,13,Recoleta,13127,3,2020-10-27
Metropolitana de Santiago,13,Recoleta,13127,2,2020-10-28
Metropolitana de Santiago,13,Recoleta,13127,7,2020-10-29
Metropolitana de Santiago,13,Recoleta,13127,5,2020-10-30
Metropolitana de Santiago,13,Recoleta,13127,1,2020-10-31
Metropolitana de Santiago,13,Recoleta,13127,2,2020-11-02
Metropolitana de Santiago,13,Recoleta,13127,2,2020-11-03
Metropolitana de Santiago,13,Recoleta,13127,2,2020-11-04
Metropolitana de Santiago,13,Recoleta,13127,5,2020-11-05
Metropolitana de Santiago,13,Recoleta,13127,1,2020-11-06
Metropolitana de Santiago,13,Recoleta,13127,3,2020-11-07
Metropolitana de Santiago,13,Recoleta,13127,2,2020-11-08
Metropolitana de Santiago,13,Recoleta,13127,1,2020-11-09
Metropolitana de Santiago,13,Recoleta,13127,1,2020-11-10
Metropolitana de Santiago,13,Recoleta,13127,1,2020-11-11
Metropolitana de Santiago,13,Recoleta,13127,1,2020-11-12
Metropolitana de Santiago,13,Recoleta,13127,2,2020-11-13
Metropolitana de Santiago,13,Recoleta,13127,4,2020-11-14
Metropolitana de Santiago,13,Recoleta,13127,4,2020-11-15
Metropolitana de Santiago,13,Recoleta,13127,3,2020-11-16
Metropolitana de Santiago,13,Recoleta,13127,3,2020-11-17
Metropolitana de Santiago,13,Recoleta,13127,1,2020-11-18
Metropolitana de Santiago,13,Recoleta,13127,5,2020-11-19
Metropolitana de Santiago,13,Recoleta,13127,4,2020-11-20
Metropolitana de Santiago,13,Recoleta,13127,3,2020-11-21
Metropolitana de Santiago,13,Recoleta,13127,3,2020-11-22
Metropolitana de Santiago,13,Recoleta,13127,2,2020-11-23
Metropolitana de Santiago,13,Recoleta,13127,4,2020-11-24
Metropolitana de Santiago,13,Recoleta,13127,1,2020-11-25
Metropolitana de Santiago,13,Recoleta,13127,1,2020-11-27
Metropolitana de Santiago,13,Recoleta,13127,4,2020-11-28
Metropolitana de Santiago,13,Recoleta,13127,2,2020-11-29
Metropolitana de Santiago,13,Recoleta,13127,3,2020-12-01
Metropolitana de Santiago,13,Recoleta,13127,1,2020-12-02
Metropolitana de Santiago,13,Recoleta,13127,1,2020-12-03
Metropolitana de Santiago,13,Recoleta,13127,4,2020-12-04
Metropolitana de Santiago,13,Recoleta,13127,2,2020-12-05
Metropolitana de Santiago,13,Recoleta,13127,2,2020-12-06
Metropolitana de Santiago,13,Recoleta,13127,4,2020-12-07
Metropolitana de Santiago,13,Recoleta,13127,2,2020-12-08
Metropolitana de Santiago,13,Recoleta,13127,3,2020-12-09
Metropolitana de Santiago,13,Recoleta,13127,2,2020-12-10
Metropolitana de Santiago,13,Recoleta,13127,5,2020-12-11
Metropolitana de Santiago,13,Recoleta,13127,1,2020-12-12
Metropolitana de Santiago,13,Recoleta,13127,3,2020-12-13
Metropolitana de Santiago,13,Recoleta,13127,3,2020-12-14
Metropolitana de Santiago,13,Recoleta,13127,2,2020-12-15
Metropolitana de Santiago,13,Recoleta,13127,5,2020-12-16
Metropolitana de Santiago,13,Recoleta,13127,1,2020-12-17
Metropolitana de Santiago,13,Recoleta,13127,7,2020-12-18
Metropolitana de Santiago,13,Recoleta,13127,5,2020-12-19
Metropolitana de Santiago,13,Recoleta,13127,2,2020-12-20
Metropolitana de Santiago,13,Recoleta,13127,2,2020-12-21
Metropolitana de Santiago,13,Recoleta,13127,5,2020-12-22
Metropolitana de Santiago,13,Recoleta,13127,2,2020-12-23
Metropolitana de Santiago,13,Recoleta,13127,1,2020-12-24
Metropolitana de Santiago,13,Recoleta,13127,5,2020-12-26
Metropolitana de Santiago,13,Recoleta,13127,1,2020-12-27
Metropolitana de Santiago,13,Recoleta,13127,3,2020-12-28
Metropolitana de Santiago,13,Recoleta,13127,2,2020-12-29
Metropolitana de Santiago,13,Recoleta,13127,5,2020-12-30
Metropolitana de Santiago,13,Recoleta,13127,4,2020-12-31
Metropolitana de Santiago,13,Recoleta,13127,9,2021-01-02
Metropolitana de Santiago,13,Recoleta,13127,3,2021-01-03
Metropolitana de Santiago,13,Recoleta,13127,2,2021-01-04
Metropolitana de Santiago,13,Recoleta,13127,3,2021-01-05
Metropolitana de Santiago,13,Recoleta,13127,5,2021-01-06
Metropolitana de Santiago,13,Recoleta,13127,2,2021-01-07
Metropolitana de Santiago,13,Recoleta,13127,6,2021-01-08
Metropolitana de Santiago,13,Recoleta,13127,6,2021-01-09
Metropolitana de Santiago,13,Recoleta,13127,3,2021-01-10
Metropolitana de Santiago,13,Recoleta,13127,6,2021-01-11
Metropolitana de Santiago,13,Recoleta,13127,2,2021-01-12
Metropolitana de Santiago,13,Recoleta,13127,1,2021-01-13
Metropolitana de Santiago,13,Recoleta,13127,2,2021-01-14
Metropolitana de Santiago,13,Renca,13128,2,2020-01-02
Metropolitana de Santiago,13,Renca,13128,1,2020-01-03
Metropolitana de Santiago,13,Renca,13128,2,2020-01-05
Metropolitana de Santiago,13,Renca,13128,1,2020-01-06
Metropolitana de Santiago,13,Renca,13128,3,2020-01-07
Metropolitana de Santiago,13,Renca,13128,1,2020-01-08
Metropolitana de Santiago,13,Renca,13128,1,2020-01-09
Metropolitana de Santiago,13,Renca,13128,1,2020-01-10
Metropolitana de Santiago,13,Renca,13128,1,2020-01-12
Metropolitana de Santiago,13,Renca,13128,1,2020-01-13
Metropolitana de Santiago,13,Renca,13128,1,2020-01-15
Metropolitana de Santiago,13,Renca,13128,2,2020-01-18
Metropolitana de Santiago,13,Renca,13128,3,2020-01-20
Metropolitana de Santiago,13,Renca,13128,2,2020-01-21
Metropolitana de Santiago,13,Renca,13128,2,2020-01-22
Metropolitana de Santiago,13,Renca,13128,4,2020-01-24
Metropolitana de Santiago,13,Renca,13128,3,2020-01-25
Metropolitana de Santiago,13,Renca,13128,4,2020-01-27
Metropolitana de Santiago,13,Renca,13128,1,2020-01-30
Metropolitana de Santiago,13,Renca,13128,2,2020-01-31
Metropolitana de Santiago,13,Renca,13128,2,2020-02-01
Metropolitana de Santiago,13,Renca,13128,1,2020-02-02
Metropolitana de Santiago,13,Renca,13128,2,2020-02-03
Metropolitana de Santiago,13,Renca,13128,1,2020-02-04
Metropolitana de Santiago,13,Renca,13128,1,2020-02-05
Metropolitana de Santiago,13,Renca,13128,1,2020-02-06
Metropolitana de Santiago,13,Renca,13128,1,2020-02-09
Metropolitana de Santiago,13,Renca,13128,2,2020-02-10
Metropolitana de Santiago,13,Renca,13128,2,2020-02-11
Metropolitana de Santiago,13,Renca,13128,1,2020-02-12
Metropolitana de Santiago,13,Renca,13128,1,2020-02-13
Metropolitana de Santiago,13,Renca,13128,1,2020-02-14
Metropolitana de Santiago,13,Renca,13128,1,2020-02-15
Metropolitana de Santiago,13,Renca,13128,4,2020-02-17
Metropolitana de Santiago,13,Renca,13128,1,2020-02-18
Metropolitana de Santiago,13,Renca,13128,1,2020-02-19
Metropolitana de Santiago,13,Renca,13128,1,2020-02-20
Metropolitana de Santiago,13,Renca,13128,1,2020-02-21
Metropolitana de Santiago,13,Renca,13128,2,2020-02-22
Metropolitana de Santiago,13,Renca,13128,3,2020-02-23
Metropolitana de Santiago,13,Renca,13128,2,2020-02-25
Metropolitana de Santiago,13,Renca,13128,1,2020-02-27
Metropolitana de Santiago,13,Renca,13128,1,2020-02-28
Metropolitana de Santiago,13,Renca,13128,1,2020-03-03
Metropolitana de Santiago,13,Renca,13128,2,2020-03-04
Metropolitana de Santiago,13,Renca,13128,1,2020-03-07
Metropolitana de Santiago,13,Renca,13128,1,2020-03-08
Metropolitana de Santiago,13,Renca,13128,2,2020-03-10
Metropolitana de Santiago,13,Renca,13128,1,2020-03-11
Metropolitana de Santiago,13,Renca,13128,1,2020-03-12
Metropolitana de Santiago,13,Renca,13128,1,2020-03-14
Metropolitana de Santiago,13,Renca,13128,1,2020-03-15
Metropolitana de Santiago,13,Renca,13128,1,2020-03-17
Metropolitana de Santiago,13,Renca,13128,1,2020-03-19
Metropolitana de Santiago,13,Renca,13128,1,2020-03-21
Metropolitana de Santiago,13,Renca,13128,3,2020-03-22
Metropolitana de Santiago,13,Renca,13128,2,2020-03-25
Metropolitana de Santiago,13,Renca,13128,2,2020-03-26
Metropolitana de Santiago,13,Renca,13128,2,2020-03-27
Metropolitana de Santiago,13,Renca,13128,1,2020-03-28
Metropolitana de Santiago,13,Renca,13128,1,2020-04-01
Metropolitana de Santiago,13,Renca,13128,1,2020-04-02
Metropolitana de Santiago,13,Renca,13128,2,2020-04-03
Metropolitana de Santiago,13,Renca,13128,1,2020-04-05
Metropolitana de Santiago,13,Renca,13128,2,2020-04-06
Metropolitana de Santiago,13,Renca,13128,3,2020-04-08
Metropolitana de Santiago,13,Renca,13128,2,2020-04-09
Metropolitana de Santiago,13,Renca,13128,1,2020-04-11
Metropolitana de Santiago,13,Renca,13128,2,2020-04-13
Metropolitana de Santiago,13,Renca,13128,1,2020-04-15
Metropolitana de Santiago,13,Renca,13128,3,2020-04-18
Metropolitana de Santiago,13,Renca,13128,1,2020-04-19
Metropolitana de Santiago,13,Renca,13128,1,2020-04-21
Metropolitana de Santiago,13,Renca,13128,3,2020-04-22
Metropolitana de Santiago,13,Renca,13128,2,2020-04-23
Metropolitana de Santiago,13,Renca,13128,2,2020-04-24
Metropolitana de Santiago,13,Renca,13128,2,2020-04-25
Metropolitana de Santiago,13,Renca,13128,2,2020-04-27
Metropolitana de Santiago,13,Renca,13128,1,2020-04-28
Metropolitana de Santiago,13,Renca,13128,1,2020-04-29
Metropolitana de Santiago,13,Renca,13128,1,2020-05-02
Metropolitana de Santiago,13,Renca,13128,2,2020-05-05
Metropolitana de Santiago,13,Renca,13128,1,2020-05-06
Metropolitana de Santiago,13,Renca,13128,5,2020-05-07
Metropolitana de Santiago,13,Renca,13128,2,2020-05-08
Metropolitana de Santiago,13,Renca,13128,1,2020-05-09
Metropolitana de Santiago,13,Renca,13128,3,2020-05-10
Metropolitana de Santiago,13,Renca,13128,1,2020-05-11
Metropolitana de Santiago,13,Renca,13128,2,2020-05-12
Metropolitana de Santiago,13,Renca,13128,2,2020-05-13
Metropolitana de Santiago,13,Renca,13128,2,2020-05-14
Metropolitana de Santiago,13,Renca,13128,2,2020-05-15
Metropolitana de Santiago,13,Renca,13128,1,2020-05-16
Metropolitana de Santiago,13,Renca,13128,4,2020-05-19
Metropolitana de Santiago,13,Renca,13128,1,2020-05-20
Metropolitana de Santiago,13,Renca,13128,2,2020-05-21
Metropolitana de Santiago,13,Renca,13128,3,2020-05-22
Metropolitana de Santiago,13,Renca,13128,2,2020-05-23
Metropolitana de Santiago,13,Renca,13128,2,2020-05-24
Metropolitana de Santiago,13,Renca,13128,4,2020-05-25
Metropolitana de Santiago,13,Renca,13128,1,2020-05-26
Metropolitana de Santiago,13,Renca,13128,1,2020-05-27
Metropolitana de Santiago,13,Renca,13128,2,2020-05-28
Metropolitana de Santiago,13,Renca,13128,2,2020-05-29
Metropolitana de Santiago,13,Renca,13128,2,2020-05-31
Metropolitana de Santiago,13,Renca,13128,3,2020-06-01
Metropolitana de Santiago,13,Renca,13128,5,2020-06-03
Metropolitana de Santiago,13,Renca,13128,1,2020-06-05
Metropolitana de Santiago,13,Renca,13128,1,2020-06-06
Metropolitana de Santiago,13,Renca,13128,1,2020-06-07
Metropolitana de Santiago,13,Renca,13128,2,2020-06-08
Metropolitana de Santiago,13,Renca,13128,2,2020-06-09
Metropolitana de Santiago,13,Renca,13128,4,2020-06-10
Metropolitana de Santiago,13,Renca,13128,4,2020-06-11
Metropolitana de Santiago,13,Renca,13128,2,2020-06-12
Metropolitana de Santiago,13,Renca,13128,4,2020-06-13
Metropolitana de Santiago,13,Renca,13128,2,2020-06-14
Metropolitana de Santiago,13,Renca,13128,3,2020-06-15
Metropolitana de Santiago,13,Renca,13128,1,2020-06-16
Metropolitana de Santiago,13,Renca,13128,4,2020-06-17
Metropolitana de Santiago,13,Renca,13128,1,2020-06-18
Metropolitana de Santiago,13,Renca,13128,2,2020-06-19
Metropolitana de Santiago,13,Renca,13128,3,2020-06-20
Metropolitana de Santiago,13,Renca,13128,4,2020-06-22
Metropolitana de Santiago,13,Renca,13128,2,2020-06-23
Metropolitana de Santiago,13,Renca,13128,1,2020-06-24
Metropolitana de Santiago,13,Renca,13128,1,2020-06-25
Metropolitana de Santiago,13,Renca,13128,2,2020-06-26
Metropolitana de Santiago,13,Renca,13128,3,2020-06-27
Metropolitana de Santiago,13,Renca,13128,3,2020-06-28
Metropolitana de Santiago,13,Renca,13128,1,2020-06-29
Metropolitana de Santiago,13,Renca,13128,2,2020-06-30
Metropolitana de Santiago,13,Renca,13128,4,2020-07-01
Metropolitana de Santiago,13,Renca,13128,1,2020-07-02
Metropolitana de Santiago,13,Renca,13128,2,2020-07-03
Metropolitana de Santiago,13,Renca,13128,1,2020-07-04
Metropolitana de Santiago,13,Renca,13128,2,2020-07-05
Metropolitana de Santiago,13,Renca,13128,2,2020-07-06
Metropolitana de Santiago,13,Renca,13128,5,2020-07-07
Metropolitana de Santiago,13,Renca,13128,2,2020-07-08
Metropolitana de Santiago,13,Renca,13128,2,2020-07-09
Metropolitana de Santiago,13,Renca,13128,3,2020-07-10
Metropolitana de Santiago,13,Renca,13128,2,2020-07-12
Metropolitana de Santiago,13,Renca,13128,1,2020-07-15
Metropolitana de Santiago,13,Renca,13128,2,2020-07-17
Metropolitana de Santiago,13,Renca,13128,1,2020-07-18
Metropolitana de Santiago,13,Renca,13128,1,2020-07-19
Metropolitana de Santiago,13,Renca,13128,1,2020-07-20
Metropolitana de Santiago,13,Renca,13128,3,2020-07-21
Metropolitana de Santiago,13,Renca,13128,1,2020-07-22
Metropolitana de Santiago,13,Renca,13128,1,2020-07-23
Metropolitana de Santiago,13,Renca,13128,3,2020-07-26
Metropolitana de Santiago,13,Renca,13128,2,2020-07-27
Metropolitana de Santiago,13,Renca,13128,1,2020-07-29
Metropolitana de Santiago,13,Renca,13128,1,2020-07-30
Metropolitana de Santiago,13,Renca,13128,4,2020-07-31
Metropolitana de Santiago,13,Renca,13128,2,2020-08-02
Metropolitana de Santiago,13,Renca,13128,2,2020-08-03
Metropolitana de Santiago,13,Renca,13128,2,2020-08-04
Metropolitana de Santiago,13,Renca,13128,4,2020-08-07
Metropolitana de Santiago,13,Renca,13128,1,2020-08-09
Metropolitana de Santiago,13,Renca,13128,1,2020-08-10
Metropolitana de Santiago,13,Renca,13128,2,2020-08-11
Metropolitana de Santiago,13,Renca,13128,2,2020-08-12
Metropolitana de Santiago,13,Renca,13128,2,2020-08-13
Metropolitana de Santiago,13,Renca,13128,2,2020-08-14
Metropolitana de Santiago,13,Renca,13128,1,2020-08-15
Metropolitana de Santiago,13,Renca,13128,2,2020-08-17
Metropolitana de Santiago,13,Renca,13128,1,2020-08-18
Metropolitana de Santiago,13,Renca,13128,2,2020-08-21
Metropolitana de Santiago,13,Renca,13128,3,2020-08-22
Metropolitana de Santiago,13,Renca,13128,1,2020-08-23
Metropolitana de Santiago,13,Renca,13128,4,2020-08-24
Metropolitana de Santiago,13,Renca,13128,2,2020-08-25
Metropolitana de Santiago,13,Renca,13128,3,2020-08-27
Metropolitana de Santiago,13,Renca,13128,2,2020-08-28
Metropolitana de Santiago,13,Renca,13128,1,2020-08-29
Metropolitana de Santiago,13,Renca,13128,1,2020-08-31
Metropolitana de Santiago,13,Renca,13128,1,2020-09-02
Metropolitana de Santiago,13,Renca,13128,3,2020-09-03
Metropolitana de Santiago,13,Renca,13128,2,2020-09-04
Metropolitana de Santiago,13,Renca,13128,1,2020-09-06
Metropolitana de Santiago,13,Renca,13128,1,2020-09-07
Metropolitana de Santiago,13,Renca,13128,1,2020-09-08
Metropolitana de Santiago,13,Renca,13128,1,2020-09-09
Metropolitana de Santiago,13,Renca,13128,4,2020-09-11
Metropolitana de Santiago,13,Renca,13128,1,2020-09-14
Metropolitana de Santiago,13,Renca,13128,2,2020-09-16
Metropolitana de Santiago,13,Renca,13128,2,2020-09-20
Metropolitana de Santiago,13,Renca,13128,1,2020-09-21
Metropolitana de Santiago,13,Renca,13128,3,2020-09-22
Metropolitana de Santiago,13,Renca,13128,1,2020-09-23
Metropolitana de Santiago,13,Renca,13128,1,2020-09-24
Metropolitana de Santiago,13,Renca,13128,1,2020-09-25
Metropolitana de Santiago,13,Renca,13128,1,2020-09-27
Metropolitana de Santiago,13,Renca,13128,1,2020-09-29
Metropolitana de Santiago,13,Renca,13128,2,2020-09-30
Metropolitana de Santiago,13,Renca,13128,3,2020-10-02
Metropolitana de Santiago,13,Renca,13128,1,2020-10-04
Metropolitana de Santiago,13,Renca,13128,2,2020-10-05
Metropolitana de Santiago,13,Renca,13128,1,2020-10-06
Metropolitana de Santiago,13,Renca,13128,2,2020-10-07
Metropolitana de Santiago,13,Renca,13128,1,2020-10-08
Metropolitana de Santiago,13,Renca,13128,1,2020-10-09
Metropolitana de Santiago,13,Renca,13128,1,2020-10-11
Metropolitana de Santiago,13,Renca,13128,1,2020-10-12
Metropolitana de Santiago,13,Renca,13128,1,2020-10-13
Metropolitana de Santiago,13,Renca,13128,2,2020-10-15
Metropolitana de Santiago,13,Renca,13128,2,2020-10-16
Metropolitana de Santiago,13,Renca,13128,4,2020-10-17
Metropolitana de Santiago,13,Renca,13128,2,2020-10-19
Metropolitana de Santiago,13,Renca,13128,2,2020-10-21
Metropolitana de Santiago,13,Renca,13128,1,2020-10-23
Metropolitana de Santiago,13,Renca,13128,4,2020-10-24
Metropolitana de Santiago,13,Renca,13128,1,2020-10-25
Metropolitana de Santiago,13,Renca,13128,1,2020-10-27
Metropolitana de Santiago,13,Renca,13128,1,2020-10-28
Metropolitana de Santiago,13,Renca,13128,2,2020-10-29
Metropolitana de Santiago,13,Renca,13128,3,2020-10-30
Metropolitana de Santiago,13,Renca,13128,2,2020-11-01
Metropolitana de Santiago,13,Renca,13128,2,2020-11-02
Metropolitana de Santiago,13,Renca,13128,2,2020-11-04
Metropolitana de Santiago,13,Renca,13128,1,2020-11-05
Metropolitana de Santiago,13,Renca,13128,2,2020-11-06
Metropolitana de Santiago,13,Renca,13128,1,2020-11-09
Metropolitana de Santiago,13,Renca,13128,2,2020-11-10
Metropolitana de Santiago,13,Renca,13128,1,2020-11-12
Metropolitana de Santiago,13,Renca,13128,2,2020-11-14
Metropolitana de Santiago,13,Renca,13128,1,2020-11-15
Metropolitana de Santiago,13,Renca,13128,1,2020-11-16
Metropolitana de Santiago,13,Renca,13128,2,2020-11-18
Metropolitana de Santiago,13,Renca,13128,1,2020-11-19
Metropolitana de Santiago,13,Renca,13128,2,2020-11-20
Metropolitana de Santiago,13,Renca,13128,3,2020-11-23
Metropolitana de Santiago,13,Renca,13128,1,2020-11-24
Metropolitana de Santiago,13,Renca,13128,1,2020-11-25
Metropolitana de Santiago,13,Renca,13128,2,2020-11-27
Metropolitana de Santiago,13,Renca,13128,1,2020-11-29
Metropolitana de Santiago,13,Renca,13128,1,2020-12-01
Metropolitana de Santiago,13,Renca,13128,1,2020-12-02
Metropolitana de Santiago,13,Renca,13128,2,2020-12-04
Metropolitana de Santiago,13,Renca,13128,1,2020-12-06
Metropolitana de Santiago,13,Renca,13128,5,2020-12-07
Metropolitana de Santiago,13,Renca,13128,1,2020-12-09
Metropolitana de Santiago,13,Renca,13128,3,2020-12-11
Metropolitana de Santiago,13,Renca,13128,1,2020-12-13
Metropolitana de Santiago,13,Renca,13128,3,2020-12-14
Metropolitana de Santiago,13,Renca,13128,2,2020-12-15
Metropolitana de Santiago,13,Renca,13128,2,2020-12-17
Metropolitana de Santiago,13,Renca,13128,2,2020-12-18
Metropolitana de Santiago,13,Renca,13128,2,2020-12-20
Metropolitana de Santiago,13,Renca,13128,2,2020-12-21
Metropolitana de Santiago,13,Renca,13128,2,2020-12-22
Metropolitana de Santiago,13,Renca,13128,2,2020-12-23
Metropolitana de Santiago,13,Renca,13128,1,2020-12-26
Metropolitana de Santiago,13,Renca,13128,1,2020-12-27
Metropolitana de Santiago,13,Renca,13128,2,2020-12-29
Metropolitana de Santiago,13,Renca,13128,3,2021-01-02
Metropolitana de Santiago,13,Renca,13128,1,2021-01-10
Metropolitana de Santiago,13,Renca,13128,1,2021-01-11
Metropolitana de Santiago,13,Renca,13128,2,2021-01-12
Metropolitana de Santiago,13,Renca,13128,1,2021-01-13
Metropolitana de Santiago,13,Renca,13128,1,2021-01-14
Metropolitana de Santiago,13,San Joaquín,13129,4,2020-01-02
Metropolitana de Santiago,13,San Joaquín,13129,3,2020-01-04
Metropolitana de Santiago,13,San Joaquín,13129,1,2020-01-06
Metropolitana de Santiago,13,San Joaquín,13129,1,2020-01-07
Metropolitana de Santiago,13,San Joaquín,13129,1,2020-01-08
Metropolitana de Santiago,13,San Joaquín,13129,1,2020-01-09
Metropolitana de Santiago,13,San Joaquín,13129,1,2020-01-11
Metropolitana de Santiago,13,San Joaquín,13129,1,2020-01-12
Metropolitana de Santiago,13,San Joaquín,13129,2,2020-01-13
Metropolitana de Santiago,13,San Joaquín,13129,2,2020-01-14
Metropolitana de Santiago,13,San Joaquín,13129,1,2020-01-15
Metropolitana de Santiago,13,San Joaquín,13129,1,2020-01-16
Metropolitana de Santiago,13,San Joaquín,13129,1,2020-01-17
Metropolitana de Santiago,13,San Joaquín,13129,1,2020-01-18
Metropolitana de Santiago,13,San Joaquín,13129,3,2020-01-19
Metropolitana de Santiago,13,San Joaquín,13129,1,2020-01-20
Metropolitana de Santiago,13,San Joaquín,13129,1,2020-01-21
Metropolitana de Santiago,13,San Joaquín,13129,1,2020-01-23
Metropolitana de Santiago,13,San Joaquín,13129,1,2020-01-25
Metropolitana de Santiago,13,San Joaquín,13129,2,2020-01-26
Metropolitana de Santiago,13,San Joaquín,13129,4,2020-01-27
Metropolitana de Santiago,13,San Joaquín,13129,2,2020-01-28
Metropolitana de Santiago,13,San Joaquín,13129,1,2020-01-29
Metropolitana de Santiago,13,San Joaquín,13129,2,2020-01-30
Metropolitana de Santiago,13,San Joaquín,13129,2,2020-01-31
Metropolitana de Santiago,13,San Joaquín,13129,2,2020-02-02
Metropolitana de Santiago,13,San Joaquín,13129,1,2020-02-04
Metropolitana de Santiago,13,San Joaquín,13129,1,2020-02-06
Metropolitana de Santiago,13,San Joaquín,13129,1,2020-02-08
Metropolitana de Santiago,13,San Joaquín,13129,2,2020-02-09
Metropolitana de Santiago,13,San Joaquín,13129,1,2020-02-10
Metropolitana de Santiago,13,San Joaquín,13129,1,2020-02-13
Metropolitana de Santiago,13,San Joaquín,13129,1,2020-02-14
Metropolitana de Santiago,13,San Joaquín,13129,1,2020-02-19
Metropolitana de Santiago,13,San Joaquín,13129,1,2020-02-20
Metropolitana de Santiago,13,San Joaquín,13129,1,2020-02-21
Metropolitana de Santiago,13,San Joaquín,13129,1,2020-02-23
Metropolitana de Santiago,13,San Joaquín,13129,2,2020-02-24
Metropolitana de Santiago,13,San Joaquín,13129,2,2020-02-25
Metropolitana de Santiago,13,San Joaquín,13129,1,2020-02-26
Metropolitana de Santiago,13,San Joaquín,13129,1,2020-02-27
Metropolitana de Santiago,13,San Joaquín,13129,1,2020-02-28
Metropolitana de Santiago,13,San Joaquín,13129,1,2020-03-01
Metropolitana de Santiago,13,San Joaquín,13129,0,2020-03-04
Metropolitana de Santiago,13,San Joaquín,13129,1,2020-03-05
Metropolitana de Santiago,13,San Joaquín,13129,1,2020-03-06
Metropolitana de Santiago,13,San Joaquín,13129,1,2020-03-08
Metropolitana de Santiago,13,San Joaquín,13129,1,2020-03-11
Metropolitana de Santiago,13,San Joaquín,13129,1,2020-03-12
Metropolitana de Santiago,13,San Joaquín,13129,3,2020-03-15
Metropolitana de Santiago,13,San Joaquín,13129,5,2020-03-16
Metropolitana de Santiago,13,San Joaquín,13129,1,2020-03-17
Metropolitana de Santiago,13,San Joaquín,13129,2,2020-03-18
Metropolitana de Santiago,13,San Joaquín,13129,1,2020-03-19
Metropolitana de Santiago,13,San Joaquín,13129,1,2020-03-20
Metropolitana de Santiago,13,San Joaquín,13129,4,2020-03-21
Metropolitana de Santiago,13,San Joaquín,13129,1,2020-03-22
Metropolitana de Santiago,13,San Joaquín,13129,2,2020-03-23
Metropolitana de Santiago,13,San Joaquín,13129,1,2020-03-25
Metropolitana de Santiago,13,San Joaquín,13129,1,2020-03-26
Metropolitana de Santiago,13,San Joaquín,13129,2,2020-03-29
Metropolitana de Santiago,13,San Joaquín,13129,2,2020-04-01
Metropolitana de Santiago,13,San Joaquín,13129,1,2020-04-03
Metropolitana de Santiago,13,San Joaquín,13129,3,2020-04-04
Metropolitana de Santiago,13,San Joaquín,13129,1,2020-04-07
Metropolitana de Santiago,13,San Joaquín,13129,1,2020-04-08
Metropolitana de Santiago,13,San Joaquín,13129,2,2020-04-09
Metropolitana de Santiago,13,San Joaquín,13129,1,2020-04-10
Metropolitana de Santiago,13,San Joaquín,13129,1,2020-04-11
Metropolitana de Santiago,13,San Joaquín,13129,1,2020-04-12
Metropolitana de Santiago,13,San Joaquín,13129,1,2020-04-14
Metropolitana de Santiago,13,San Joaquín,13129,1,2020-04-15
Metropolitana de Santiago,13,San Joaquín,13129,1,2020-04-16
Metropolitana de Santiago,13,San Joaquín,13129,2,2020-04-17
Metropolitana de Santiago,13,San Joaquín,13129,2,2020-04-19
Metropolitana de Santiago,13,San Joaquín,13129,2,2020-04-22
Metropolitana de Santiago,13,San Joaquín,13129,3,2020-04-24
Metropolitana de Santiago,13,San Joaquín,13129,2,2020-04-25
Metropolitana de Santiago,13,San Joaquín,13129,3,2020-04-27
Metropolitana de Santiago,13,San Joaquín,13129,1,2020-04-28
Metropolitana de Santiago,13,San Joaquín,13129,1,2020-04-30
Metropolitana de Santiago,13,San Joaquín,13129,3,2020-05-02
Metropolitana de Santiago,13,San Joaquín,13129,1,2020-05-03
Metropolitana de Santiago,13,San Joaquín,13129,2,2020-05-04
Metropolitana de Santiago,13,San Joaquín,13129,2,2020-05-05
Metropolitana de Santiago,13,San Joaquín,13129,2,2020-05-06
Metropolitana de Santiago,13,San Joaquín,13129,2,2020-05-08
Metropolitana de Santiago,13,San Joaquín,13129,1,2020-05-09
Metropolitana de Santiago,13,San Joaquín,13129,1,2020-05-10
Metropolitana de Santiago,13,San Joaquín,13129,1,2020-05-11
Metropolitana de Santiago,13,San Joaquín,13129,2,2020-05-13
Metropolitana de Santiago,13,San Joaquín,13129,1,2020-05-14
Metropolitana de Santiago,13,San Joaquín,13129,3,2020-05-16
Metropolitana de Santiago,13,San Joaquín,13129,3,2020-05-17
Metropolitana de Santiago,13,San Joaquín,13129,4,2020-05-18
Metropolitana de Santiago,13,San Joaquín,13129,1,2020-05-20
Metropolitana de Santiago,13,San Joaquín,13129,1,2020-05-21
Metropolitana de Santiago,13,San Joaquín,13129,2,2020-05-23
Metropolitana de Santiago,13,San Joaquín,13129,1,2020-05-25
Metropolitana de Santiago,13,San Joaquín,13129,1,2020-05-26
Metropolitana de Santiago,13,San Joaquín,13129,1,2020-05-27
Metropolitana de Santiago,13,San Joaquín,13129,2,2020-05-28
Metropolitana de Santiago,13,San Joaquín,13129,4,2020-05-29
Metropolitana de Santiago,13,San Joaquín,13129,2,2020-05-30
Metropolitana de Santiago,13,San Joaquín,13129,2,2020-05-31
Metropolitana de Santiago,13,San Joaquín,13129,4,2020-06-01
Metropolitana de Santiago,13,San Joaquín,13129,3,2020-06-02
Metropolitana de Santiago,13,San Joaquín,13129,2,2020-06-03
Metropolitana de Santiago,13,San Joaquín,13129,1,2020-06-04
Metropolitana de Santiago,13,San Joaquín,13129,1,2020-06-05
Metropolitana de Santiago,13,San Joaquín,13129,3,2020-06-06
Metropolitana de Santiago,13,San Joaquín,13129,1,2020-06-07
Metropolitana de Santiago,13,San Joaquín,13129,4,2020-06-08
Metropolitana de Santiago,13,San Joaquín,13129,2,2020-06-09
Metropolitana de Santiago,13,San Joaquín,13129,1,2020-06-10
Metropolitana de Santiago,13,San Joaquín,13129,3,2020-06-12
Metropolitana de Santiago,13,San Joaquín,13129,1,2020-06-13
Metropolitana de Santiago,13,San Joaquín,13129,1,2020-06-14
Metropolitana de Santiago,13,San Joaquín,13129,3,2020-06-15
Metropolitana de Santiago,13,San Joaquín,13129,3,2020-06-16
Metropolitana de Santiago,13,San Joaquín,13129,4,2020-06-17
Metropolitana de Santiago,13,San Joaquín,13129,2,2020-06-18
Metropolitana de Santiago,13,San Joaquín,13129,2,2020-06-20
Metropolitana de Santiago,13,San Joaquín,13129,2,2020-06-21
Metropolitana de Santiago,13,San Joaquín,13129,3,2020-06-22
Metropolitana de Santiago,13,San Joaquín,13129,1,2020-06-23
Metropolitana de Santiago,13,San Joaquín,13129,5,2020-06-24
Metropolitana de Santiago,13,San Joaquín,13129,2,2020-06-25
Metropolitana de Santiago,13,San Joaquín,13129,1,2020-06-26
Metropolitana de Santiago,13,San Joaquín,13129,4,2020-06-29
Metropolitana de Santiago,13,San Joaquín,13129,2,2020-07-01
Metropolitana de Santiago,13,San Joaquín,13129,3,2020-07-02
Metropolitana de Santiago,13,San Joaquín,13129,2,2020-07-04
Metropolitana de Santiago,13,San Joaquín,13129,2,2020-07-05
Metropolitana de Santiago,13,San Joaquín,13129,1,2020-07-07
Metropolitana de Santiago,13,San Joaquín,13129,3,2020-07-09
Metropolitana de Santiago,13,San Joaquín,13129,1,2020-07-12
Metropolitana de Santiago,13,San Joaquín,13129,6,2020-07-13
Metropolitana de Santiago,13,San Joaquín,13129,1,2020-07-14
Metropolitana de Santiago,13,San Joaquín,13129,1,2020-07-15
Metropolitana de Santiago,13,San Joaquín,13129,2,2020-07-16
Metropolitana de Santiago,13,San Joaquín,13129,1,2020-07-17
Metropolitana de Santiago,13,San Joaquín,13129,2,2020-07-18
Metropolitana de Santiago,13,San Joaquín,13129,4,2020-07-20
Metropolitana de Santiago,13,San Joaquín,13129,4,2020-07-22
Metropolitana de Santiago,13,San Joaquín,13129,1,2020-07-23
Metropolitana de Santiago,13,San Joaquín,13129,4,2020-07-24
Metropolitana de Santiago,13,San Joaquín,13129,1,2020-07-25
Metropolitana de Santiago,13,San Joaquín,13129,1,2020-07-31
Metropolitana de Santiago,13,San Joaquín,13129,2,2020-08-01
Metropolitana de Santiago,13,San Joaquín,13129,1,2020-08-02
Metropolitana de Santiago,13,San Joaquín,13129,2,2020-08-03
Metropolitana de Santiago,13,San Joaquín,13129,3,2020-08-05
Metropolitana de Santiago,13,San Joaquín,13129,2,2020-08-06
Metropolitana de Santiago,13,San Joaquín,13129,2,2020-08-07
Metropolitana de Santiago,13,San Joaquín,13129,1,2020-08-08
Metropolitana de Santiago,13,San Joaquín,13129,2,2020-08-09
Metropolitana de Santiago,13,San Joaquín,13129,2,2020-08-10
Metropolitana de Santiago,13,San Joaquín,13129,1,2020-08-12
Metropolitana de Santiago,13,San Joaquín,13129,5,2020-08-13
Metropolitana de Santiago,13,San Joaquín,13129,2,2020-08-14
Metropolitana de Santiago,13,San Joaquín,13129,1,2020-08-15
Metropolitana de Santiago,13,San Joaquín,13129,1,2020-08-16
Metropolitana de Santiago,13,San Joaquín,13129,3,2020-08-17
Metropolitana de Santiago,13,San Joaquín,13129,2,2020-08-18
Metropolitana de Santiago,13,San Joaquín,13129,1,2020-08-19
Metropolitana de Santiago,13,San Joaquín,13129,1,2020-08-21
Metropolitana de Santiago,13,San Joaquín,13129,1,2020-08-23
Metropolitana de Santiago,13,San Joaquín,13129,1,2020-08-25
Metropolitana de Santiago,13,San Joaquín,13129,1,2020-08-26
Metropolitana de Santiago,13,San Joaquín,13129,3,2020-08-28
Metropolitana de Santiago,13,San Joaquín,13129,2,2020-08-29
Metropolitana de Santiago,13,San Joaquín,13129,3,2020-08-31
Metropolitana de Santiago,13,San Joaquín,13129,3,2020-09-03
Metropolitana de Santiago,13,San Joaquín,13129,3,2020-09-06
Metropolitana de Santiago,13,San Joaquín,13129,1,2020-09-07
Metropolitana de Santiago,13,San Joaquín,13129,1,2020-09-08
Metropolitana de Santiago,13,San Joaquín,13129,3,2020-09-09
Metropolitana de Santiago,13,San Joaquín,13129,3,2020-09-10
Metropolitana de Santiago,13,San Joaquín,13129,2,2020-09-11
Metropolitana de Santiago,13,San Joaquín,13129,4,2020-09-12
Metropolitana de Santiago,13,San Joaquín,13129,3,2020-09-14
Metropolitana de Santiago,13,San Joaquín,13129,1,2020-09-16
Metropolitana de Santiago,13,San Joaquín,13129,3,2020-09-18
Metropolitana de Santiago,13,San Joaquín,13129,1,2020-09-21
Metropolitana de Santiago,13,San Joaquín,13129,2,2020-09-22
Metropolitana de Santiago,13,San Joaquín,13129,2,2020-09-24
Metropolitana de Santiago,13,San Joaquín,13129,3,2020-09-30
Metropolitana de Santiago,13,San Joaquín,13129,2,2020-10-01
Metropolitana de Santiago,13,San Joaquín,13129,1,2020-10-02
Metropolitana de Santiago,13,San Joaquín,13129,2,2020-10-03
Metropolitana de Santiago,13,San Joaquín,13129,1,2020-10-04
Metropolitana de Santiago,13,San Joaquín,13129,2,2020-10-07
Metropolitana de Santiago,13,San Joaquín,13129,1,2020-10-08
Metropolitana de Santiago,13,San Joaquín,13129,2,2020-10-09
Metropolitana de Santiago,13,San Joaquín,13129,1,2020-10-12
Metropolitana de Santiago,13,San Joaquín,13129,1,2020-10-13
Metropolitana de Santiago,13,San Joaquín,13129,2,2020-10-14
Metropolitana de Santiago,13,San Joaquín,13129,2,2020-10-15
Metropolitana de Santiago,13,San Joaquín,13129,1,2020-10-16
Metropolitana de Santiago,13,San Joaquín,13129,2,2020-10-17
Metropolitana de Santiago,13,San Joaquín,13129,1,2020-10-18
Metropolitana de Santiago,13,San Joaquín,13129,1,2020-10-19
Metropolitana de Santiago,13,San Joaquín,13129,2,2020-10-20
Metropolitana de Santiago,13,San Joaquín,13129,2,2020-10-21
Metropolitana de Santiago,13,San Joaquín,13129,1,2020-10-22
Metropolitana de Santiago,13,San Joaquín,13129,1,2020-10-23
Metropolitana de Santiago,13,San Joaquín,13129,2,2020-10-24
Metropolitana de Santiago,13,San Joaquín,13129,1,2020-10-25
Metropolitana de Santiago,13,San Joaquín,13129,1,2020-10-27
Metropolitana de Santiago,13,San Joaquín,13129,2,2020-10-30
Metropolitana de Santiago,13,San Joaquín,13129,1,2020-10-31
Metropolitana de Santiago,13,San Joaquín,13129,2,2020-11-02
Metropolitana de Santiago,13,San Joaquín,13129,2,2020-11-03
Metropolitana de Santiago,13,San Joaquín,13129,1,2020-11-04
Metropolitana de Santiago,13,San Joaquín,13129,3,2020-11-06
Metropolitana de Santiago,13,San Joaquín,13129,1,2020-11-07
Metropolitana de Santiago,13,San Joaquín,13129,1,2020-11-08
Metropolitana de Santiago,13,San Joaquín,13129,2,2020-11-09
Metropolitana de Santiago,13,San Joaquín,13129,2,2020-11-12
Metropolitana de Santiago,13,San Joaquín,13129,2,2020-11-13
Metropolitana de Santiago,13,San Joaquín,13129,2,2020-11-15
Metropolitana de Santiago,13,San Joaquín,13129,1,2020-11-16
Metropolitana de Santiago,13,San Joaquín,13129,2,2020-11-17
Metropolitana de Santiago,13,San Joaquín,13129,2,2020-11-18
Metropolitana de Santiago,13,San Joaquín,13129,1,2020-11-21
Metropolitana de Santiago,13,San Joaquín,13129,2,2020-11-22
Metropolitana de Santiago,13,San Joaquín,13129,1,2020-11-23
Metropolitana de Santiago,13,San Joaquín,13129,1,2020-11-24
Metropolitana de Santiago,13,San Joaquín,13129,1,2020-11-27
Metropolitana de Santiago,13,San Joaquín,13129,1,2020-11-29
Metropolitana de Santiago,13,San Joaquín,13129,1,2020-11-30
Metropolitana de Santiago,13,San Joaquín,13129,3,2020-12-01
Metropolitana de Santiago,13,San Joaquín,13129,1,2020-12-02
Metropolitana de Santiago,13,San Joaquín,13129,1,2020-12-06
Metropolitana de Santiago,13,San Joaquín,13129,1,2020-12-07
Metropolitana de Santiago,13,San Joaquín,13129,1,2020-12-09
Metropolitana de Santiago,13,San Joaquín,13129,2,2020-12-11
Metropolitana de Santiago,13,San Joaquín,13129,2,2020-12-12
Metropolitana de Santiago,13,San Joaquín,13129,1,2020-12-14
Metropolitana de Santiago,13,San Joaquín,13129,1,2020-12-15
Metropolitana de Santiago,13,San Joaquín,13129,1,2020-12-16
Metropolitana de Santiago,13,San Joaquín,13129,2,2020-12-18
Metropolitana de Santiago,13,San Joaquín,13129,2,2020-12-19
Metropolitana de Santiago,13,San Joaquín,13129,1,2020-12-20
Metropolitana de Santiago,13,San Joaquín,13129,3,2020-12-26
Metropolitana de Santiago,13,San Joaquín,13129,1,2020-12-27
Metropolitana de Santiago,13,San Joaquín,13129,1,2020-12-28
Metropolitana de Santiago,13,San Joaquín,13129,1,2020-12-29
Metropolitana de Santiago,13,San Joaquín,13129,2,2020-12-30
Metropolitana de Santiago,13,San Joaquín,13129,2,2021-01-02
Metropolitana de Santiago,13,San Joaquín,13129,1,2021-01-04
Metropolitana de Santiago,13,San Joaquín,13129,1,2021-01-05
Metropolitana de Santiago,13,San Joaquín,13129,3,2021-01-06
Metropolitana de Santiago,13,San Joaquín,13129,3,2021-01-07
Metropolitana de Santiago,13,San Joaquín,13129,1,2021-01-09
Metropolitana de Santiago,13,San Joaquín,13129,1,2021-01-11
Metropolitana de Santiago,13,San Joaquín,13129,2,2021-01-12
Metropolitana de Santiago,13,San Miguel,13130,9,2020-01-02
Metropolitana de Santiago,13,San Miguel,13130,6,2020-01-03
Metropolitana de Santiago,13,San Miguel,13130,2,2020-01-04
Metropolitana de Santiago,13,San Miguel,13130,8,2020-01-05
Metropolitana de Santiago,13,San Miguel,13130,10,2020-01-06
Metropolitana de Santiago,13,San Miguel,13130,5,2020-01-07
Metropolitana de Santiago,13,San Miguel,13130,4,2020-01-08
Metropolitana de Santiago,13,San Miguel,13130,8,2020-01-09
Metropolitana de Santiago,13,San Miguel,13130,8,2020-01-10
Metropolitana de Santiago,13,San Miguel,13130,3,2020-01-11
Metropolitana de Santiago,13,San Miguel,13130,6,2020-01-12
Metropolitana de Santiago,13,San Miguel,13130,6,2020-01-13
Metropolitana de Santiago,13,San Miguel,13130,6,2020-01-14
Metropolitana de Santiago,13,San Miguel,13130,6,2020-01-15
Metropolitana de Santiago,13,San Miguel,13130,5,2020-01-16
Metropolitana de Santiago,13,San Miguel,13130,3,2020-01-17
Metropolitana de Santiago,13,San Miguel,13130,5,2020-01-18
Metropolitana de Santiago,13,San Miguel,13130,3,2020-01-19
Metropolitana de Santiago,13,San Miguel,13130,3,2020-01-20
Metropolitana de Santiago,13,San Miguel,13130,6,2020-01-21
Metropolitana de Santiago,13,San Miguel,13130,7,2020-01-22
Metropolitana de Santiago,13,San Miguel,13130,6,2020-01-23
Metropolitana de Santiago,13,San Miguel,13130,3,2020-01-24
Metropolitana de Santiago,13,San Miguel,13130,2,2020-01-25
Metropolitana de Santiago,13,San Miguel,13130,4,2020-01-26
Metropolitana de Santiago,13,San Miguel,13130,6,2020-01-27
Metropolitana de Santiago,13,San Miguel,13130,3,2020-01-28
Metropolitana de Santiago,13,San Miguel,13130,8,2020-01-29
Metropolitana de Santiago,13,San Miguel,13130,4,2020-01-30
Metropolitana de Santiago,13,San Miguel,13130,5,2020-01-31
Metropolitana de Santiago,13,San Miguel,13130,5,2020-02-01
Metropolitana de Santiago,13,San Miguel,13130,3,2020-02-02
Metropolitana de Santiago,13,San Miguel,13130,7,2020-02-03
Metropolitana de Santiago,13,San Miguel,13130,6,2020-02-04
Metropolitana de Santiago,13,San Miguel,13130,4,2020-02-05
Metropolitana de Santiago,13,San Miguel,13130,7,2020-02-06
Metropolitana de Santiago,13,San Miguel,13130,4,2020-02-07
Metropolitana de Santiago,13,San Miguel,13130,4,2020-02-08
Metropolitana de Santiago,13,San Miguel,13130,2,2020-02-09
Metropolitana de Santiago,13,San Miguel,13130,10,2020-02-10
Metropolitana de Santiago,13,San Miguel,13130,12,2020-02-11
Metropolitana de Santiago,13,San Miguel,13130,3,2020-02-12
Metropolitana de Santiago,13,San Miguel,13130,4,2020-02-13
Metropolitana de Santiago,13,San Miguel,13130,6,2020-02-14
Metropolitana de Santiago,13,San Miguel,13130,4,2020-02-15
Metropolitana de Santiago,13,San Miguel,13130,2,2020-02-16
Metropolitana de Santiago,13,San Miguel,13130,9,2020-02-17
Metropolitana de Santiago,13,San Miguel,13130,4,2020-02-18
Metropolitana de Santiago,13,San Miguel,13130,2,2020-02-19
Metropolitana de Santiago,13,San Miguel,13130,3,2020-02-20
Metropolitana de Santiago,13,San Miguel,13130,3,2020-02-21
Metropolitana de Santiago,13,San Miguel,13130,1,2020-02-22
Metropolitana de Santiago,13,San Miguel,13130,5,2020-02-24
Metropolitana de Santiago,13,San Miguel,13130,11,2020-02-25
Metropolitana de Santiago,13,San Miguel,13130,7,2020-02-26
Metropolitana de Santiago,13,San Miguel,13130,2,2020-02-27
Metropolitana de Santiago,13,San Miguel,13130,5,2020-02-28
Metropolitana de Santiago,13,San Miguel,13130,4,2020-03-02
Metropolitana de Santiago,13,San Miguel,13130,16,2020-03-03
Metropolitana de Santiago,13,San Miguel,13130,9,2020-03-04
Metropolitana de Santiago,13,San Miguel,13130,5,2020-03-05
Metropolitana de Santiago,13,San Miguel,13130,6,2020-03-06
Metropolitana de Santiago,13,San Miguel,13130,1,2020-03-07
Metropolitana de Santiago,13,San Miguel,13130,4,2020-03-08
Metropolitana de Santiago,13,San Miguel,13130,10,2020-03-09
Metropolitana de Santiago,13,San Miguel,13130,6,2020-03-10
Metropolitana de Santiago,13,San Miguel,13130,8,2020-03-11
Metropolitana de Santiago,13,San Miguel,13130,4,2020-03-12
Metropolitana de Santiago,13,San Miguel,13130,7,2020-03-13
Metropolitana de Santiago,13,San Miguel,13130,3,2020-03-14
Metropolitana de Santiago,13,San Miguel,13130,1,2020-03-15
Metropolitana de Santiago,13,San Miguel,13130,11,2020-03-16
Metropolitana de Santiago,13,San Miguel,13130,8,2020-03-17
Metropolitana de Santiago,13,San Miguel,13130,8,2020-03-18
Metropolitana de Santiago,13,San Miguel,13130,7,2020-03-19
Metropolitana de Santiago,13,San Miguel,13130,8,2020-03-20
Metropolitana de Santiago,13,San Miguel,13130,4,2020-03-23
Metropolitana de Santiago,13,San Miguel,13130,4,2020-03-24
Metropolitana de Santiago,13,San Miguel,13130,10,2020-03-25
Metropolitana de Santiago,13,San Miguel,13130,9,2020-03-26
Metropolitana de Santiago,13,San Miguel,13130,4,2020-03-27
Metropolitana de Santiago,13,San Miguel,13130,3,2020-03-28
Metropolitana de Santiago,13,San Miguel,13130,4,2020-03-29
Metropolitana de Santiago,13,San Miguel,13130,5,2020-03-30
Metropolitana de Santiago,13,San Miguel,13130,5,2020-03-31
Metropolitana de Santiago,13,San Miguel,13130,2,2020-04-01
Metropolitana de Santiago,13,San Miguel,13130,6,2020-04-02
Metropolitana de Santiago,13,San Miguel,13130,8,2020-04-03
Metropolitana de Santiago,13,San Miguel,13130,3,2020-04-04
Metropolitana de Santiago,13,San Miguel,13130,2,2020-04-05
Metropolitana de Santiago,13,San Miguel,13130,9,2020-04-06
Metropolitana de Santiago,13,San Miguel,13130,6,2020-04-07
Metropolitana de Santiago,13,San Miguel,13130,5,2020-04-08
Metropolitana de Santiago,13,San Miguel,13130,5,2020-04-09
Metropolitana de Santiago,13,San Miguel,13130,5,2020-04-10
Metropolitana de Santiago,13,San Miguel,13130,5,2020-04-11
Metropolitana de Santiago,13,San Miguel,13130,5,2020-04-12
Metropolitana de Santiago,13,San Miguel,13130,5,2020-04-13
Metropolitana de Santiago,13,San Miguel,13130,6,2020-04-14
Metropolitana de Santiago,13,San Miguel,13130,5,2020-04-15
Metropolitana de Santiago,13,San Miguel,13130,9,2020-04-16
Metropolitana de Santiago,13,San Miguel,13130,6,2020-04-17
Metropolitana de Santiago,13,San Miguel,13130,4,2020-04-18
Metropolitana de Santiago,13,San Miguel,13130,4,2020-04-19
Metropolitana de Santiago,13,San Miguel,13130,9,2020-04-20
Metropolitana de Santiago,13,San Miguel,13130,5,2020-04-21
Metropolitana de Santiago,13,San Miguel,13130,7,2020-04-22
Metropolitana de Santiago,13,San Miguel,13130,7,2020-04-23
Metropolitana de Santiago,13,San Miguel,13130,4,2020-04-24
Metropolitana de Santiago,13,San Miguel,13130,5,2020-04-25
Metropolitana de Santiago,13,San Miguel,13130,2,2020-04-26
Metropolitana de Santiago,13,San Miguel,13130,7,2020-04-27
Metropolitana de Santiago,13,San Miguel,13130,6,2020-04-28
Metropolitana de Santiago,13,San Miguel,13130,4,2020-04-29
Metropolitana de Santiago,13,San Miguel,13130,5,2020-04-30
Metropolitana de Santiago,13,San Miguel,13130,1,2020-05-01
Metropolitana de Santiago,13,San Miguel,13130,8,2020-05-02
Metropolitana de Santiago,13,San Miguel,13130,6,2020-05-04
Metropolitana de Santiago,13,San Miguel,13130,5,2020-05-05
Metropolitana de Santiago,13,San Miguel,13130,6,2020-05-06
Metropolitana de Santiago,13,San Miguel,13130,5,2020-05-07
Metropolitana de Santiago,13,San Miguel,13130,7,2020-05-08
Metropolitana de Santiago,13,San Miguel,13130,5,2020-05-09
Metropolitana de Santiago,13,San Miguel,13130,4,2020-05-10
Metropolitana de Santiago,13,San Miguel,13130,11,2020-05-11
Metropolitana de Santiago,13,San Miguel,13130,8,2020-05-12
Metropolitana de Santiago,13,San Miguel,13130,8,2020-05-13
Metropolitana de Santiago,13,San Miguel,13130,6,2020-05-14
Metropolitana de Santiago,13,San Miguel,13130,15,2020-05-15
Metropolitana de Santiago,13,San Miguel,13130,2,2020-05-16
Metropolitana de Santiago,13,San Miguel,13130,9,2020-05-17
Metropolitana de Santiago,13,San Miguel,13130,8,2020-05-18
Metropolitana de Santiago,13,San Miguel,13130,10,2020-05-19
Metropolitana de Santiago,13,San Miguel,13130,21,2020-05-20
Metropolitana de Santiago,13,San Miguel,13130,7,2020-05-21
Metropolitana de Santiago,13,San Miguel,13130,16,2020-05-22
Metropolitana de Santiago,13,San Miguel,13130,10,2020-05-23
Metropolitana de Santiago,13,San Miguel,13130,7,2020-05-24
Metropolitana de Santiago,13,San Miguel,13130,16,2020-05-25
Metropolitana de Santiago,13,San Miguel,13130,8,2020-05-26
Metropolitana de Santiago,13,San Miguel,13130,23,2020-05-27
Metropolitana de Santiago,13,San Miguel,13130,10,2020-05-28
Metropolitana de Santiago,13,San Miguel,13130,22,2020-05-29
Metropolitana de Santiago,13,San Miguel,13130,26,2020-05-30
Metropolitana de Santiago,13,San Miguel,13130,14,2020-05-31
Metropolitana de Santiago,13,San Miguel,13130,13,2020-06-01
Metropolitana de Santiago,13,San Miguel,13130,23,2020-06-02
Metropolitana de Santiago,13,San Miguel,13130,18,2020-06-03
Metropolitana de Santiago,13,San Miguel,13130,24,2020-06-04
Metropolitana de Santiago,13,San Miguel,13130,22,2020-06-05
Metropolitana de Santiago,13,San Miguel,13130,14,2020-06-06
Metropolitana de Santiago,13,San Miguel,13130,21,2020-06-07
Metropolitana de Santiago,13,San Miguel,13130,25,2020-06-08
Metropolitana de Santiago,13,San Miguel,13130,18,2020-06-09
Metropolitana de Santiago,13,San Miguel,13130,21,2020-06-10
Metropolitana de Santiago,13,San Miguel,13130,14,2020-06-11
Metropolitana de Santiago,13,San Miguel,13130,21,2020-06-12
Metropolitana de Santiago,13,San Miguel,13130,19,2020-06-13
Metropolitana de Santiago,13,San Miguel,13130,13,2020-06-14
Metropolitana de Santiago,13,San Miguel,13130,32,2020-06-15
Metropolitana de Santiago,13,San Miguel,13130,15,2020-06-16
Metropolitana de Santiago,13,San Miguel,13130,30,2020-06-17
Metropolitana de Santiago,13,San Miguel,13130,15,2020-06-18
Metropolitana de Santiago,13,San Miguel,13130,22,2020-06-19
Metropolitana de Santiago,13,San Miguel,13130,23,2020-06-20
Metropolitana de Santiago,13,San Miguel,13130,18,2020-06-21
Metropolitana de Santiago,13,San Miguel,13130,23,2020-06-22
Metropolitana de Santiago,13,San Miguel,13130,13,2020-06-23
Metropolitana de Santiago,13,San Miguel,13130,22,2020-06-24
Metropolitana de Santiago,13,San Miguel,13130,14,2020-06-25
Metropolitana de Santiago,13,San Miguel,13130,12,2020-06-26
Metropolitana de Santiago,13,San Miguel,13130,14,2020-06-27
Metropolitana de Santiago,13,San Miguel,13130,16,2020-06-28
Metropolitana de Santiago,13,San Miguel,13130,14,2020-06-29
Metropolitana de Santiago,13,San Miguel,13130,13,2020-06-30
Metropolitana de Santiago,13,San Miguel,13130,8,2020-07-01
Metropolitana de Santiago,13,San Miguel,13130,16,2020-07-02
Metropolitana de Santiago,13,San Miguel,13130,15,2020-07-03
Metropolitana de Santiago,13,San Miguel,13130,21,2020-07-04
Metropolitana de Santiago,13,San Miguel,13130,10,2020-07-05
Metropolitana de Santiago,13,San Miguel,13130,11,2020-07-06
Metropolitana de Santiago,13,San Miguel,13130,16,2020-07-07
Metropolitana de Santiago,13,San Miguel,13130,11,2020-07-08
Metropolitana de Santiago,13,San Miguel,13130,13,2020-07-09
Metropolitana de Santiago,13,San Miguel,13130,15,2020-07-10
Metropolitana de Santiago,13,San Miguel,13130,6,2020-07-11
Metropolitana de Santiago,13,San Miguel,13130,4,2020-07-12
Metropolitana de Santiago,13,San Miguel,13130,17,2020-07-13
Metropolitana de Santiago,13,San Miguel,13130,13,2020-07-14
Metropolitana de Santiago,13,San Miguel,13130,11,2020-07-15
Metropolitana de Santiago,13,San Miguel,13130,7,2020-07-16
Metropolitana de Santiago,13,San Miguel,13130,12,2020-07-17
Metropolitana de Santiago,13,San Miguel,13130,12,2020-07-18
Metropolitana de Santiago,13,San Miguel,13130,7,2020-07-19
Metropolitana de Santiago,13,San Miguel,13130,8,2020-07-20
Metropolitana de Santiago,13,San Miguel,13130,13,2020-07-21
Metropolitana de Santiago,13,San Miguel,13130,8,2020-07-22
Metropolitana de Santiago,13,San Miguel,13130,6,2020-07-23
Metropolitana de Santiago,13,San Miguel,13130,14,2020-07-24
Metropolitana de Santiago,13,San Miguel,13130,9,2020-07-25
Metropolitana de Santiago,13,San Miguel,13130,3,2020-07-26
Metropolitana de Santiago,13,San Miguel,13130,11,2020-07-27
Metropolitana de Santiago,13,San Miguel,13130,7,2020-07-28
Metropolitana de Santiago,13,San Miguel,13130,10,2020-07-29
Metropolitana de Santiago,13,San Miguel,13130,8,2020-07-30
Metropolitana de Santiago,13,San Miguel,13130,9,2020-07-31
Metropolitana de Santiago,13,San Miguel,13130,9,2020-08-01
Metropolitana de Santiago,13,San Miguel,13130,8,2020-08-02
Metropolitana de Santiago,13,San Miguel,13130,5,2020-08-03
Metropolitana de Santiago,13,San Miguel,13130,7,2020-08-04
Metropolitana de Santiago,13,San Miguel,13130,12,2020-08-05
Metropolitana de Santiago,13,San Miguel,13130,6,2020-08-06
Metropolitana de Santiago,13,San Miguel,13130,7,2020-08-07
Metropolitana de Santiago,13,San Miguel,13130,5,2020-08-08
Metropolitana de Santiago,13,San Miguel,13130,8,2020-08-09
Metropolitana de Santiago,13,San Miguel,13130,10,2020-08-10
Metropolitana de Santiago,13,San Miguel,13130,5,2020-08-11
Metropolitana de Santiago,13,San Miguel,13130,6,2020-08-12
Metropolitana de Santiago,13,San Miguel,13130,11,2020-08-13
Metropolitana de Santiago,13,San Miguel,13130,6,2020-08-14
Metropolitana de Santiago,13,San Miguel,13130,6,2020-08-15
Metropolitana de Santiago,13,San Miguel,13130,10,2020-08-16
Metropolitana de Santiago,13,San Miguel,13130,10,2020-08-17
Metropolitana de Santiago,13,San Miguel,13130,10,2020-08-18
Metropolitana de Santiago,13,San Miguel,13130,10,2020-08-19
Metropolitana de Santiago,13,San Miguel,13130,7,2020-08-20
Metropolitana de Santiago,13,San Miguel,13130,5,2020-08-21
Metropolitana de Santiago,13,San Miguel,13130,4,2020-08-22
Metropolitana de Santiago,13,San Miguel,13130,8,2020-08-23
Metropolitana de Santiago,13,San Miguel,13130,13,2020-08-24
Metropolitana de Santiago,13,San Miguel,13130,8,2020-08-25
Metropolitana de Santiago,13,San Miguel,13130,8,2020-08-26
Metropolitana de Santiago,13,San Miguel,13130,9,2020-08-27
Metropolitana de Santiago,13,San Miguel,13130,9,2020-08-28
Metropolitana de Santiago,13,San Miguel,13130,5,2020-08-29
Metropolitana de Santiago,13,San Miguel,13130,4,2020-08-30
Metropolitana de Santiago,13,San Miguel,13130,10,2020-08-31
Metropolitana de Santiago,13,San Miguel,13130,15,2020-09-01
Metropolitana de Santiago,13,San Miguel,13130,3,2020-09-02
Metropolitana de Santiago,13,San Miguel,13130,11,2020-09-03
Metropolitana de Santiago,13,San Miguel,13130,3,2020-09-04
Metropolitana de Santiago,13,San Miguel,13130,10,2020-09-05
Metropolitana de Santiago,13,San Miguel,13130,5,2020-09-06
Metropolitana de Santiago,13,San Miguel,13130,5,2020-09-07
Metropolitana de Santiago,13,San Miguel,13130,4,2020-09-08
Metropolitana de Santiago,13,San Miguel,13130,5,2020-09-09
Metropolitana de Santiago,13,San Miguel,13130,1,2020-09-10
Metropolitana de Santiago,13,San Miguel,13130,8,2020-09-11
Metropolitana de Santiago,13,San Miguel,13130,10,2020-09-12
Metropolitana de Santiago,13,San Miguel,13130,6,2020-09-13
Metropolitana de Santiago,13,San Miguel,13130,2,2020-09-14
Metropolitana de Santiago,13,San Miguel,13130,8,2020-09-15
Metropolitana de Santiago,13,San Miguel,13130,11,2020-09-16
Metropolitana de Santiago,13,San Miguel,13130,2,2020-09-17
Metropolitana de Santiago,13,San Miguel,13130,6,2020-09-18
Metropolitana de Santiago,13,San Miguel,13130,8,2020-09-19
Metropolitana de Santiago,13,San Miguel,13130,3,2020-09-20
Metropolitana de Santiago,13,San Miguel,13130,13,2020-09-21
Metropolitana de Santiago,13,San Miguel,13130,12,2020-09-22
Metropolitana de Santiago,13,San Miguel,13130,5,2020-09-23
Metropolitana de Santiago,13,San Miguel,13130,10,2020-09-24
Metropolitana de Santiago,13,San Miguel,13130,9,2020-09-25
Metropolitana de Santiago,13,San Miguel,13130,9,2020-09-26
Metropolitana de Santiago,13,San Miguel,13130,7,2020-09-27
Metropolitana de Santiago,13,San Miguel,13130,7,2020-09-28
Metropolitana de Santiago,13,San Miguel,13130,11,2020-09-29
Metropolitana de Santiago,13,San Miguel,13130,3,2020-09-30
Metropolitana de Santiago,13,San Miguel,13130,7,2020-10-01
Metropolitana de Santiago,13,San Miguel,13130,8,2020-10-02
Metropolitana de Santiago,13,San Miguel,13130,6,2020-10-03
Metropolitana de Santiago,13,San Miguel,13130,2,2020-10-04
Metropolitana de Santiago,13,San Miguel,13130,10,2020-10-05
Metropolitana de Santiago,13,San Miguel,13130,2,2020-10-06
Metropolitana de Santiago,13,San Miguel,13130,10,2020-10-07
Metropolitana de Santiago,13,San Miguel,13130,4,2020-10-08
Metropolitana de Santiago,13,San Miguel,13130,7,2020-10-09
Metropolitana de Santiago,13,San Miguel,13130,2,2020-10-10
Metropolitana de Santiago,13,San Miguel,13130,10,2020-10-11
Metropolitana de Santiago,13,San Miguel,13130,5,2020-10-12
Metropolitana de Santiago,13,San Miguel,13130,6,2020-10-13
Metropolitana de Santiago,13,San Miguel,13130,10,2020-10-14
Metropolitana de Santiago,13,San Miguel,13130,10,2020-10-15
Metropolitana de Santiago,13,San Miguel,13130,12,2020-10-16
Metropolitana de Santiago,13,San Miguel,13130,9,2020-10-17
Metropolitana de Santiago,13,San Miguel,13130,5,2020-10-18
Metropolitana de Santiago,13,San Miguel,13130,5,2020-10-19
Metropolitana de Santiago,13,San Miguel,13130,6,2020-10-20
Metropolitana de Santiago,13,San Miguel,13130,11,2020-10-21
Metropolitana de Santiago,13,San Miguel,13130,5,2020-10-22
Metropolitana de Santiago,13,San Miguel,13130,8,2020-10-23
Metropolitana de Santiago,13,San Miguel,13130,5,2020-10-24
Metropolitana de Santiago,13,San Miguel,13130,2,2020-10-25
Metropolitana de Santiago,13,San Miguel,13130,3,2020-10-26
Metropolitana de Santiago,13,San Miguel,13130,8,2020-10-27
Metropolitana de Santiago,13,San Miguel,13130,7,2020-10-28
Metropolitana de Santiago,13,San Miguel,13130,5,2020-10-29
Metropolitana de Santiago,13,San Miguel,13130,5,2020-10-30
Metropolitana de Santiago,13,San Miguel,13130,6,2020-10-31
Metropolitana de Santiago,13,San Miguel,13130,5,2020-11-01
Metropolitana de Santiago,13,San Miguel,13130,6,2020-11-02
Metropolitana de Santiago,13,San Miguel,13130,3,2020-11-03
Metropolitana de Santiago,13,San Miguel,13130,5,2020-11-04
Metropolitana de Santiago,13,San Miguel,13130,7,2020-11-05
Metropolitana de Santiago,13,San Miguel,13130,6,2020-11-06
Metropolitana de Santiago,13,San Miguel,13130,5,2020-11-07
Metropolitana de Santiago,13,San Miguel,13130,12,2020-11-08
Metropolitana de Santiago,13,San Miguel,13130,6,2020-11-09
Metropolitana de Santiago,13,San Miguel,13130,5,2020-11-10
Metropolitana de Santiago,13,San Miguel,13130,9,2020-11-11
Metropolitana de Santiago,13,San Miguel,13130,3,2020-11-12
Metropolitana de Santiago,13,San Miguel,13130,6,2020-11-13
Metropolitana de Santiago,13,San Miguel,13130,7,2020-11-14
Metropolitana de Santiago,13,San Miguel,13130,2,2020-11-15
Metropolitana de Santiago,13,San Miguel,13130,9,2020-11-16
Metropolitana de Santiago,13,San Miguel,13130,8,2020-11-17
Metropolitana de Santiago,13,San Miguel,13130,8,2020-11-18
Metropolitana de Santiago,13,San Miguel,13130,7,2020-11-19
Metropolitana de Santiago,13,San Miguel,13130,4,2020-11-20
Metropolitana de Santiago,13,San Miguel,13130,5,2020-11-21
Metropolitana de Santiago,13,San Miguel,13130,6,2020-11-22
Metropolitana de Santiago,13,San Miguel,13130,3,2020-11-23
Metropolitana de Santiago,13,San Miguel,13130,4,2020-11-24
Metropolitana de Santiago,13,San Miguel,13130,7,2020-11-25
Metropolitana de Santiago,13,San Miguel,13130,5,2020-11-26
Metropolitana de Santiago,13,San Miguel,13130,8,2020-11-27
Metropolitana de Santiago,13,San Miguel,13130,5,2020-11-28
Metropolitana de Santiago,13,San Miguel,13130,4,2020-11-29
Metropolitana de Santiago,13,San Miguel,13130,6,2020-11-30
Metropolitana de Santiago,13,San Miguel,13130,5,2020-12-01
Metropolitana de Santiago,13,San Miguel,13130,5,2020-12-02
Metropolitana de Santiago,13,San Miguel,13130,13,2020-12-03
Metropolitana de Santiago,13,San Miguel,13130,5,2020-12-04
Metropolitana de Santiago,13,San Miguel,13130,2,2020-12-05
Metropolitana de Santiago,13,San Miguel,13130,3,2020-12-06
Metropolitana de Santiago,13,San Miguel,13130,5,2020-12-07
Metropolitana de Santiago,13,San Miguel,13130,5,2020-12-08
Metropolitana de Santiago,13,San Miguel,13130,5,2020-12-09
Metropolitana de Santiago,13,San Miguel,13130,3,2020-12-10
Metropolitana de Santiago,13,San Miguel,13130,11,2020-12-11
Metropolitana de Santiago,13,San Miguel,13130,3,2020-12-12
Metropolitana de Santiago,13,San Miguel,13130,2,2020-12-13
Metropolitana de Santiago,13,San Miguel,13130,6,2020-12-14
Metropolitana de Santiago,13,San Miguel,13130,6,2020-12-15
Metropolitana de Santiago,13,San Miguel,13130,8,2020-12-16
Metropolitana de Santiago,13,San Miguel,13130,10,2020-12-17
Metropolitana de Santiago,13,San Miguel,13130,3,2020-12-18
Metropolitana de Santiago,13,San Miguel,13130,1,2020-12-19
Metropolitana de Santiago,13,San Miguel,13130,2,2020-12-20
Metropolitana de Santiago,13,San Miguel,13130,6,2020-12-21
Metropolitana de Santiago,13,San Miguel,13130,5,2020-12-22
Metropolitana de Santiago,13,San Miguel,13130,5,2020-12-23
Metropolitana de Santiago,13,San Miguel,13130,10,2020-12-24
Metropolitana de Santiago,13,San Miguel,13130,10,2020-12-26
Metropolitana de Santiago,13,San Miguel,13130,4,2020-12-27
Metropolitana de Santiago,13,San Miguel,13130,6,2020-12-28
Metropolitana de Santiago,13,San Miguel,13130,4,2020-12-29
Metropolitana de Santiago,13,San Miguel,13130,6,2020-12-30
Metropolitana de Santiago,13,San Miguel,13130,5,2020-12-31
Metropolitana de Santiago,13,San Miguel,13130,1,2021-01-01
Metropolitana de Santiago,13,San Miguel,13130,8,2021-01-02
Metropolitana de Santiago,13,San Miguel,13130,5,2021-01-03
Metropolitana de Santiago,13,San Miguel,13130,8,2021-01-04
Metropolitana de Santiago,13,San Miguel,13130,8,2021-01-05
Metropolitana de Santiago,13,San Miguel,13130,7,2021-01-06
Metropolitana de Santiago,13,San Miguel,13130,8,2021-01-07
Metropolitana de Santiago,13,San Miguel,13130,6,2021-01-08
Metropolitana de Santiago,13,San Miguel,13130,10,2021-01-09
Metropolitana de Santiago,13,San Miguel,13130,10,2021-01-10
Metropolitana de Santiago,13,San Miguel,13130,5,2021-01-11
Metropolitana de Santiago,13,San Miguel,13130,6,2021-01-12
Metropolitana de Santiago,13,San Miguel,13130,5,2021-01-13
Metropolitana de Santiago,13,San Miguel,13130,1,2021-01-14
Metropolitana de Santiago,13,San Ramón,13131,4,2020-01-02
Metropolitana de Santiago,13,San Ramón,13131,4,2020-01-03
Metropolitana de Santiago,13,San Ramón,13131,3,2020-01-04
Metropolitana de Santiago,13,San Ramón,13131,3,2020-01-05
Metropolitana de Santiago,13,San Ramón,13131,3,2020-01-06
Metropolitana de Santiago,13,San Ramón,13131,4,2020-01-08
Metropolitana de Santiago,13,San Ramón,13131,2,2020-01-09
Metropolitana de Santiago,13,San Ramón,13131,1,2020-01-10
Metropolitana de Santiago,13,San Ramón,13131,3,2020-01-13
Metropolitana de Santiago,13,San Ramón,13131,2,2020-01-15
Metropolitana de Santiago,13,San Ramón,13131,3,2020-01-16
Metropolitana de Santiago,13,San Ramón,13131,6,2020-01-17
Metropolitana de Santiago,13,San Ramón,13131,2,2020-01-18
Metropolitana de Santiago,13,San Ramón,13131,4,2020-01-19
Metropolitana de Santiago,13,San Ramón,13131,5,2020-01-20
Metropolitana de Santiago,13,San Ramón,13131,3,2020-01-21
Metropolitana de Santiago,13,San Ramón,13131,1,2020-01-22
Metropolitana de Santiago,13,San Ramón,13131,3,2020-01-23
Metropolitana de Santiago,13,San Ramón,13131,4,2020-01-24
Metropolitana de Santiago,13,San Ramón,13131,4,2020-01-25
Metropolitana de Santiago,13,San Ramón,13131,3,2020-01-26
Metropolitana de Santiago,13,San Ramón,13131,5,2020-01-27
Metropolitana de Santiago,13,San Ramón,13131,2,2020-01-28
Metropolitana de Santiago,13,San Ramón,13131,3,2020-01-29
Metropolitana de Santiago,13,San Ramón,13131,3,2020-01-30
Metropolitana de Santiago,13,San Ramón,13131,3,2020-01-31
Metropolitana de Santiago,13,San Ramón,13131,4,2020-02-01
Metropolitana de Santiago,13,San Ramón,13131,1,2020-02-02
Metropolitana de Santiago,13,San Ramón,13131,3,2020-02-03
Metropolitana de Santiago,13,San Ramón,13131,2,2020-02-04
Metropolitana de Santiago,13,San Ramón,13131,2,2020-02-05
Metropolitana de Santiago,13,San Ramón,13131,2,2020-02-06
Metropolitana de Santiago,13,San Ramón,13131,7,2020-02-07
Metropolitana de Santiago,13,San Ramón,13131,1,2020-02-08
Metropolitana de Santiago,13,San Ramón,13131,2,2020-02-10
Metropolitana de Santiago,13,San Ramón,13131,2,2020-02-11
Metropolitana de Santiago,13,San Ramón,13131,4,2020-02-12
Metropolitana de Santiago,13,San Ramón,13131,4,2020-02-13
Metropolitana de Santiago,13,San Ramón,13131,2,2020-02-14
Metropolitana de Santiago,13,San Ramón,13131,3,2020-02-15
Metropolitana de Santiago,13,San Ramón,13131,2,2020-02-16
Metropolitana de Santiago,13,San Ramón,13131,4,2020-02-17
Metropolitana de Santiago,13,San Ramón,13131,4,2020-02-18
Metropolitana de Santiago,13,San Ramón,13131,1,2020-02-19
Metropolitana de Santiago,13,San Ramón,13131,1,2020-02-20
Metropolitana de Santiago,13,San Ramón,13131,4,2020-02-21
Metropolitana de Santiago,13,San Ramón,13131,1,2020-02-22
Metropolitana de Santiago,13,San Ramón,13131,4,2020-02-23
Metropolitana de Santiago,13,San Ramón,13131,1,2020-02-24
Metropolitana de Santiago,13,San Ramón,13131,3,2020-02-25
Metropolitana de Santiago,13,San Ramón,13131,1,2020-02-26
Metropolitana de Santiago,13,San Ramón,13131,3,2020-02-27
Metropolitana de Santiago,13,San Ramón,13131,3,2020-02-28
Metropolitana de Santiago,13,San Ramón,13131,2,2020-02-29
Metropolitana de Santiago,13,San Ramón,13131,6,2020-03-02
Metropolitana de Santiago,13,San Ramón,13131,5,2020-03-03
Metropolitana de Santiago,13,San Ramón,13131,6,2020-03-04
Metropolitana de Santiago,13,San Ramón,13131,2,2020-03-05
Metropolitana de Santiago,13,San Ramón,13131,2,2020-03-06
Metropolitana de Santiago,13,San Ramón,13131,2,2020-03-07
Metropolitana de Santiago,13,San Ramón,13131,5,2020-03-09
Metropolitana de Santiago,13,San Ramón,13131,4,2020-03-10
Metropolitana de Santiago,13,San Ramón,13131,2,2020-03-11
Metropolitana de Santiago,13,San Ramón,13131,3,2020-03-12
Metropolitana de Santiago,13,San Ramón,13131,1,2020-03-13
Metropolitana de Santiago,13,San Ramón,13131,2,2020-03-14
Metropolitana de Santiago,13,San Ramón,13131,2,2020-03-15
Metropolitana de Santiago,13,San Ramón,13131,3,2020-03-16
Metropolitana de Santiago,13,San Ramón,13131,3,2020-03-18
Metropolitana de Santiago,13,San Ramón,13131,4,2020-03-19
Metropolitana de Santiago,13,San Ramón,13131,4,2020-03-20
Metropolitana de Santiago,13,San Ramón,13131,4,2020-03-21
Metropolitana de Santiago,13,San Ramón,13131,1,2020-03-23
Metropolitana de Santiago,13,San Ramón,13131,2,2020-03-24
Metropolitana de Santiago,13,San Ramón,13131,2,2020-03-25
Metropolitana de Santiago,13,San Ramón,13131,3,2020-03-26
Metropolitana de Santiago,13,San Ramón,13131,2,2020-03-27
Metropolitana de Santiago,13,San Ramón,13131,3,2020-03-28
Metropolitana de Santiago,13,San Ramón,13131,1,2020-03-29
Metropolitana de Santiago,13,San Ramón,13131,4,2020-03-30
Metropolitana de Santiago,13,San Ramón,13131,2,2020-03-31
Metropolitana de Santiago,13,San Ramón,13131,3,2020-04-01
Metropolitana de Santiago,13,San Ramón,13131,4,2020-04-02
Metropolitana de Santiago,13,San Ramón,13131,2,2020-04-03
Metropolitana de Santiago,13,San Ramón,13131,1,2020-04-04
Metropolitana de Santiago,13,San Ramón,13131,5,2020-04-06
Metropolitana de Santiago,13,San Ramón,13131,3,2020-04-07
Metropolitana de Santiago,13,San Ramón,13131,3,2020-04-08
Metropolitana de Santiago,13,San Ramón,13131,2,2020-04-09
Metropolitana de Santiago,13,San Ramón,13131,2,2020-04-10
Metropolitana de Santiago,13,San Ramón,13131,3,2020-04-11
Metropolitana de Santiago,13,San Ramón,13131,2,2020-04-12
Metropolitana de Santiago,13,San Ramón,13131,7,2020-04-13
Metropolitana de Santiago,13,San Ramón,13131,5,2020-04-14
Metropolitana de Santiago,13,San Ramón,13131,3,2020-04-15
Metropolitana de Santiago,13,San Ramón,13131,1,2020-04-16
Metropolitana de Santiago,13,San Ramón,13131,4,2020-04-17
Metropolitana de Santiago,13,San Ramón,13131,2,2020-04-19
Metropolitana de Santiago,13,San Ramón,13131,8,2020-04-20
Metropolitana de Santiago,13,San Ramón,13131,3,2020-04-21
Metropolitana de Santiago,13,San Ramón,13131,4,2020-04-22
Metropolitana de Santiago,13,San Ramón,13131,7,2020-04-23
Metropolitana de Santiago,13,San Ramón,13131,2,2020-04-24
Metropolitana de Santiago,13,San Ramón,13131,2,2020-04-25
Metropolitana de Santiago,13,San Ramón,13131,5,2020-04-26
Metropolitana de Santiago,13,San Ramón,13131,3,2020-04-27
Metropolitana de Santiago,13,San Ramón,13131,2,2020-04-28
Metropolitana de Santiago,13,San Ramón,13131,3,2020-04-29
Metropolitana de Santiago,13,San Ramón,13131,2,2020-04-30
Metropolitana de Santiago,13,San Ramón,13131,1,2020-05-01
Metropolitana de Santiago,13,San Ramón,13131,5,2020-05-02
Metropolitana de Santiago,13,San Ramón,13131,3,2020-05-03
Metropolitana de Santiago,13,San Ramón,13131,3,2020-05-04
Metropolitana de Santiago,13,San Ramón,13131,4,2020-05-05
Metropolitana de Santiago,13,San Ramón,13131,4,2020-05-06
Metropolitana de Santiago,13,San Ramón,13131,10,2020-05-07
Metropolitana de Santiago,13,San Ramón,13131,2,2020-05-08
Metropolitana de Santiago,13,San Ramón,13131,2,2020-05-09
Metropolitana de Santiago,13,San Ramón,13131,5,2020-05-10
Metropolitana de Santiago,13,San Ramón,13131,3,2020-05-11
Metropolitana de Santiago,13,San Ramón,13131,2,2020-05-12
Metropolitana de Santiago,13,San Ramón,13131,4,2020-05-13
Metropolitana de Santiago,13,San Ramón,13131,5,2020-05-14
Metropolitana de Santiago,13,San Ramón,13131,7,2020-05-15
Metropolitana de Santiago,13,San Ramón,13131,3,2020-05-16
Metropolitana de Santiago,13,San Ramón,13131,8,2020-05-17
Metropolitana de Santiago,13,San Ramón,13131,8,2020-05-18
Metropolitana de Santiago,13,San Ramón,13131,11,2020-05-19
Metropolitana de Santiago,13,San Ramón,13131,9,2020-05-20
Metropolitana de Santiago,13,San Ramón,13131,5,2020-05-21
Metropolitana de Santiago,13,San Ramón,13131,16,2020-05-22
Metropolitana de Santiago,13,San Ramón,13131,6,2020-05-23
Metropolitana de Santiago,13,San Ramón,13131,7,2020-05-24
Metropolitana de Santiago,13,San Ramón,13131,9,2020-05-25
Metropolitana de Santiago,13,San Ramón,13131,15,2020-05-26
Metropolitana de Santiago,13,San Ramón,13131,11,2020-05-27
Metropolitana de Santiago,13,San Ramón,13131,13,2020-05-28
Metropolitana de Santiago,13,San Ramón,13131,9,2020-05-29
Metropolitana de Santiago,13,San Ramón,13131,10,2020-05-30
Metropolitana de Santiago,13,San Ramón,13131,9,2020-05-31
Metropolitana de Santiago,13,San Ramón,13131,7,2020-06-01
Metropolitana de Santiago,13,San Ramón,13131,9,2020-06-02
Metropolitana de Santiago,13,San Ramón,13131,18,2020-06-03
Metropolitana de Santiago,13,San Ramón,13131,12,2020-06-04
Metropolitana de Santiago,13,San Ramón,13131,14,2020-06-05
Metropolitana de Santiago,13,San Ramón,13131,7,2020-06-06
Metropolitana de Santiago,13,San Ramón,13131,15,2020-06-07
Metropolitana de Santiago,13,San Ramón,13131,24,2020-06-08
Metropolitana de Santiago,13,San Ramón,13131,14,2020-06-09
Metropolitana de Santiago,13,San Ramón,13131,14,2020-06-10
Metropolitana de Santiago,13,San Ramón,13131,14,2020-06-11
Metropolitana de Santiago,13,San Ramón,13131,13,2020-06-12
Metropolitana de Santiago,13,San Ramón,13131,9,2020-06-13
Metropolitana de Santiago,13,San Ramón,13131,14,2020-06-14
Metropolitana de Santiago,13,San Ramón,13131,19,2020-06-15
Metropolitana de Santiago,13,San Ramón,13131,12,2020-06-16
Metropolitana de Santiago,13,San Ramón,13131,13,2020-06-17
Metropolitana de Santiago,13,San Ramón,13131,14,2020-06-18
Metropolitana de Santiago,13,San Ramón,13131,17,2020-06-19
Metropolitana de Santiago,13,San Ramón,13131,8,2020-06-20
Metropolitana de Santiago,13,San Ramón,13131,3,2020-06-21
Metropolitana de Santiago,13,San Ramón,13131,18,2020-06-22
Metropolitana de Santiago,13,San Ramón,13131,8,2020-06-23
Metropolitana de Santiago,13,San Ramón,13131,14,2020-06-24
Metropolitana de Santiago,13,San Ramón,13131,11,2020-06-25
Metropolitana de Santiago,13,San Ramón,13131,12,2020-06-26
Metropolitana de Santiago,13,San Ramón,13131,8,2020-06-27
Metropolitana de Santiago,13,San Ramón,13131,15,2020-06-28
Metropolitana de Santiago,13,San Ramón,13131,1,2020-06-29
Metropolitana de Santiago,13,San Ramón,13131,10,2020-06-30
Metropolitana de Santiago,13,San Ramón,13131,9,2020-07-01
Metropolitana de Santiago,13,San Ramón,13131,8,2020-07-02
Metropolitana de Santiago,13,San Ramón,13131,14,2020-07-03
Metropolitana de Santiago,13,San Ramón,13131,8,2020-07-04
Metropolitana de Santiago,13,San Ramón,13131,7,2020-07-05
Metropolitana de Santiago,13,San Ramón,13131,2,2020-07-06
Metropolitana de Santiago,13,San Ramón,13131,7,2020-07-07
Metropolitana de Santiago,13,San Ramón,13131,3,2020-07-08
Metropolitana de Santiago,13,San Ramón,13131,6,2020-07-09
Metropolitana de Santiago,13,San Ramón,13131,7,2020-07-10
Metropolitana de Santiago,13,San Ramón,13131,8,2020-07-11
Metropolitana de Santiago,13,San Ramón,13131,3,2020-07-12
Metropolitana de Santiago,13,San Ramón,13131,2,2020-07-13
Metropolitana de Santiago,13,San Ramón,13131,9,2020-07-14
Metropolitana de Santiago,13,San Ramón,13131,9,2020-07-15
Metropolitana de Santiago,13,San Ramón,13131,6,2020-07-16
Metropolitana de Santiago,13,San Ramón,13131,8,2020-07-17
Metropolitana de Santiago,13,San Ramón,13131,4,2020-07-18
Metropolitana de Santiago,13,San Ramón,13131,5,2020-07-19
Metropolitana de Santiago,13,San Ramón,13131,7,2020-07-20
Metropolitana de Santiago,13,San Ramón,13131,1,2020-07-21
Metropolitana de Santiago,13,San Ramón,13131,9,2020-07-22
Metropolitana de Santiago,13,San Ramón,13131,9,2020-07-23
Metropolitana de Santiago,13,San Ramón,13131,3,2020-07-24
Metropolitana de Santiago,13,San Ramón,13131,5,2020-07-25
Metropolitana de Santiago,13,San Ramón,13131,2,2020-07-26
Metropolitana de Santiago,13,San Ramón,13131,2,2020-07-27
Metropolitana de Santiago,13,San Ramón,13131,4,2020-07-28
Metropolitana de Santiago,13,San Ramón,13131,4,2020-07-29
Metropolitana de Santiago,13,San Ramón,13131,4,2020-07-30
Metropolitana de Santiago,13,San Ramón,13131,3,2020-07-31
Metropolitana de Santiago,13,San Ramón,13131,4,2020-08-01
Metropolitana de Santiago,13,San Ramón,13131,3,2020-08-03
Metropolitana de Santiago,13,San Ramón,13131,10,2020-08-04
Metropolitana de Santiago,13,San Ramón,13131,4,2020-08-05
Metropolitana de Santiago,13,San Ramón,13131,6,2020-08-06
Metropolitana de Santiago,13,San Ramón,13131,8,2020-08-07
Metropolitana de Santiago,13,San Ramón,13131,5,2020-08-08
Metropolitana de Santiago,13,San Ramón,13131,4,2020-08-10
Metropolitana de Santiago,13,San Ramón,13131,4,2020-08-11
Metropolitana de Santiago,13,San Ramón,13131,3,2020-08-12
Metropolitana de Santiago,13,San Ramón,13131,3,2020-08-13
Metropolitana de Santiago,13,San Ramón,13131,3,2020-08-14
Metropolitana de Santiago,13,San Ramón,13131,1,2020-08-15
Metropolitana de Santiago,13,San Ramón,13131,2,2020-08-16
Metropolitana de Santiago,13,San Ramón,13131,2,2020-08-17
Metropolitana de Santiago,13,San Ramón,13131,5,2020-08-18
Metropolitana de Santiago,13,San Ramón,13131,2,2020-08-19
Metropolitana de Santiago,13,San Ramón,13131,4,2020-08-20
Metropolitana de Santiago,13,San Ramón,13131,3,2020-08-21
Metropolitana de Santiago,13,San Ramón,13131,6,2020-08-22
Metropolitana de Santiago,13,San Ramón,13131,3,2020-08-23
Metropolitana de Santiago,13,San Ramón,13131,2,2020-08-24
Metropolitana de Santiago,13,San Ramón,13131,7,2020-08-25
Metropolitana de Santiago,13,San Ramón,13131,3,2020-08-26
Metropolitana de Santiago,13,San Ramón,13131,4,2020-08-27
Metropolitana de Santiago,13,San Ramón,13131,7,2020-08-28
Metropolitana de Santiago,13,San Ramón,13131,1,2020-08-29
Metropolitana de Santiago,13,San Ramón,13131,2,2020-08-30
Metropolitana de Santiago,13,San Ramón,13131,3,2020-08-31
Metropolitana de Santiago,13,San Ramón,13131,5,2020-09-01
Metropolitana de Santiago,13,San Ramón,13131,4,2020-09-02
Metropolitana de Santiago,13,San Ramón,13131,3,2020-09-03
Metropolitana de Santiago,13,San Ramón,13131,2,2020-09-04
Metropolitana de Santiago,13,San Ramón,13131,3,2020-09-05
Metropolitana de Santiago,13,San Ramón,13131,3,2020-09-06
Metropolitana de Santiago,13,San Ramón,13131,5,2020-09-07
Metropolitana de Santiago,13,San Ramón,13131,5,2020-09-08
Metropolitana de Santiago,13,San Ramón,13131,3,2020-09-09
Metropolitana de Santiago,13,San Ramón,13131,4,2020-09-10
Metropolitana de Santiago,13,San Ramón,13131,3,2020-09-11
Metropolitana de Santiago,13,San Ramón,13131,3,2020-09-12
Metropolitana de Santiago,13,San Ramón,13131,2,2020-09-13
Metropolitana de Santiago,13,San Ramón,13131,3,2020-09-14
Metropolitana de Santiago,13,San Ramón,13131,3,2020-09-15
Metropolitana de Santiago,13,San Ramón,13131,5,2020-09-16
Metropolitana de Santiago,13,San Ramón,13131,2,2020-09-17
Metropolitana de Santiago,13,San Ramón,13131,5,2020-09-18
Metropolitana de Santiago,13,San Ramón,13131,1,2020-09-19
Metropolitana de Santiago,13,San Ramón,13131,3,2020-09-20
Metropolitana de Santiago,13,San Ramón,13131,7,2020-09-21
Metropolitana de Santiago,13,San Ramón,13131,7,2020-09-22
Metropolitana de Santiago,13,San Ramón,13131,1,2020-09-23
Metropolitana de Santiago,13,San Ramón,13131,2,2020-09-24
Metropolitana de Santiago,13,San Ramón,13131,2,2020-09-25
Metropolitana de Santiago,13,San Ramón,13131,2,2020-09-26
Metropolitana de Santiago,13,San Ramón,13131,2,2020-09-27
Metropolitana de Santiago,13,San Ramón,13131,2,2020-09-28
Metropolitana de Santiago,13,San Ramón,13131,6,2020-09-29
Metropolitana de Santiago,13,San Ramón,13131,1,2020-09-30
Metropolitana de Santiago,13,San Ramón,13131,6,2020-10-01
Metropolitana de Santiago,13,San Ramón,13131,2,2020-10-02
Metropolitana de Santiago,13,San Ramón,13131,3,2020-10-03
Metropolitana de Santiago,13,San Ramón,13131,6,2020-10-04
Metropolitana de Santiago,13,San Ramón,13131,4,2020-10-05
Metropolitana de Santiago,13,San Ramón,13131,6,2020-10-06
Metropolitana de Santiago,13,San Ramón,13131,5,2020-10-07
Metropolitana de Santiago,13,San Ramón,13131,4,2020-10-08
Metropolitana de Santiago,13,San Ramón,13131,3,2020-10-09
Metropolitana de Santiago,13,San Ramón,13131,3,2020-10-10
Metropolitana de Santiago,13,San Ramón,13131,4,2020-10-11
Metropolitana de Santiago,13,San Ramón,13131,2,2020-10-12
Metropolitana de Santiago,13,San Ramón,13131,5,2020-10-13
Metropolitana de Santiago,13,San Ramón,13131,2,2020-10-14
Metropolitana de Santiago,13,San Ramón,13131,4,2020-10-15
Metropolitana de Santiago,13,San Ramón,13131,4,2020-10-16
Metropolitana de Santiago,13,San Ramón,13131,5,2020-10-17
Metropolitana de Santiago,13,San Ramón,13131,6,2020-10-18
Metropolitana de Santiago,13,San Ramón,13131,7,2020-10-19
Metropolitana de Santiago,13,San Ramón,13131,4,2020-10-20
Metropolitana de Santiago,13,San Ramón,13131,4,2020-10-21
Metropolitana de Santiago,13,San Ramón,13131,7,2020-10-22
Metropolitana de Santiago,13,San Ramón,13131,3,2020-10-23
Metropolitana de Santiago,13,San Ramón,13131,3,2020-10-24
Metropolitana de Santiago,13,San Ramón,13131,2,2020-10-25
Metropolitana de Santiago,13,San Ramón,13131,7,2020-10-26
Metropolitana de Santiago,13,San Ramón,13131,3,2020-10-27
Metropolitana de Santiago,13,San Ramón,13131,2,2020-10-28
Metropolitana de Santiago,13,San Ramón,13131,6,2020-10-29
Metropolitana de Santiago,13,San Ramón,13131,2,2020-10-30
Metropolitana de Santiago,13,San Ramón,13131,5,2020-11-01
Metropolitana de Santiago,13,San Ramón,13131,5,2020-11-02
Metropolitana de Santiago,13,San Ramón,13131,5,2020-11-03
Metropolitana de Santiago,13,San Ramón,13131,8,2020-11-04
Metropolitana de Santiago,13,San Ramón,13131,1,2020-11-05
Metropolitana de Santiago,13,San Ramón,13131,2,2020-11-06
Metropolitana de Santiago,13,San Ramón,13131,2,2020-11-07
Metropolitana de Santiago,13,San Ramón,13131,2,2020-11-08
Metropolitana de Santiago,13,San Ramón,13131,4,2020-11-09
Metropolitana de Santiago,13,San Ramón,13131,1,2020-11-10
Metropolitana de Santiago,13,San Ramón,13131,7,2020-11-11
Metropolitana de Santiago,13,San Ramón,13131,2,2020-11-12
Metropolitana de Santiago,13,San Ramón,13131,3,2020-11-13
Metropolitana de Santiago,13,San Ramón,13131,3,2020-11-14
Metropolitana de Santiago,13,San Ramón,13131,4,2020-11-15
Metropolitana de Santiago,13,San Ramón,13131,6,2020-11-16
Metropolitana de Santiago,13,San Ramón,13131,2,2020-11-17
Metropolitana de Santiago,13,San Ramón,13131,2,2020-11-18
Metropolitana de Santiago,13,San Ramón,13131,7,2020-11-19
Metropolitana de Santiago,13,San Ramón,13131,7,2020-11-20
Metropolitana de Santiago,13,San Ramón,13131,2,2020-11-21
Metropolitana de Santiago,13,San Ramón,13131,5,2020-11-22
Metropolitana de Santiago,13,San Ramón,13131,6,2020-11-23
Metropolitana de Santiago,13,San Ramón,13131,3,2020-11-24
Metropolitana de Santiago,13,San Ramón,13131,3,2020-11-25
Metropolitana de Santiago,13,San Ramón,13131,3,2020-11-26
Metropolitana de Santiago,13,San Ramón,13131,3,2020-11-27
Metropolitana de Santiago,13,San Ramón,13131,4,2020-11-28
Metropolitana de Santiago,13,San Ramón,13131,1,2020-11-29
Metropolitana de Santiago,13,San Ramón,13131,4,2020-11-30
Metropolitana de Santiago,13,San Ramón,13131,5,2020-12-01
Metropolitana de Santiago,13,San Ramón,13131,4,2020-12-02
Metropolitana de Santiago,13,San Ramón,13131,3,2020-12-04
Metropolitana de Santiago,13,San Ramón,13131,4,2020-12-05
Metropolitana de Santiago,13,San Ramón,13131,3,2020-12-06
Metropolitana de Santiago,13,San Ramón,13131,4,2020-12-07
Metropolitana de Santiago,13,San Ramón,13131,5,2020-12-10
Metropolitana de Santiago,13,San Ramón,13131,1,2020-12-11
Metropolitana de Santiago,13,San Ramón,13131,3,2020-12-12
Metropolitana de Santiago,13,San Ramón,13131,2,2020-12-13
Metropolitana de Santiago,13,San Ramón,13131,6,2020-12-14
Metropolitana de Santiago,13,San Ramón,13131,6,2020-12-15
Metropolitana de Santiago,13,San Ramón,13131,4,2020-12-16
Metropolitana de Santiago,13,San Ramón,13131,2,2020-12-18
Metropolitana de Santiago,13,San Ramón,13131,1,2020-12-19
Metropolitana de Santiago,13,San Ramón,13131,3,2020-12-20
Metropolitana de Santiago,13,San Ramón,13131,3,2020-12-21
Metropolitana de Santiago,13,San Ramón,13131,2,2020-12-22
Metropolitana de Santiago,13,San Ramón,13131,2,2020-12-23
Metropolitana de Santiago,13,San Ramón,13131,3,2020-12-24
Metropolitana de Santiago,13,San Ramón,13131,1,2020-12-25
Metropolitana de Santiago,13,San Ramón,13131,7,2020-12-26
Metropolitana de Santiago,13,San Ramón,13131,3,2020-12-27
Metropolitana de Santiago,13,San Ramón,13131,2,2020-12-28
Metropolitana de Santiago,13,San Ramón,13131,3,2020-12-29
Metropolitana de Santiago,13,San Ramón,13131,1,2020-12-30
Metropolitana de Santiago,13,San Ramón,13131,1,2020-12-31
Metropolitana de Santiago,13,San Ramón,13131,1,2021-01-01
Metropolitana de Santiago,13,San Ramón,13131,6,2021-01-02
Metropolitana de Santiago,13,San Ramón,13131,2,2021-01-03
Metropolitana de Santiago,13,San Ramón,13131,3,2021-01-04
Metropolitana de Santiago,13,San Ramón,13131,2,2021-01-05
Metropolitana de Santiago,13,San Ramón,13131,3,2021-01-06
Metropolitana de Santiago,13,San Ramón,13131,5,2021-01-07
Metropolitana de Santiago,13,San Ramón,13131,6,2021-01-08
Metropolitana de Santiago,13,San Ramón,13131,3,2021-01-09
Metropolitana de Santiago,13,San Ramón,13131,1,2021-01-10
Metropolitana de Santiago,13,San Ramón,13131,2,2021-01-11
Metropolitana de Santiago,13,San Ramón,13131,7,2021-01-12
Metropolitana de Santiago,13,San Ramón,13131,2,2021-01-13
Metropolitana de Santiago,13,San Ramón,13131,8,2021-01-14
Metropolitana de Santiago,13,Vitacura,13132,1,2020-01-01
Metropolitana de Santiago,13,Vitacura,13132,1,2020-01-02
Metropolitana de Santiago,13,Vitacura,13132,1,2020-01-03
Metropolitana de Santiago,13,Vitacura,13132,4,2020-01-04
Metropolitana de Santiago,13,Vitacura,13132,1,2020-01-05
Metropolitana de Santiago,13,Vitacura,13132,4,2020-01-06
Metropolitana de Santiago,13,Vitacura,13132,2,2020-01-07
Metropolitana de Santiago,13,Vitacura,13132,3,2020-01-08
Metropolitana de Santiago,13,Vitacura,13132,4,2020-01-09
Metropolitana de Santiago,13,Vitacura,13132,1,2020-01-10
Metropolitana de Santiago,13,Vitacura,13132,2,2020-01-11
Metropolitana de Santiago,13,Vitacura,13132,1,2020-01-12
Metropolitana de Santiago,13,Vitacura,13132,1,2020-01-13
Metropolitana de Santiago,13,Vitacura,13132,1,2020-01-15
Metropolitana de Santiago,13,Vitacura,13132,2,2020-01-16
Metropolitana de Santiago,13,Vitacura,13132,4,2020-01-17
Metropolitana de Santiago,13,Vitacura,13132,2,2020-01-18
Metropolitana de Santiago,13,Vitacura,13132,3,2020-01-19
Metropolitana de Santiago,13,Vitacura,13132,1,2020-01-20
Metropolitana de Santiago,13,Vitacura,13132,2,2020-01-21
Metropolitana de Santiago,13,Vitacura,13132,3,2020-01-22
Metropolitana de Santiago,13,Vitacura,13132,2,2020-01-23
Metropolitana de Santiago,13,Vitacura,13132,1,2020-01-24
Metropolitana de Santiago,13,Vitacura,13132,5,2020-01-25
Metropolitana de Santiago,13,Vitacura,13132,2,2020-01-26
Metropolitana de Santiago,13,Vitacura,13132,4,2020-01-27
Metropolitana de Santiago,13,Vitacura,13132,1,2020-01-28
Metropolitana de Santiago,13,Vitacura,13132,2,2020-01-30
Metropolitana de Santiago,13,Vitacura,13132,3,2020-01-31
Metropolitana de Santiago,13,Vitacura,13132,2,2020-02-01
Metropolitana de Santiago,13,Vitacura,13132,3,2020-02-02
Metropolitana de Santiago,13,Vitacura,13132,3,2020-02-03
Metropolitana de Santiago,13,Vitacura,13132,3,2020-02-05
Metropolitana de Santiago,13,Vitacura,13132,2,2020-02-06
Metropolitana de Santiago,13,Vitacura,13132,1,2020-02-07
Metropolitana de Santiago,13,Vitacura,13132,1,2020-02-08
Metropolitana de Santiago,13,Vitacura,13132,1,2020-02-09
Metropolitana de Santiago,13,Vitacura,13132,3,2020-02-10
Metropolitana de Santiago,13,Vitacura,13132,2,2020-02-11
Metropolitana de Santiago,13,Vitacura,13132,1,2020-02-13
Metropolitana de Santiago,13,Vitacura,13132,2,2020-02-14
Metropolitana de Santiago,13,Vitacura,13132,3,2020-02-15
Metropolitana de Santiago,13,Vitacura,13132,2,2020-02-17
Metropolitana de Santiago,13,Vitacura,13132,3,2020-02-18
Metropolitana de Santiago,13,Vitacura,13132,2,2020-02-19
Metropolitana de Santiago,13,Vitacura,13132,2,2020-02-21
Metropolitana de Santiago,13,Vitacura,13132,3,2020-02-24
Metropolitana de Santiago,13,Vitacura,13132,1,2020-02-26
Metropolitana de Santiago,13,Vitacura,13132,3,2020-02-27
Metropolitana de Santiago,13,Vitacura,13132,2,2020-03-02
Metropolitana de Santiago,13,Vitacura,13132,4,2020-03-03
Metropolitana de Santiago,13,Vitacura,13132,6,2020-03-04
Metropolitana de Santiago,13,Vitacura,13132,2,2020-03-05
Metropolitana de Santiago,13,Vitacura,13132,3,2020-03-06
Metropolitana de Santiago,13,Vitacura,13132,1,2020-03-07
Metropolitana de Santiago,13,Vitacura,13132,1,2020-03-08
Metropolitana de Santiago,13,Vitacura,13132,5,2020-03-09
Metropolitana de Santiago,13,Vitacura,13132,5,2020-03-10
Metropolitana de Santiago,13,Vitacura,13132,2,2020-03-11
Metropolitana de Santiago,13,Vitacura,13132,3,2020-03-12
Metropolitana de Santiago,13,Vitacura,13132,1,2020-03-13
Metropolitana de Santiago,13,Vitacura,13132,1,2020-03-14
Metropolitana de Santiago,13,Vitacura,13132,1,2020-03-15
Metropolitana de Santiago,13,Vitacura,13132,3,2020-03-16
Metropolitana de Santiago,13,Vitacura,13132,2,2020-03-18
Metropolitana de Santiago,13,Vitacura,13132,4,2020-03-19
Metropolitana de Santiago,13,Vitacura,13132,2,2020-03-21
Metropolitana de Santiago,13,Vitacura,13132,1,2020-03-22
Metropolitana de Santiago,13,Vitacura,13132,2,2020-03-23
Metropolitana de Santiago,13,Vitacura,13132,2,2020-03-24
Metropolitana de Santiago,13,Vitacura,13132,2,2020-03-28
Metropolitana de Santiago,13,Vitacura,13132,1,2020-03-31
Metropolitana de Santiago,13,Vitacura,13132,5,2020-04-01
Metropolitana de Santiago,13,Vitacura,13132,3,2020-04-02
Metropolitana de Santiago,13,Vitacura,13132,2,2020-04-03
Metropolitana de Santiago,13,Vitacura,13132,3,2020-04-04
Metropolitana de Santiago,13,Vitacura,13132,1,2020-04-06
Metropolitana de Santiago,13,Vitacura,13132,1,2020-04-07
Metropolitana de Santiago,13,Vitacura,13132,4,2020-04-09
Metropolitana de Santiago,13,Vitacura,13132,2,2020-04-10
Metropolitana de Santiago,13,Vitacura,13132,1,2020-04-11
Metropolitana de Santiago,13,Vitacura,13132,2,2020-04-12
Metropolitana de Santiago,13,Vitacura,13132,3,2020-04-13
Metropolitana de Santiago,13,Vitacura,13132,2,2020-04-14
Metropolitana de Santiago,13,Vitacura,13132,1,2020-04-15
Metropolitana de Santiago,13,Vitacura,13132,2,2020-04-16
Metropolitana de Santiago,13,Vitacura,13132,5,2020-04-17
Metropolitana de Santiago,13,Vitacura,13132,2,2020-04-18
Metropolitana de Santiago,13,Vitacura,13132,2,2020-04-19
Metropolitana de Santiago,13,Vitacura,13132,3,2020-04-20
Metropolitana de Santiago,13,Vitacura,13132,1,2020-04-21
Metropolitana de Santiago,13,Vitacura,13132,3,2020-04-22
Metropolitana de Santiago,13,Vitacura,13132,2,2020-04-23
Metropolitana de Santiago,13,Vitacura,13132,4,2020-04-24
Metropolitana de Santiago,13,Vitacura,13132,2,2020-04-25
Metropolitana de Santiago,13,Vitacura,13132,4,2020-04-26
Metropolitana de Santiago,13,Vitacura,13132,2,2020-04-27
Metropolitana de Santiago,13,Vitacura,13132,3,2020-04-30
Metropolitana de Santiago,13,Vitacura,13132,4,2020-05-02
Metropolitana de Santiago,13,Vitacura,13132,1,2020-05-03
Metropolitana de Santiago,13,Vitacura,13132,2,2020-05-04
Metropolitana de Santiago,13,Vitacura,13132,5,2020-05-05
Metropolitana de Santiago,13,Vitacura,13132,5,2020-05-06
Metropolitana de Santiago,13,Vitacura,13132,3,2020-05-07
Metropolitana de Santiago,13,Vitacura,13132,4,2020-05-08
Metropolitana de Santiago,13,Vitacura,13132,1,2020-05-09
Metropolitana de Santiago,13,Vitacura,13132,2,2020-05-10
Metropolitana de Santiago,13,Vitacura,13132,3,2020-05-11
Metropolitana de Santiago,13,Vitacura,13132,2,2020-05-12
Metropolitana de Santiago,13,Vitacura,13132,1,2020-05-13
Metropolitana de Santiago,13,Vitacura,13132,6,2020-05-14
Metropolitana de Santiago,13,Vitacura,13132,1,2020-05-15
Metropolitana de Santiago,13,Vitacura,13132,4,2020-05-16
Metropolitana de Santiago,13,Vitacura,13132,1,2020-05-17
Metropolitana de Santiago,13,Vitacura,13132,2,2020-05-18
Metropolitana de Santiago,13,Vitacura,13132,3,2020-05-19
Metropolitana de Santiago,13,Vitacura,13132,5,2020-05-20
Metropolitana de Santiago,13,Vitacura,13132,5,2020-05-21
Metropolitana de Santiago,13,Vitacura,13132,4,2020-05-22
Metropolitana de Santiago,13,Vitacura,13132,1,2020-05-23
Metropolitana de Santiago,13,Vitacura,13132,5,2020-05-25
Metropolitana de Santiago,13,Vitacura,13132,5,2020-05-26
Metropolitana de Santiago,13,Vitacura,13132,5,2020-05-27
Metropolitana de Santiago,13,Vitacura,13132,7,2020-05-28
Metropolitana de Santiago,13,Vitacura,13132,4,2020-05-29
Metropolitana de Santiago,13,Vitacura,13132,4,2020-05-30
Metropolitana de Santiago,13,Vitacura,13132,3,2020-05-31
Metropolitana de Santiago,13,Vitacura,13132,5,2020-06-01
Metropolitana de Santiago,13,Vitacura,13132,4,2020-06-02
Metropolitana de Santiago,13,Vitacura,13132,2,2020-06-03
Metropolitana de Santiago,13,Vitacura,13132,4,2020-06-05
Metropolitana de Santiago,13,Vitacura,13132,3,2020-06-06
Metropolitana de Santiago,13,Vitacura,13132,6,2020-06-07
Metropolitana de Santiago,13,Vitacura,13132,5,2020-06-08
Metropolitana de Santiago,13,Vitacura,13132,3,2020-06-09
Metropolitana de Santiago,13,Vitacura,13132,4,2020-06-10
Metropolitana de Santiago,13,Vitacura,13132,6,2020-06-11
Metropolitana de Santiago,13,Vitacura,13132,6,2020-06-12
Metropolitana de Santiago,13,Vitacura,13132,3,2020-06-13
Metropolitana de Santiago,13,Vitacura,13132,4,2020-06-14
Metropolitana de Santiago,13,Vitacura,13132,6,2020-06-15
Metropolitana de Santiago,13,Vitacura,13132,4,2020-06-16
Metropolitana de Santiago,13,Vitacura,13132,7,2020-06-17
Metropolitana de Santiago,13,Vitacura,13132,6,2020-06-18
Metropolitana de Santiago,13,Vitacura,13132,6,2020-06-19
Metropolitana de Santiago,13,Vitacura,13132,10,2020-06-20
Metropolitana de Santiago,13,Vitacura,13132,4,2020-06-21
Metropolitana de Santiago,13,Vitacura,13132,4,2020-06-22
Metropolitana de Santiago,13,Vitacura,13132,1,2020-06-23
Metropolitana de Santiago,13,Vitacura,13132,5,2020-06-24
Metropolitana de Santiago,13,Vitacura,13132,4,2020-06-25
Metropolitana de Santiago,13,Vitacura,13132,4,2020-06-26
Metropolitana de Santiago,13,Vitacura,13132,6,2020-06-27
Metropolitana de Santiago,13,Vitacura,13132,1,2020-06-28
Metropolitana de Santiago,13,Vitacura,13132,3,2020-06-29
Metropolitana de Santiago,13,Vitacura,13132,9,2020-06-30
Metropolitana de Santiago,13,Vitacura,13132,4,2020-07-01
Metropolitana de Santiago,13,Vitacura,13132,4,2020-07-02
Metropolitana de Santiago,13,Vitacura,13132,3,2020-07-03
Metropolitana de Santiago,13,Vitacura,13132,2,2020-07-04
Metropolitana de Santiago,13,Vitacura,13132,2,2020-07-05
Metropolitana de Santiago,13,Vitacura,13132,4,2020-07-06
Metropolitana de Santiago,13,Vitacura,13132,4,2020-07-07
Metropolitana de Santiago,13,Vitacura,13132,4,2020-07-08
Metropolitana de Santiago,13,Vitacura,13132,6,2020-07-09
Metropolitana de Santiago,13,Vitacura,13132,1,2020-07-10
Metropolitana de Santiago,13,Vitacura,13132,5,2020-07-11
Metropolitana de Santiago,13,Vitacura,13132,1,2020-07-12
Metropolitana de Santiago,13,Vitacura,13132,4,2020-07-13
Metropolitana de Santiago,13,Vitacura,13132,1,2020-07-14
Metropolitana de Santiago,13,Vitacura,13132,2,2020-07-15
Metropolitana de Santiago,13,Vitacura,13132,2,2020-07-16
Metropolitana de Santiago,13,Vitacura,13132,6,2020-07-17
Metropolitana de Santiago,13,Vitacura,13132,1,2020-07-18
Metropolitana de Santiago,13,Vitacura,13132,2,2020-07-19
Metropolitana de Santiago,13,Vitacura,13132,1,2020-07-20
Metropolitana de Santiago,13,Vitacura,13132,7,2020-07-21
Metropolitana de Santiago,13,Vitacura,13132,7,2020-07-22
Metropolitana de Santiago,13,Vitacura,13132,1,2020-07-23
Metropolitana de Santiago,13,Vitacura,13132,3,2020-07-24
Metropolitana de Santiago,13,Vitacura,13132,4,2020-07-25
Metropolitana de Santiago,13,Vitacura,13132,3,2020-07-26
Metropolitana de Santiago,13,Vitacura,13132,2,2020-07-27
Metropolitana de Santiago,13,Vitacura,13132,1,2020-07-28
Metropolitana de Santiago,13,Vitacura,13132,1,2020-07-29
Metropolitana de Santiago,13,Vitacura,13132,2,2020-07-30
Metropolitana de Santiago,13,Vitacura,13132,3,2020-07-31
Metropolitana de Santiago,13,Vitacura,13132,2,2020-08-02
Metropolitana de Santiago,13,Vitacura,13132,2,2020-08-03
Metropolitana de Santiago,13,Vitacura,13132,4,2020-08-04
Metropolitana de Santiago,13,Vitacura,13132,1,2020-08-05
Metropolitana de Santiago,13,Vitacura,13132,4,2020-08-06
Metropolitana de Santiago,13,Vitacura,13132,5,2020-08-07
Metropolitana de Santiago,13,Vitacura,13132,3,2020-08-08
Metropolitana de Santiago,13,Vitacura,13132,1,2020-08-09
Metropolitana de Santiago,13,Vitacura,13132,4,2020-08-11
Metropolitana de Santiago,13,Vitacura,13132,3,2020-08-12
Metropolitana de Santiago,13,Vitacura,13132,3,2020-08-13
Metropolitana de Santiago,13,Vitacura,13132,3,2020-08-14
Metropolitana de Santiago,13,Vitacura,13132,2,2020-08-15
Metropolitana de Santiago,13,Vitacura,13132,2,2020-08-16
Metropolitana de Santiago,13,Vitacura,13132,3,2020-08-17
Metropolitana de Santiago,13,Vitacura,13132,2,2020-08-19
Metropolitana de Santiago,13,Vitacura,13132,2,2020-08-20
Metropolitana de Santiago,13,Vitacura,13132,5,2020-08-21
Metropolitana de Santiago,13,Vitacura,13132,2,2020-08-22
Metropolitana de Santiago,13,Vitacura,13132,4,2020-08-23
Metropolitana de Santiago,13,Vitacura,13132,3,2020-08-24
Metropolitana de Santiago,13,Vitacura,13132,1,2020-08-25
Metropolitana de Santiago,13,Vitacura,13132,2,2020-08-27
Metropolitana de Santiago,13,Vitacura,13132,1,2020-08-28
Metropolitana de Santiago,13,Vitacura,13132,2,2020-08-29
Metropolitana de Santiago,13,Vitacura,13132,2,2020-08-30
Metropolitana de Santiago,13,Vitacura,13132,3,2020-08-31
Metropolitana de Santiago,13,Vitacura,13132,1,2020-09-01
Metropolitana de Santiago,13,Vitacura,13132,4,2020-09-02
Metropolitana de Santiago,13,Vitacura,13132,4,2020-09-03
Metropolitana de Santiago,13,Vitacura,13132,2,2020-09-04
Metropolitana de Santiago,13,Vitacura,13132,2,2020-09-05
Metropolitana de Santiago,13,Vitacura,13132,2,2020-09-06
Metropolitana de Santiago,13,Vitacura,13132,1,2020-09-07
Metropolitana de Santiago,13,Vitacura,13132,3,2020-09-08
Metropolitana de Santiago,13,Vitacura,13132,1,2020-09-09
Metropolitana de Santiago,13,Vitacura,13132,3,2020-09-10
Metropolitana de Santiago,13,Vitacura,13132,3,2020-09-11
Metropolitana de Santiago,13,Vitacura,13132,3,2020-09-12
Metropolitana de Santiago,13,Vitacura,13132,2,2020-09-13
Metropolitana de Santiago,13,Vitacura,13132,3,2020-09-14
Metropolitana de Santiago,13,Vitacura,13132,1,2020-09-15
Metropolitana de Santiago,13,Vitacura,13132,2,2020-09-17
Metropolitana de Santiago,13,Vitacura,13132,1,2020-09-18
Metropolitana de Santiago,13,Vitacura,13132,2,2020-09-19
Metropolitana de Santiago,13,Vitacura,13132,2,2020-09-20
Metropolitana de Santiago,13,Vitacura,13132,2,2020-09-21
Metropolitana de Santiago,13,Vitacura,13132,1,2020-09-22
Metropolitana de Santiago,13,Vitacura,13132,4,2020-09-23
Metropolitana de Santiago,13,Vitacura,13132,4,2020-09-25
Metropolitana de Santiago,13,Vitacura,13132,2,2020-09-26
Metropolitana de Santiago,13,Vitacura,13132,1,2020-09-27
Metropolitana de Santiago,13,Vitacura,13132,4,2020-09-28
Metropolitana de Santiago,13,Vitacura,13132,2,2020-09-29
Metropolitana de Santiago,13,Vitacura,13132,2,2020-09-30
Metropolitana de Santiago,13,Vitacura,13132,4,2020-10-01
Metropolitana de Santiago,13,Vitacura,13132,5,2020-10-02
Metropolitana de Santiago,13,Vitacura,13132,2,2020-10-03
Metropolitana de Santiago,13,Vitacura,13132,3,2020-10-04
Metropolitana de Santiago,13,Vitacura,13132,1,2020-10-05
Metropolitana de Santiago,13,Vitacura,13132,3,2020-10-06
Metropolitana de Santiago,13,Vitacura,13132,2,2020-10-07
Metropolitana de Santiago,13,Vitacura,13132,4,2020-10-08
Metropolitana de Santiago,13,Vitacura,13132,1,2020-10-09
Metropolitana de Santiago,13,Vitacura,13132,3,2020-10-11
Metropolitana de Santiago,13,Vitacura,13132,5,2020-10-12
Metropolitana de Santiago,13,Vitacura,13132,2,2020-10-13
Metropolitana de Santiago,13,Vitacura,13132,3,2020-10-14
Metropolitana de Santiago,13,Vitacura,13132,2,2020-10-15
Metropolitana de Santiago,13,Vitacura,13132,1,2020-10-16
Metropolitana de Santiago,13,Vitacura,13132,2,2020-10-17
Metropolitana de Santiago,13,Vitacura,13132,4,2020-10-18
Metropolitana de Santiago,13,Vitacura,13132,2,2020-10-20
Metropolitana de Santiago,13,Vitacura,13132,5,2020-10-21
Metropolitana de Santiago,13,Vitacura,13132,1,2020-10-22
Metropolitana de Santiago,13,Vitacura,13132,4,2020-10-23
Metropolitana de Santiago,13,Vitacura,13132,1,2020-10-25
Metropolitana de Santiago,13,Vitacura,13132,1,2020-10-26
Metropolitana de Santiago,13,Vitacura,13132,4,2020-10-27
Metropolitana de Santiago,13,Vitacura,13132,5,2020-10-29
Metropolitana de Santiago,13,Vitacura,13132,3,2020-10-30
Metropolitana de Santiago,13,Vitacura,13132,4,2020-10-31
Metropolitana de Santiago,13,Vitacura,13132,3,2020-11-01
Metropolitana de Santiago,13,Vitacura,13132,1,2020-11-02
Metropolitana de Santiago,13,Vitacura,13132,5,2020-11-04
Metropolitana de Santiago,13,Vitacura,13132,4,2020-11-05
Metropolitana de Santiago,13,Vitacura,13132,3,2020-11-08
Metropolitana de Santiago,13,Vitacura,13132,2,2020-11-09
Metropolitana de Santiago,13,Vitacura,13132,1,2020-11-10
Metropolitana de Santiago,13,Vitacura,13132,5,2020-11-11
Metropolitana de Santiago,13,Vitacura,13132,2,2020-11-12
Metropolitana de Santiago,13,Vitacura,13132,1,2020-11-14
Metropolitana de Santiago,13,Vitacura,13132,2,2020-11-15
Metropolitana de Santiago,13,Vitacura,13132,1,2020-11-16
Metropolitana de Santiago,13,Vitacura,13132,2,2020-11-17
Metropolitana de Santiago,13,Vitacura,13132,1,2020-11-18
Metropolitana de Santiago,13,Vitacura,13132,2,2020-11-19
Metropolitana de Santiago,13,Vitacura,13132,1,2020-11-20
Metropolitana de Santiago,13,Vitacura,13132,2,2020-11-21
Metropolitana de Santiago,13,Vitacura,13132,1,2020-11-22
Metropolitana de Santiago,13,Vitacura,13132,2,2020-11-23
Metropolitana de Santiago,13,Vitacura,13132,1,2020-11-24
Metropolitana de Santiago,13,Vitacura,13132,5,2020-11-25
Metropolitana de Santiago,13,Vitacura,13132,3,2020-11-26
Metropolitana de Santiago,13,Vitacura,13132,3,2020-11-27
Metropolitana de Santiago,13,Vitacura,13132,2,2020-11-28
Metropolitana de Santiago,13,Vitacura,13132,1,2020-11-29
Metropolitana de Santiago,13,Vitacura,13132,3,2020-11-30
Metropolitana de Santiago,13,Vitacura,13132,2,2020-12-01
Metropolitana de Santiago,13,Vitacura,13132,2,2020-12-04
Metropolitana de Santiago,13,Vitacura,13132,2,2020-12-05
Metropolitana de Santiago,13,Vitacura,13132,1,2020-12-06
Metropolitana de Santiago,13,Vitacura,13132,3,2020-12-07
Metropolitana de Santiago,13,Vitacura,13132,1,2020-12-08
Metropolitana de Santiago,13,Vitacura,13132,1,2020-12-09
Metropolitana de Santiago,13,Vitacura,13132,2,2020-12-10
Metropolitana de Santiago,13,Vitacura,13132,3,2020-12-13
Metropolitana de Santiago,13,Vitacura,13132,8,2020-12-14
Metropolitana de Santiago,13,Vitacura,13132,2,2020-12-15
Metropolitana de Santiago,13,Vitacura,13132,3,2020-12-17
Metropolitana de Santiago,13,Vitacura,13132,1,2020-12-19
Metropolitana de Santiago,13,Vitacura,13132,1,2020-12-20
Metropolitana de Santiago,13,Vitacura,13132,1,2020-12-21
Metropolitana de Santiago,13,Vitacura,13132,3,2020-12-22
Metropolitana de Santiago,13,Vitacura,13132,4,2020-12-23
Metropolitana de Santiago,13,Vitacura,13132,4,2020-12-24
Metropolitana de Santiago,13,Vitacura,13132,3,2020-12-26
Metropolitana de Santiago,13,Vitacura,13132,1,2020-12-27
Metropolitana de Santiago,13,Vitacura,13132,8,2020-12-28
Metropolitana de Santiago,13,Vitacura,13132,3,2020-12-29
Metropolitana de Santiago,13,Vitacura,13132,3,2020-12-30
Metropolitana de Santiago,13,Vitacura,13132,2,2020-12-31
Metropolitana de Santiago,13,Vitacura,13132,3,2021-01-02
Metropolitana de Santiago,13,Vitacura,13132,2,2021-01-04
Metropolitana de Santiago,13,Vitacura,13132,1,2021-01-06
Metropolitana de Santiago,13,Vitacura,13132,1,2021-01-07
Metropolitana de Santiago,13,Vitacura,13132,1,2021-01-08
Metropolitana de Santiago,13,Vitacura,13132,5,2021-01-09
Metropolitana de Santiago,13,Vitacura,13132,1,2021-01-10
Metropolitana de Santiago,13,Vitacura,13132,2,2021-01-11
Metropolitana de Santiago,13,Vitacura,13132,1,2021-01-12
Metropolitana de Santiago,13,Vitacura,13132,4,2021-01-13
Metropolitana de Santiago,13,Vitacura,13132,2,2021-01-14
Metropolitana de Santiago,13,Puente Alto,13201,9,2020-01-02
Metropolitana de Santiago,13,Puente Alto,13201,9,2020-01-03
Metropolitana de Santiago,13,Puente Alto,13201,4,2020-01-04
Metropolitana de Santiago,13,Puente Alto,13201,5,2020-01-05
Metropolitana de Santiago,13,Puente Alto,13201,8,2020-01-06
Metropolitana de Santiago,13,Puente Alto,13201,4,2020-01-07
Metropolitana de Santiago,13,Puente Alto,13201,8,2020-01-08
Metropolitana de Santiago,13,Puente Alto,13201,4,2020-01-09
Metropolitana de Santiago,13,Puente Alto,13201,5,2020-01-10
Metropolitana de Santiago,13,Puente Alto,13201,2,2020-01-11
Metropolitana de Santiago,13,Puente Alto,13201,4,2020-01-12
Metropolitana de Santiago,13,Puente Alto,13201,5,2020-01-13
Metropolitana de Santiago,13,Puente Alto,13201,4,2020-01-14
Metropolitana de Santiago,13,Puente Alto,13201,8,2020-01-15
Metropolitana de Santiago,13,Puente Alto,13201,4,2020-01-16
Metropolitana de Santiago,13,Puente Alto,13201,3,2020-01-17
Metropolitana de Santiago,13,Puente Alto,13201,3,2020-01-18
Metropolitana de Santiago,13,Puente Alto,13201,2,2020-01-19
Metropolitana de Santiago,13,Puente Alto,13201,4,2020-01-20
Metropolitana de Santiago,13,Puente Alto,13201,7,2020-01-21
Metropolitana de Santiago,13,Puente Alto,13201,6,2020-01-22
Metropolitana de Santiago,13,Puente Alto,13201,6,2020-01-23
Metropolitana de Santiago,13,Puente Alto,13201,5,2020-01-24
Metropolitana de Santiago,13,Puente Alto,13201,9,2020-01-27
Metropolitana de Santiago,13,Puente Alto,13201,8,2020-01-28
Metropolitana de Santiago,13,Puente Alto,13201,8,2020-01-29
Metropolitana de Santiago,13,Puente Alto,13201,4,2020-01-30
Metropolitana de Santiago,13,Puente Alto,13201,7,2020-01-31
Metropolitana de Santiago,13,Puente Alto,13201,1,2020-02-01
Metropolitana de Santiago,13,Puente Alto,13201,3,2020-02-02
Metropolitana de Santiago,13,Puente Alto,13201,8,2020-02-03
Metropolitana de Santiago,13,Puente Alto,13201,5,2020-02-04
Metropolitana de Santiago,13,Puente Alto,13201,3,2020-02-05
Metropolitana de Santiago,13,Puente Alto,13201,7,2020-02-06
Metropolitana de Santiago,13,Puente Alto,13201,7,2020-02-07
Metropolitana de Santiago,13,Puente Alto,13201,5,2020-02-08
Metropolitana de Santiago,13,Puente Alto,13201,4,2020-02-09
Metropolitana de Santiago,13,Puente Alto,13201,10,2020-02-10
Metropolitana de Santiago,13,Puente Alto,13201,10,2020-02-11
Metropolitana de Santiago,13,Puente Alto,13201,4,2020-02-12
Metropolitana de Santiago,13,Puente Alto,13201,3,2020-02-13
Metropolitana de Santiago,13,Puente Alto,13201,8,2020-02-14
Metropolitana de Santiago,13,Puente Alto,13201,4,2020-02-15
Metropolitana de Santiago,13,Puente Alto,13201,1,2020-02-16
Metropolitana de Santiago,13,Puente Alto,13201,8,2020-02-17
Metropolitana de Santiago,13,Puente Alto,13201,6,2020-02-18
Metropolitana de Santiago,13,Puente Alto,13201,9,2020-02-19
Metropolitana de Santiago,13,Puente Alto,13201,6,2020-02-20
Metropolitana de Santiago,13,Puente Alto,13201,5,2020-02-21
Metropolitana de Santiago,13,Puente Alto,13201,8,2020-02-24
Metropolitana de Santiago,13,Puente Alto,13201,11,2020-02-25
Metropolitana de Santiago,13,Puente Alto,13201,8,2020-02-26
Metropolitana de Santiago,13,Puente Alto,13201,5,2020-02-27
Metropolitana de Santiago,13,Puente Alto,13201,9,2020-02-28
Metropolitana de Santiago,13,Puente Alto,13201,4,2020-03-02
Metropolitana de Santiago,13,Puente Alto,13201,9,2020-03-03
Metropolitana de Santiago,13,Puente Alto,13201,10,2020-03-04
Metropolitana de Santiago,13,Puente Alto,13201,8,2020-03-05
Metropolitana de Santiago,13,Puente Alto,13201,9,2020-03-06
Metropolitana de Santiago,13,Puente Alto,13201,4,2020-03-07
Metropolitana de Santiago,13,Puente Alto,13201,6,2020-03-08
Metropolitana de Santiago,13,Puente Alto,13201,6,2020-03-09
Metropolitana de Santiago,13,Puente Alto,13201,4,2020-03-10
Metropolitana de Santiago,13,Puente Alto,13201,7,2020-03-11
Metropolitana de Santiago,13,Puente Alto,13201,7,2020-03-12
Metropolitana de Santiago,13,Puente Alto,13201,7,2020-03-13
Metropolitana de Santiago,13,Puente Alto,13201,7,2020-03-14
Metropolitana de Santiago,13,Puente Alto,13201,8,2020-03-15
Metropolitana de Santiago,13,Puente Alto,13201,3,2020-03-16
Metropolitana de Santiago,13,Puente Alto,13201,7,2020-03-17
Metropolitana de Santiago,13,Puente Alto,13201,5,2020-03-18
Metropolitana de Santiago,13,Puente Alto,13201,7,2020-03-19
Metropolitana de Santiago,13,Puente Alto,13201,8,2020-03-20
Metropolitana de Santiago,13,Puente Alto,13201,4,2020-03-21
Metropolitana de Santiago,13,Puente Alto,13201,4,2020-03-22
Metropolitana de Santiago,13,Puente Alto,13201,8,2020-03-23
Metropolitana de Santiago,13,Puente Alto,13201,5,2020-03-24
Metropolitana de Santiago,13,Puente Alto,13201,7,2020-03-25
Metropolitana de Santiago,13,Puente Alto,13201,8,2020-03-26
Metropolitana de Santiago,13,Puente Alto,13201,10,2020-03-27
Metropolitana de Santiago,13,Puente Alto,13201,5,2020-03-28
Metropolitana de Santiago,13,Puente Alto,13201,5,2020-03-29
Metropolitana de Santiago,13,Puente Alto,13201,4,2020-03-30
Metropolitana de Santiago,13,Puente Alto,13201,11,2020-03-31
Metropolitana de Santiago,13,Puente Alto,13201,5,2020-04-01
Metropolitana de Santiago,13,Puente Alto,13201,7,2020-04-02
Metropolitana de Santiago,13,Puente Alto,13201,5,2020-04-03
Metropolitana de Santiago,13,Puente Alto,13201,6,2020-04-04
Metropolitana de Santiago,13,Puente Alto,13201,7,2020-04-05
Metropolitana de Santiago,13,Puente Alto,13201,4,2020-04-06
Metropolitana de Santiago,13,Puente Alto,13201,7,2020-04-07
Metropolitana de Santiago,13,Puente Alto,13201,6,2020-04-08
Metropolitana de Santiago,13,Puente Alto,13201,7,2020-04-09
Metropolitana de Santiago,13,Puente Alto,13201,3,2020-04-10
Metropolitana de Santiago,13,Puente Alto,13201,4,2020-04-11
Metropolitana de Santiago,13,Puente Alto,13201,3,2020-04-12
Metropolitana de Santiago,13,Puente Alto,13201,3,2020-04-13
Metropolitana de Santiago,13,Puente Alto,13201,3,2020-04-14
Metropolitana de Santiago,13,Puente Alto,13201,7,2020-04-15
Metropolitana de Santiago,13,Puente Alto,13201,5,2020-04-16
Metropolitana de Santiago,13,Puente Alto,13201,4,2020-04-17
Metropolitana de Santiago,13,Puente Alto,13201,4,2020-04-18
Metropolitana de Santiago,13,Puente Alto,13201,9,2020-04-19
Metropolitana de Santiago,13,Puente Alto,13201,7,2020-04-20
Metropolitana de Santiago,13,Puente Alto,13201,1,2020-04-21
Metropolitana de Santiago,13,Puente Alto,13201,3,2020-04-22
Metropolitana de Santiago,13,Puente Alto,13201,7,2020-04-23
Metropolitana de Santiago,13,Puente Alto,13201,10,2020-04-24
Metropolitana de Santiago,13,Puente Alto,13201,3,2020-04-25
Metropolitana de Santiago,13,Puente Alto,13201,5,2020-04-26
Metropolitana de Santiago,13,Puente Alto,13201,8,2020-04-27
Metropolitana de Santiago,13,Puente Alto,13201,5,2020-04-28
Metropolitana de Santiago,13,Puente Alto,13201,6,2020-04-29
Metropolitana de Santiago,13,Puente Alto,13201,6,2020-04-30
Metropolitana de Santiago,13,Puente Alto,13201,12,2020-05-02
Metropolitana de Santiago,13,Puente Alto,13201,8,2020-05-03
Metropolitana de Santiago,13,Puente Alto,13201,6,2020-05-04
Metropolitana de Santiago,13,Puente Alto,13201,5,2020-05-05
Metropolitana de Santiago,13,Puente Alto,13201,5,2020-05-06
Metropolitana de Santiago,13,Puente Alto,13201,10,2020-05-07
Metropolitana de Santiago,13,Puente Alto,13201,12,2020-05-08
Metropolitana de Santiago,13,Puente Alto,13201,6,2020-05-09
Metropolitana de Santiago,13,Puente Alto,13201,6,2020-05-10
Metropolitana de Santiago,13,Puente Alto,13201,13,2020-05-11
Metropolitana de Santiago,13,Puente Alto,13201,6,2020-05-12
Metropolitana de Santiago,13,Puente Alto,13201,8,2020-05-13
Metropolitana de Santiago,13,Puente Alto,13201,6,2020-05-14
Metropolitana de Santiago,13,Puente Alto,13201,5,2020-05-15
Metropolitana de Santiago,13,Puente Alto,13201,12,2020-05-16
Metropolitana de Santiago,13,Puente Alto,13201,5,2020-05-17
Metropolitana de Santiago,13,Puente Alto,13201,13,2020-05-18
Metropolitana de Santiago,13,Puente Alto,13201,13,2020-05-19
Metropolitana de Santiago,13,Puente Alto,13201,12,2020-05-20
Metropolitana de Santiago,13,Puente Alto,13201,5,2020-05-21
Metropolitana de Santiago,13,Puente Alto,13201,14,2020-05-22
Metropolitana de Santiago,13,Puente Alto,13201,15,2020-05-23
Metropolitana de Santiago,13,Puente Alto,13201,11,2020-05-24
Metropolitana de Santiago,13,Puente Alto,13201,5,2020-05-25
Metropolitana de Santiago,13,Puente Alto,13201,21,2020-05-26
Metropolitana de Santiago,13,Puente Alto,13201,11,2020-05-27
Metropolitana de Santiago,13,Puente Alto,13201,16,2020-05-28
Metropolitana de Santiago,13,Puente Alto,13201,14,2020-05-29
Metropolitana de Santiago,13,Puente Alto,13201,10,2020-05-30
Metropolitana de Santiago,13,Puente Alto,13201,10,2020-05-31
Metropolitana de Santiago,13,Puente Alto,13201,15,2020-06-01
Metropolitana de Santiago,13,Puente Alto,13201,18,2020-06-02
Metropolitana de Santiago,13,Puente Alto,13201,16,2020-06-03
Metropolitana de Santiago,13,Puente Alto,13201,20,2020-06-04
Metropolitana de Santiago,13,Puente Alto,13201,16,2020-06-05
Metropolitana de Santiago,13,Puente Alto,13201,7,2020-06-06
Metropolitana de Santiago,13,Puente Alto,13201,17,2020-06-07
Metropolitana de Santiago,13,Puente Alto,13201,20,2020-06-08
Metropolitana de Santiago,13,Puente Alto,13201,21,2020-06-09
Metropolitana de Santiago,13,Puente Alto,13201,25,2020-06-10
Metropolitana de Santiago,13,Puente Alto,13201,18,2020-06-11
Metropolitana de Santiago,13,Puente Alto,13201,24,2020-06-12
Metropolitana de Santiago,13,Puente Alto,13201,12,2020-06-13
Metropolitana de Santiago,13,Puente Alto,13201,14,2020-06-14
Metropolitana de Santiago,13,Puente Alto,13201,13,2020-06-15
Metropolitana de Santiago,13,Puente Alto,13201,26,2020-06-16
Metropolitana de Santiago,13,Puente Alto,13201,18,2020-06-17
Metropolitana de Santiago,13,Puente Alto,13201,12,2020-06-18
Metropolitana de Santiago,13,Puente Alto,13201,17,2020-06-19
Metropolitana de Santiago,13,Puente Alto,13201,19,2020-06-20
Metropolitana de Santiago,13,Puente Alto,13201,9,2020-06-21
Metropolitana de Santiago,13,Puente Alto,13201,15,2020-06-22
Metropolitana de Santiago,13,Puente Alto,13201,11,2020-06-23
Metropolitana de Santiago,13,Puente Alto,13201,12,2020-06-24
Metropolitana de Santiago,13,Puente Alto,13201,10,2020-06-25
Metropolitana de Santiago,13,Puente Alto,13201,21,2020-06-26
Metropolitana de Santiago,13,Puente Alto,13201,13,2020-06-27
Metropolitana de Santiago,13,Puente Alto,13201,13,2020-06-28
Metropolitana de Santiago,13,Puente Alto,13201,10,2020-06-29
Metropolitana de Santiago,13,Puente Alto,13201,16,2020-06-30
Metropolitana de Santiago,13,Puente Alto,13201,20,2020-07-01
Metropolitana de Santiago,13,Puente Alto,13201,20,2020-07-02
Metropolitana de Santiago,13,Puente Alto,13201,14,2020-07-03
Metropolitana de Santiago,13,Puente Alto,13201,11,2020-07-04
Metropolitana de Santiago,13,Puente Alto,13201,8,2020-07-05
Metropolitana de Santiago,13,Puente Alto,13201,18,2020-07-06
Metropolitana de Santiago,13,Puente Alto,13201,15,2020-07-07
Metropolitana de Santiago,13,Puente Alto,13201,10,2020-07-08
Metropolitana de Santiago,13,Puente Alto,13201,13,2020-07-09
Metropolitana de Santiago,13,Puente Alto,13201,12,2020-07-10
Metropolitana de Santiago,13,Puente Alto,13201,10,2020-07-11
Metropolitana de Santiago,13,Puente Alto,13201,8,2020-07-12
Metropolitana de Santiago,13,Puente Alto,13201,9,2020-07-13
Metropolitana de Santiago,13,Puente Alto,13201,15,2020-07-14
Metropolitana de Santiago,13,Puente Alto,13201,11,2020-07-15
Metropolitana de Santiago,13,Puente Alto,13201,9,2020-07-16
Metropolitana de Santiago,13,Puente Alto,13201,13,2020-07-17
Metropolitana de Santiago,13,Puente Alto,13201,6,2020-07-18
Metropolitana de Santiago,13,Puente Alto,13201,7,2020-07-19
Metropolitana de Santiago,13,Puente Alto,13201,9,2020-07-20
Metropolitana de Santiago,13,Puente Alto,13201,9,2020-07-21
Metropolitana de Santiago,13,Puente Alto,13201,14,2020-07-22
Metropolitana de Santiago,13,Puente Alto,13201,12,2020-07-23
Metropolitana de Santiago,13,Puente Alto,13201,9,2020-07-24
Metropolitana de Santiago,13,Puente Alto,13201,5,2020-07-25
Metropolitana de Santiago,13,Puente Alto,13201,5,2020-07-26
Metropolitana de Santiago,13,Puente Alto,13201,6,2020-07-27
Metropolitana de Santiago,13,Puente Alto,13201,9,2020-07-28
Metropolitana de Santiago,13,Puente Alto,13201,9,2020-07-29
Metropolitana de Santiago,13,Puente Alto,13201,7,2020-07-30
Metropolitana de Santiago,13,Puente Alto,13201,11,2020-07-31
Metropolitana de Santiago,13,Puente Alto,13201,7,2020-08-01
Metropolitana de Santiago,13,Puente Alto,13201,9,2020-08-02
Metropolitana de Santiago,13,Puente Alto,13201,8,2020-08-03
Metropolitana de Santiago,13,Puente Alto,13201,9,2020-08-04
Metropolitana de Santiago,13,Puente Alto,13201,11,2020-08-05
Metropolitana de Santiago,13,Puente Alto,13201,8,2020-08-06
Metropolitana de Santiago,13,Puente Alto,13201,9,2020-08-07
Metropolitana de Santiago,13,Puente Alto,13201,12,2020-08-08
Metropolitana de Santiago,13,Puente Alto,13201,4,2020-08-09
Metropolitana de Santiago,13,Puente Alto,13201,12,2020-08-10
Metropolitana de Santiago,13,Puente Alto,13201,4,2020-08-11
Metropolitana de Santiago,13,Puente Alto,13201,5,2020-08-12
Metropolitana de Santiago,13,Puente Alto,13201,9,2020-08-13
Metropolitana de Santiago,13,Puente Alto,13201,13,2020-08-14
Metropolitana de Santiago,13,Puente Alto,13201,8,2020-08-15
Metropolitana de Santiago,13,Puente Alto,13201,8,2020-08-16
Metropolitana de Santiago,13,Puente Alto,13201,12,2020-08-17
Metropolitana de Santiago,13,Puente Alto,13201,8,2020-08-18
Metropolitana de Santiago,13,Puente Alto,13201,12,2020-08-19
Metropolitana de Santiago,13,Puente Alto,13201,7,2020-08-20
Metropolitana de Santiago,13,Puente Alto,13201,10,2020-08-21
Metropolitana de Santiago,13,Puente Alto,13201,8,2020-08-22
Metropolitana de Santiago,13,Puente Alto,13201,13,2020-08-23
Metropolitana de Santiago,13,Puente Alto,13201,5,2020-08-24
Metropolitana de Santiago,13,Puente Alto,13201,11,2020-08-25
Metropolitana de Santiago,13,Puente Alto,13201,8,2020-08-26
Metropolitana de Santiago,13,Puente Alto,13201,10,2020-08-27
Metropolitana de Santiago,13,Puente Alto,13201,4,2020-08-28
Metropolitana de Santiago,13,Puente Alto,13201,5,2020-08-29
Metropolitana de Santiago,13,Puente Alto,13201,9,2020-08-30
Metropolitana de Santiago,13,Puente Alto,13201,7,2020-08-31
Metropolitana de Santiago,13,Puente Alto,13201,12,2020-09-01
Metropolitana de Santiago,13,Puente Alto,13201,19,2020-09-02
Metropolitana de Santiago,13,Puente Alto,13201,9,2020-09-03
Metropolitana de Santiago,13,Puente Alto,13201,17,2020-09-04
Metropolitana de Santiago,13,Puente Alto,13201,9,2020-09-05
Metropolitana de Santiago,13,Puente Alto,13201,4,2020-09-06
Metropolitana de Santiago,13,Puente Alto,13201,10,2020-09-07
Metropolitana de Santiago,13,Puente Alto,13201,12,2020-09-08
Metropolitana de Santiago,13,Puente Alto,13201,3,2020-09-09
Metropolitana de Santiago,13,Puente Alto,13201,11,2020-09-10
Metropolitana de Santiago,13,Puente Alto,13201,6,2020-09-11
Metropolitana de Santiago,13,Puente Alto,13201,5,2020-09-12
Metropolitana de Santiago,13,Puente Alto,13201,6,2020-09-13
Metropolitana de Santiago,13,Puente Alto,13201,10,2020-09-14
Metropolitana de Santiago,13,Puente Alto,13201,9,2020-09-15
Metropolitana de Santiago,13,Puente Alto,13201,6,2020-09-16
Metropolitana de Santiago,13,Puente Alto,13201,6,2020-09-17
Metropolitana de Santiago,13,Puente Alto,13201,9,2020-09-18
Metropolitana de Santiago,13,Puente Alto,13201,7,2020-09-19
Metropolitana de Santiago,13,Puente Alto,13201,7,2020-09-20
Metropolitana de Santiago,13,Puente Alto,13201,9,2020-09-21
Metropolitana de Santiago,13,Puente Alto,13201,5,2020-09-22
Metropolitana de Santiago,13,Puente Alto,13201,4,2020-09-23
Metropolitana de Santiago,13,Puente Alto,13201,8,2020-09-24
Metropolitana de Santiago,13,Puente Alto,13201,2,2020-09-25
Metropolitana de Santiago,13,Puente Alto,13201,3,2020-09-26
Metropolitana de Santiago,13,Puente Alto,13201,7,2020-09-27
Metropolitana de Santiago,13,Puente Alto,13201,12,2020-09-28
Metropolitana de Santiago,13,Puente Alto,13201,8,2020-09-29
Metropolitana de Santiago,13,Puente Alto,13201,7,2020-09-30
Metropolitana de Santiago,13,Puente Alto,13201,8,2020-10-01
Metropolitana de Santiago,13,Puente Alto,13201,2,2020-10-02
Metropolitana de Santiago,13,Puente Alto,13201,14,2020-10-03
Metropolitana de Santiago,13,Puente Alto,13201,5,2020-10-04
Metropolitana de Santiago,13,Puente Alto,13201,12,2020-10-05
Metropolitana de Santiago,13,Puente Alto,13201,6,2020-10-06
Metropolitana de Santiago,13,Puente Alto,13201,7,2020-10-07
Metropolitana de Santiago,13,Puente Alto,13201,14,2020-10-08
Metropolitana de Santiago,13,Puente Alto,13201,6,2020-10-09
Metropolitana de Santiago,13,Puente Alto,13201,7,2020-10-10
Metropolitana de Santiago,13,Puente Alto,13201,8,2020-10-11
Metropolitana de Santiago,13,Puente Alto,13201,5,2020-10-12
Metropolitana de Santiago,13,Puente Alto,13201,4,2020-10-13
Metropolitana de Santiago,13,Puente Alto,13201,9,2020-10-14
Metropolitana de Santiago,13,Puente Alto,13201,5,2020-10-15
Metropolitana de Santiago,13,Puente Alto,13201,8,2020-10-16
Metropolitana de Santiago,13,Puente Alto,13201,3,2020-10-17
Metropolitana de Santiago,13,Puente Alto,13201,3,2020-10-18
Metropolitana de Santiago,13,Puente Alto,13201,6,2020-10-19
Metropolitana de Santiago,13,Puente Alto,13201,10,2020-10-20
Metropolitana de Santiago,13,Puente Alto,13201,10,2020-10-21
Metropolitana de Santiago,13,Puente Alto,13201,8,2020-10-22
Metropolitana de Santiago,13,Puente Alto,13201,5,2020-10-23
Metropolitana de Santiago,13,Puente Alto,13201,5,2020-10-24
Metropolitana de Santiago,13,Puente Alto,13201,3,2020-10-25
Metropolitana de Santiago,13,Puente Alto,13201,4,2020-10-26
Metropolitana de Santiago,13,Puente Alto,13201,14,2020-10-27
Metropolitana de Santiago,13,Puente Alto,13201,4,2020-10-28
Metropolitana de Santiago,13,Puente Alto,13201,8,2020-10-29
Metropolitana de Santiago,13,Puente Alto,13201,9,2020-10-30
Metropolitana de Santiago,13,Puente Alto,13201,4,2020-10-31
Metropolitana de Santiago,13,Puente Alto,13201,5,2020-11-01
Metropolitana de Santiago,13,Puente Alto,13201,4,2020-11-02
Metropolitana de Santiago,13,Puente Alto,13201,7,2020-11-03
Metropolitana de Santiago,13,Puente Alto,13201,8,2020-11-04
Metropolitana de Santiago,13,Puente Alto,13201,12,2020-11-05
Metropolitana de Santiago,13,Puente Alto,13201,3,2020-11-06
Metropolitana de Santiago,13,Puente Alto,13201,3,2020-11-07
Metropolitana de Santiago,13,Puente Alto,13201,2,2020-11-08
Metropolitana de Santiago,13,Puente Alto,13201,10,2020-11-09
Metropolitana de Santiago,13,Puente Alto,13201,5,2020-11-10
Metropolitana de Santiago,13,Puente Alto,13201,5,2020-11-11
Metropolitana de Santiago,13,Puente Alto,13201,7,2020-11-12
Metropolitana de Santiago,13,Puente Alto,13201,5,2020-11-13
Metropolitana de Santiago,13,Puente Alto,13201,5,2020-11-14
Metropolitana de Santiago,13,Puente Alto,13201,4,2020-11-15
Metropolitana de Santiago,13,Puente Alto,13201,5,2020-11-16
Metropolitana de Santiago,13,Puente Alto,13201,9,2020-11-17
Metropolitana de Santiago,13,Puente Alto,13201,5,2020-11-18
Metropolitana de Santiago,13,Puente Alto,13201,4,2020-11-19
Metropolitana de Santiago,13,Puente Alto,13201,2,2020-11-20
Metropolitana de Santiago,13,Puente Alto,13201,11,2020-11-21
Metropolitana de Santiago,13,Puente Alto,13201,3,2020-11-22
Metropolitana de Santiago,13,Puente Alto,13201,7,2020-11-23
Metropolitana de Santiago,13,Puente Alto,13201,7,2020-11-24
Metropolitana de Santiago,13,Puente Alto,13201,7,2020-11-25
Metropolitana de Santiago,13,Puente Alto,13201,7,2020-11-26
Metropolitana de Santiago,13,Puente Alto,13201,3,2020-11-27
Metropolitana de Santiago,13,Puente Alto,13201,4,2020-11-28
Metropolitana de Santiago,13,Puente Alto,13201,5,2020-11-29
Metropolitana de Santiago,13,Puente Alto,13201,9,2020-11-30
Metropolitana de Santiago,13,Puente Alto,13201,6,2020-12-01
Metropolitana de Santiago,13,Puente Alto,13201,9,2020-12-02
Metropolitana de Santiago,13,Puente Alto,13201,9,2020-12-03
Metropolitana de Santiago,13,Puente Alto,13201,6,2020-12-04
Metropolitana de Santiago,13,Puente Alto,13201,3,2020-12-05
Metropolitana de Santiago,13,Puente Alto,13201,7,2020-12-06
Metropolitana de Santiago,13,Puente Alto,13201,4,2020-12-07
Metropolitana de Santiago,13,Puente Alto,13201,6,2020-12-08
Metropolitana de Santiago,13,Puente Alto,13201,6,2020-12-09
Metropolitana de Santiago,13,Puente Alto,13201,6,2020-12-10
Metropolitana de Santiago,13,Puente Alto,13201,6,2020-12-11
Metropolitana de Santiago,13,Puente Alto,13201,4,2020-12-12
Metropolitana de Santiago,13,Puente Alto,13201,10,2020-12-13
Metropolitana de Santiago,13,Puente Alto,13201,11,2020-12-14
Metropolitana de Santiago,13,Puente Alto,13201,5,2020-12-15
Metropolitana de Santiago,13,Puente Alto,13201,7,2020-12-16
Metropolitana de Santiago,13,Puente Alto,13201,6,2020-12-17
Metropolitana de Santiago,13,Puente Alto,13201,8,2020-12-18
Metropolitana de Santiago,13,Puente Alto,13201,2,2020-12-19
Metropolitana de Santiago,13,Puente Alto,13201,6,2020-12-20
Metropolitana de Santiago,13,Puente Alto,13201,7,2020-12-21
Metropolitana de Santiago,13,Puente Alto,13201,12,2020-12-22
Metropolitana de Santiago,13,Puente Alto,13201,7,2020-12-23
Metropolitana de Santiago,13,Puente Alto,13201,4,2020-12-24
Metropolitana de Santiago,13,Puente Alto,13201,13,2020-12-26
Metropolitana de Santiago,13,Puente Alto,13201,7,2020-12-27
Metropolitana de Santiago,13,Puente Alto,13201,7,2020-12-28
Metropolitana de Santiago,13,Puente Alto,13201,6,2020-12-29
Metropolitana de Santiago,13,Puente Alto,13201,10,2020-12-30
Metropolitana de Santiago,13,Puente Alto,13201,5,2020-12-31
Metropolitana de Santiago,13,Puente Alto,13201,10,2021-01-02
Metropolitana de Santiago,13,Puente Alto,13201,5,2021-01-03
Metropolitana de Santiago,13,Puente Alto,13201,9,2021-01-04
Metropolitana de Santiago,13,Puente Alto,13201,5,2021-01-05
Metropolitana de Santiago,13,Puente Alto,13201,6,2021-01-06
Metropolitana de Santiago,13,Puente Alto,13201,10,2021-01-07
Metropolitana de Santiago,13,Puente Alto,13201,4,2021-01-08
Metropolitana de Santiago,13,Puente Alto,13201,8,2021-01-09
Metropolitana de Santiago,13,Puente Alto,13201,10,2021-01-10
Metropolitana de Santiago,13,Puente Alto,13201,5,2021-01-11
Metropolitana de Santiago,13,Puente Alto,13201,3,2021-01-12
Metropolitana de Santiago,13,Puente Alto,13201,7,2021-01-13
Metropolitana de Santiago,13,Puente Alto,13201,5,2021-01-14
Metropolitana de Santiago,13,Pirque,13202,1,2020-01-12
Metropolitana de Santiago,13,Pirque,13202,1,2020-01-28
Metropolitana de Santiago,13,Pirque,13202,1,2020-02-01
Metropolitana de Santiago,13,Pirque,13202,1,2020-02-07
Metropolitana de Santiago,13,Pirque,13202,1,2020-02-08
Metropolitana de Santiago,13,Pirque,13202,1,2020-02-09
Metropolitana de Santiago,13,Pirque,13202,1,2020-02-10
Metropolitana de Santiago,13,Pirque,13202,1,2020-02-11
Metropolitana de Santiago,13,Pirque,13202,2,2020-02-17
Metropolitana de Santiago,13,Pirque,13202,1,2020-02-27
Metropolitana de Santiago,13,Pirque,13202,1,2020-03-04
Metropolitana de Santiago,13,Pirque,13202,1,2020-03-14
Metropolitana de Santiago,13,Pirque,13202,1,2020-03-18
Metropolitana de Santiago,13,Pirque,13202,1,2020-03-20
Metropolitana de Santiago,13,Pirque,13202,2,2020-03-30
Metropolitana de Santiago,13,Pirque,13202,1,2020-04-02
Metropolitana de Santiago,13,Pirque,13202,1,2020-04-06
Metropolitana de Santiago,13,Pirque,13202,1,2020-04-08
Metropolitana de Santiago,13,Pirque,13202,1,2020-04-10
Metropolitana de Santiago,13,Pirque,13202,1,2020-04-21
Metropolitana de Santiago,13,Pirque,13202,1,2020-04-27
Metropolitana de Santiago,13,Pirque,13202,1,2020-05-08
Metropolitana de Santiago,13,Pirque,13202,1,2020-05-10
Metropolitana de Santiago,13,Pirque,13202,1,2020-05-16
Metropolitana de Santiago,13,Pirque,13202,3,2020-05-20
Metropolitana de Santiago,13,Pirque,13202,1,2020-05-21
Metropolitana de Santiago,13,Pirque,13202,2,2020-05-25
Metropolitana de Santiago,13,Pirque,13202,1,2020-05-28
Metropolitana de Santiago,13,Pirque,13202,1,2020-05-31
Metropolitana de Santiago,13,Pirque,13202,1,2020-06-06
Metropolitana de Santiago,13,Pirque,13202,1,2020-06-27
Metropolitana de Santiago,13,Pirque,13202,4,2020-06-30
Metropolitana de Santiago,13,Pirque,13202,3,2020-07-01
Metropolitana de Santiago,13,Pirque,13202,7,2020-07-02
Metropolitana de Santiago,13,Pirque,13202,1,2020-07-03
Metropolitana de Santiago,13,Pirque,13202,1,2020-07-05
Metropolitana de Santiago,13,Pirque,13202,1,2020-07-07
Metropolitana de Santiago,13,Pirque,13202,1,2020-07-08
Metropolitana de Santiago,13,Pirque,13202,1,2020-07-12
Metropolitana de Santiago,13,Pirque,13202,1,2020-07-13
Metropolitana de Santiago,13,Pirque,13202,1,2020-07-17
Metropolitana de Santiago,13,Pirque,13202,1,2020-07-24
Metropolitana de Santiago,13,Pirque,13202,1,2020-07-31
Metropolitana de Santiago,13,Pirque,13202,1,2020-08-07
Metropolitana de Santiago,13,Pirque,13202,1,2020-08-08
Metropolitana de Santiago,13,Pirque,13202,1,2020-08-09
Metropolitana de Santiago,13,Pirque,13202,1,2020-08-19
Metropolitana de Santiago,13,Pirque,13202,1,2020-08-22
Metropolitana de Santiago,13,Pirque,13202,1,2020-08-23
Metropolitana de Santiago,13,Pirque,13202,1,2020-08-24
Metropolitana de Santiago,13,Pirque,13202,2,2020-08-25
Metropolitana de Santiago,13,Pirque,13202,1,2020-08-26
Metropolitana de Santiago,13,Pirque,13202,1,2020-09-13
Metropolitana de Santiago,13,Pirque,13202,1,2020-09-18
Metropolitana de Santiago,13,Pirque,13202,1,2020-09-22
Metropolitana de Santiago,13,Pirque,13202,2,2020-09-27
Metropolitana de Santiago,13,Pirque,13202,1,2020-10-02
Metropolitana de Santiago,13,Pirque,13202,1,2020-10-06
Metropolitana de Santiago,13,Pirque,13202,1,2020-10-07
Metropolitana de Santiago,13,Pirque,13202,1,2020-10-11
Metropolitana de Santiago,13,Pirque,13202,1,2020-10-21
Metropolitana de Santiago,13,Pirque,13202,1,2020-10-24
Metropolitana de Santiago,13,Pirque,13202,1,2020-10-27
Metropolitana de Santiago,13,Pirque,13202,1,2020-10-29
Metropolitana de Santiago,13,Pirque,13202,1,2020-11-05
Metropolitana de Santiago,13,Pirque,13202,1,2020-11-06
Metropolitana de Santiago,13,Pirque,13202,2,2020-11-12
Metropolitana de Santiago,13,Pirque,13202,1,2020-11-13
Metropolitana de Santiago,13,Pirque,13202,1,2020-11-14
Metropolitana de Santiago,13,Pirque,13202,1,2020-11-18
Metropolitana de Santiago,13,Pirque,13202,1,2020-11-19
Metropolitana de Santiago,13,Pirque,13202,1,2020-11-22
Metropolitana de Santiago,13,Pirque,13202,1,2020-11-27
Metropolitana de Santiago,13,Pirque,13202,1,2020-11-28
Metropolitana de Santiago,13,Pirque,13202,1,2020-12-02
Metropolitana de Santiago,13,Pirque,13202,1,2020-12-04
Metropolitana de Santiago,13,Pirque,13202,1,2020-12-24
Metropolitana de Santiago,13,Pirque,13202,1,2020-12-27
Metropolitana de Santiago,13,Pirque,13202,1,2020-12-28
Metropolitana de Santiago,13,Pirque,13202,1,2020-12-31
Metropolitana de Santiago,13,San José de Maipo,13203,1,2020-01-04
Metropolitana de Santiago,13,San José de Maipo,13203,1,2020-01-05
Metropolitana de Santiago,13,San José de Maipo,13203,1,2020-01-10
Metropolitana de Santiago,13,San José de Maipo,13203,1,2020-01-11
Metropolitana de Santiago,13,San José de Maipo,13203,1,2020-01-14
Metropolitana de Santiago,13,San José de Maipo,13203,1,2020-01-15
Metropolitana de Santiago,13,San José de Maipo,13203,1,2020-01-20
Metropolitana de Santiago,13,San José de Maipo,13203,1,2020-01-21
Metropolitana de Santiago,13,San José de Maipo,13203,1,2020-01-22
Metropolitana de Santiago,13,San José de Maipo,13203,1,2020-01-25
Metropolitana de Santiago,13,San José de Maipo,13203,1,2020-01-26
Metropolitana de Santiago,13,San José de Maipo,13203,2,2020-01-29
Metropolitana de Santiago,13,San José de Maipo,13203,1,2020-01-30
Metropolitana de Santiago,13,San José de Maipo,13203,1,2020-01-31
Metropolitana de Santiago,13,San José de Maipo,13203,2,2020-02-02
Metropolitana de Santiago,13,San José de Maipo,13203,1,2020-02-03
Metropolitana de Santiago,13,San José de Maipo,13203,1,2020-02-05
Metropolitana de Santiago,13,San José de Maipo,13203,1,2020-02-15
Metropolitana de Santiago,13,San José de Maipo,13203,1,2020-02-16
Metropolitana de Santiago,13,San José de Maipo,13203,1,2020-02-18
Metropolitana de Santiago,13,San José de Maipo,13203,1,2020-02-21
Metropolitana de Santiago,13,San José de Maipo,13203,1,2020-02-25
Metropolitana de Santiago,13,San José de Maipo,13203,1,2020-03-03
Metropolitana de Santiago,13,San José de Maipo,13203,3,2020-03-06
Metropolitana de Santiago,13,San José de Maipo,13203,1,2020-03-07
Metropolitana de Santiago,13,San José de Maipo,13203,1,2020-03-09
Metropolitana de Santiago,13,San José de Maipo,13203,2,2020-03-11
Metropolitana de Santiago,13,San José de Maipo,13203,1,2020-03-14
Metropolitana de Santiago,13,San José de Maipo,13203,1,2020-03-17
Metropolitana de Santiago,13,San José de Maipo,13203,1,2020-03-18
Metropolitana de Santiago,13,San José de Maipo,13203,1,2020-03-19
Metropolitana de Santiago,13,San José de Maipo,13203,1,2020-03-21
Metropolitana de Santiago,13,San José de Maipo,13203,1,2020-03-22
Metropolitana de Santiago,13,San José de Maipo,13203,1,2020-03-24
Metropolitana de Santiago,13,San José de Maipo,13203,2,2020-04-03
Metropolitana de Santiago,13,San José de Maipo,13203,1,2020-04-06
Metropolitana de Santiago,13,San José de Maipo,13203,1,2020-04-08
Metropolitana de Santiago,13,San José de Maipo,13203,1,2020-04-09
Metropolitana de Santiago,13,San José de Maipo,13203,1,2020-04-11
Metropolitana de Santiago,13,San José de Maipo,13203,1,2020-04-13
Metropolitana de Santiago,13,San José de Maipo,13203,1,2020-04-19
Metropolitana de Santiago,13,San José de Maipo,13203,2,2020-04-22
Metropolitana de Santiago,13,San José de Maipo,13203,1,2020-04-29
Metropolitana de Santiago,13,San José de Maipo,13203,1,2020-05-03
Metropolitana de Santiago,13,San José de Maipo,13203,1,2020-05-04
Metropolitana de Santiago,13,San José de Maipo,13203,1,2020-05-06
Metropolitana de Santiago,13,San José de Maipo,13203,1,2020-05-07
Metropolitana de Santiago,13,San José de Maipo,13203,1,2020-05-09
Metropolitana de Santiago,13,San José de Maipo,13203,2,2020-05-11
Metropolitana de Santiago,13,San José de Maipo,13203,2,2020-05-13
Metropolitana de Santiago,13,San José de Maipo,13203,2,2020-05-15
Metropolitana de Santiago,13,San José de Maipo,13203,1,2020-05-16
Metropolitana de Santiago,13,San José de Maipo,13203,1,2020-05-19
Metropolitana de Santiago,13,San José de Maipo,13203,2,2020-05-20
Metropolitana de Santiago,13,San José de Maipo,13203,1,2020-05-21
Metropolitana de Santiago,13,San José de Maipo,13203,2,2020-05-22
Metropolitana de Santiago,13,San José de Maipo,13203,1,2020-05-23
Metropolitana de Santiago,13,San José de Maipo,13203,2,2020-05-24
Metropolitana de Santiago,13,San José de Maipo,13203,2,2020-05-25
Metropolitana de Santiago,13,San José de Maipo,13203,2,2020-05-26
Metropolitana de Santiago,13,San José de Maipo,13203,1,2020-06-02
Metropolitana de Santiago,13,San José de Maipo,13203,2,2020-06-03
Metropolitana de Santiago,13,San José de Maipo,13203,2,2020-06-04
Metropolitana de Santiago,13,San José de Maipo,13203,1,2020-06-05
Metropolitana de Santiago,13,San José de Maipo,13203,2,2020-06-06
Metropolitana de Santiago,13,San José de Maipo,13203,1,2020-06-08
Metropolitana de Santiago,13,San José de Maipo,13203,2,2020-06-09
Metropolitana de Santiago,13,San José de Maipo,13203,1,2020-06-10
Metropolitana de Santiago,13,San José de Maipo,13203,1,2020-06-11
Metropolitana de Santiago,13,San José de Maipo,13203,3,2020-06-12
Metropolitana de Santiago,13,San José de Maipo,13203,1,2020-06-14
Metropolitana de Santiago,13,San José de Maipo,13203,3,2020-06-15
Metropolitana de Santiago,13,San José de Maipo,13203,2,2020-06-16
Metropolitana de Santiago,13,San José de Maipo,13203,1,2020-06-17
Metropolitana de Santiago,13,San José de Maipo,13203,2,2020-06-22
Metropolitana de Santiago,13,San José de Maipo,13203,1,2020-06-24
Metropolitana de Santiago,13,San José de Maipo,13203,2,2020-06-26
Metropolitana de Santiago,13,San José de Maipo,13203,2,2020-06-27
Metropolitana de Santiago,13,San José de Maipo,13203,2,2020-06-30
Metropolitana de Santiago,13,San José de Maipo,13203,1,2020-07-02
Metropolitana de Santiago,13,San José de Maipo,13203,1,2020-07-06
Metropolitana de Santiago,13,San José de Maipo,13203,1,2020-07-07
Metropolitana de Santiago,13,San José de Maipo,13203,1,2020-07-08
Metropolitana de Santiago,13,San José de Maipo,13203,1,2020-07-10
Metropolitana de Santiago,13,San José de Maipo,13203,1,2020-07-11
Metropolitana de Santiago,13,San José de Maipo,13203,3,2020-07-12
Metropolitana de Santiago,13,San José de Maipo,13203,1,2020-07-13
Metropolitana de Santiago,13,San José de Maipo,13203,1,2020-07-14
Metropolitana de Santiago,13,San José de Maipo,13203,1,2020-07-15
Metropolitana de Santiago,13,San José de Maipo,13203,1,2020-07-17
Metropolitana de Santiago,13,San José de Maipo,13203,1,2020-07-18
Metropolitana de Santiago,13,San José de Maipo,13203,2,2020-07-20
Metropolitana de Santiago,13,San José de Maipo,13203,1,2020-07-21
Metropolitana de Santiago,13,San José de Maipo,13203,1,2020-07-22
Metropolitana de Santiago,13,San José de Maipo,13203,1,2020-07-24
Metropolitana de Santiago,13,San José de Maipo,13203,1,2020-07-28
Metropolitana de Santiago,13,San José de Maipo,13203,1,2020-08-02
Metropolitana de Santiago,13,San José de Maipo,13203,1,2020-08-03
Metropolitana de Santiago,13,San José de Maipo,13203,1,2020-08-05
Metropolitana de Santiago,13,San José de Maipo,13203,1,2020-08-11
Metropolitana de Santiago,13,San José de Maipo,13203,1,2020-08-13
Metropolitana de Santiago,13,San José de Maipo,13203,1,2020-08-14
Metropolitana de Santiago,13,San José de Maipo,13203,4,2020-08-16
Metropolitana de Santiago,13,San José de Maipo,13203,1,2020-08-17
Metropolitana de Santiago,13,San José de Maipo,13203,3,2020-08-20
Metropolitana de Santiago,13,San José de Maipo,13203,1,2020-08-24
Metropolitana de Santiago,13,San José de Maipo,13203,1,2020-08-27
Metropolitana de Santiago,13,San José de Maipo,13203,2,2020-08-28
Metropolitana de Santiago,13,San José de Maipo,13203,1,2020-08-29
Metropolitana de Santiago,13,San José de Maipo,13203,2,2020-09-01
Metropolitana de Santiago,13,San José de Maipo,13203,1,2020-09-07
Metropolitana de Santiago,13,San José de Maipo,13203,1,2020-09-11
Metropolitana de Santiago,13,San José de Maipo,13203,1,2020-09-13
Metropolitana de Santiago,13,San José de Maipo,13203,1,2020-09-14
Metropolitana de Santiago,13,San José de Maipo,13203,1,2020-09-15
Metropolitana de Santiago,13,San José de Maipo,13203,1,2020-09-19
Metropolitana de Santiago,13,San José de Maipo,13203,1,2020-09-21
Metropolitana de Santiago,13,San José de Maipo,13203,1,2020-09-24
Metropolitana de Santiago,13,San José de Maipo,13203,2,2020-09-25
Metropolitana de Santiago,13,San José de Maipo,13203,1,2020-09-27
Metropolitana de Santiago,13,San José de Maipo,13203,3,2020-09-28
Metropolitana de Santiago,13,San José de Maipo,13203,1,2020-09-29
Metropolitana de Santiago,13,San José de Maipo,13203,1,2020-09-30
Metropolitana de Santiago,13,San José de Maipo,13203,1,2020-10-01
Metropolitana de Santiago,13,San José de Maipo,13203,3,2020-10-02
Metropolitana de Santiago,13,San José de Maipo,13203,1,2020-10-04
Metropolitana de Santiago,13,San José de Maipo,13203,1,2020-10-07
Metropolitana de Santiago,13,San José de Maipo,13203,2,2020-10-08
Metropolitana de Santiago,13,San José de Maipo,13203,1,2020-10-10
Metropolitana de Santiago,13,San José de Maipo,13203,2,2020-10-11
Metropolitana de Santiago,13,San José de Maipo,13203,2,2020-10-20
Metropolitana de Santiago,13,San José de Maipo,13203,1,2020-10-22
Metropolitana de Santiago,13,San José de Maipo,13203,2,2020-10-23
Metropolitana de Santiago,13,San José de Maipo,13203,2,2020-11-01
Metropolitana de Santiago,13,San José de Maipo,13203,1,2020-11-03
Metropolitana de Santiago,13,San José de Maipo,13203,2,2020-11-04
Metropolitana de Santiago,13,San José de Maipo,13203,1,2020-11-05
Metropolitana de Santiago,13,San José de Maipo,13203,1,2020-11-07
Metropolitana de Santiago,13,San José de Maipo,13203,1,2020-11-08
Metropolitana de Santiago,13,San José de Maipo,13203,3,2020-11-09
Metropolitana de Santiago,13,San José de Maipo,13203,1,2020-11-11
Metropolitana de Santiago,13,San José de Maipo,13203,1,2020-11-16
Metropolitana de Santiago,13,San José de Maipo,13203,1,2020-11-17
Metropolitana de Santiago,13,San José de Maipo,13203,1,2020-11-24
Metropolitana de Santiago,13,San José de Maipo,13203,1,2020-11-25
Metropolitana de Santiago,13,San José de Maipo,13203,1,2020-11-27
Metropolitana de Santiago,13,San José de Maipo,13203,2,2020-11-30
Metropolitana de Santiago,13,San José de Maipo,13203,1,2020-12-05
Metropolitana de Santiago,13,San José de Maipo,13203,1,2020-12-07
Metropolitana de Santiago,13,San José de Maipo,13203,2,2020-12-08
Metropolitana de Santiago,13,San José de Maipo,13203,1,2020-12-15
Metropolitana de Santiago,13,San José de Maipo,13203,1,2020-12-18
Metropolitana de Santiago,13,San José de Maipo,13203,1,2020-12-19
Metropolitana de Santiago,13,San José de Maipo,13203,1,2020-12-21
Metropolitana de Santiago,13,San José de Maipo,13203,1,2020-12-26
Metropolitana de Santiago,13,San José de Maipo,13203,1,2020-12-27
Metropolitana de Santiago,13,San José de Maipo,13203,3,2020-12-28
Metropolitana de Santiago,13,San José de Maipo,13203,2,2020-12-31
Metropolitana de Santiago,13,San José de Maipo,13203,1,2021-01-02
Metropolitana de Santiago,13,San José de Maipo,13203,1,2021-01-03
Metropolitana de Santiago,13,San José de Maipo,13203,2,2021-01-04
Metropolitana de Santiago,13,San José de Maipo,13203,1,2021-01-07
Metropolitana de Santiago,13,San José de Maipo,13203,2,2021-01-11
Metropolitana de Santiago,13,Colina,13301,2,2020-01-02
Metropolitana de Santiago,13,Colina,13301,1,2020-01-04
Metropolitana de Santiago,13,Colina,13301,1,2020-01-05
Metropolitana de Santiago,13,Colina,13301,2,2020-01-07
Metropolitana de Santiago,13,Colina,13301,1,2020-01-10
Metropolitana de Santiago,13,Colina,13301,1,2020-01-12
Metropolitana de Santiago,13,Colina,13301,2,2020-01-13
Metropolitana de Santiago,13,Colina,13301,1,2020-01-17
Metropolitana de Santiago,13,Colina,13301,1,2020-01-19
Metropolitana de Santiago,13,Colina,13301,1,2020-01-20
Metropolitana de Santiago,13,Colina,13301,2,2020-01-21
Metropolitana de Santiago,13,Colina,13301,1,2020-01-30
Metropolitana de Santiago,13,Colina,13301,1,2020-02-02
Metropolitana de Santiago,13,Colina,13301,1,2020-02-03
Metropolitana de Santiago,13,Colina,13301,3,2020-02-07
Metropolitana de Santiago,13,Colina,13301,1,2020-02-09
Metropolitana de Santiago,13,Colina,13301,2,2020-02-10
Metropolitana de Santiago,13,Colina,13301,1,2020-02-13
Metropolitana de Santiago,13,Colina,13301,1,2020-02-17
Metropolitana de Santiago,13,Colina,13301,1,2020-02-18
Metropolitana de Santiago,13,Colina,13301,1,2020-02-24
Metropolitana de Santiago,13,Colina,13301,2,2020-02-25
Metropolitana de Santiago,13,Colina,13301,1,2020-02-27
Metropolitana de Santiago,13,Colina,13301,1,2020-03-02
Metropolitana de Santiago,13,Colina,13301,3,2020-03-06
Metropolitana de Santiago,13,Colina,13301,2,2020-03-10
Metropolitana de Santiago,13,Colina,13301,2,2020-03-11
Metropolitana de Santiago,13,Colina,13301,2,2020-03-15
Metropolitana de Santiago,13,Colina,13301,1,2020-03-18
Metropolitana de Santiago,13,Colina,13301,1,2020-03-19
Metropolitana de Santiago,13,Colina,13301,1,2020-03-20
Metropolitana de Santiago,13,Colina,13301,1,2020-03-21
Metropolitana de Santiago,13,Colina,13301,1,2020-03-22
Metropolitana de Santiago,13,Colina,13301,3,2020-03-23
Metropolitana de Santiago,13,Colina,13301,1,2020-03-24
Metropolitana de Santiago,13,Colina,13301,1,2020-03-26
Metropolitana de Santiago,13,Colina,13301,1,2020-03-28
Metropolitana de Santiago,13,Colina,13301,1,2020-03-31
Metropolitana de Santiago,13,Colina,13301,1,2020-04-05
Metropolitana de Santiago,13,Colina,13301,2,2020-04-08
Metropolitana de Santiago,13,Colina,13301,1,2020-04-09
Metropolitana de Santiago,13,Colina,13301,1,2020-04-10
Metropolitana de Santiago,13,Colina,13301,3,2020-04-13
Metropolitana de Santiago,13,Colina,13301,1,2020-04-17
Metropolitana de Santiago,13,Colina,13301,1,2020-04-19
Metropolitana de Santiago,13,Colina,13301,2,2020-04-20
Metropolitana de Santiago,13,Colina,13301,2,2020-04-21
Metropolitana de Santiago,13,Colina,13301,1,2020-04-22
Metropolitana de Santiago,13,Colina,13301,2,2020-04-23
Metropolitana de Santiago,13,Colina,13301,1,2020-04-26
Metropolitana de Santiago,13,Colina,13301,3,2020-04-27
Metropolitana de Santiago,13,Colina,13301,1,2020-04-28
Metropolitana de Santiago,13,Colina,13301,1,2020-04-30
Metropolitana de Santiago,13,Colina,13301,3,2020-05-02
Metropolitana de Santiago,13,Colina,13301,1,2020-05-03
Metropolitana de Santiago,13,Colina,13301,1,2020-05-04
Metropolitana de Santiago,13,Colina,13301,1,2020-05-05
Metropolitana de Santiago,13,Colina,13301,1,2020-05-06
Metropolitana de Santiago,13,Colina,13301,2,2020-05-09
Metropolitana de Santiago,13,Colina,13301,1,2020-05-11
Metropolitana de Santiago,13,Colina,13301,1,2020-05-12
Metropolitana de Santiago,13,Colina,13301,1,2020-05-14
Metropolitana de Santiago,13,Colina,13301,2,2020-05-15
Metropolitana de Santiago,13,Colina,13301,3,2020-05-16
Metropolitana de Santiago,13,Colina,13301,2,2020-05-17
Metropolitana de Santiago,13,Colina,13301,1,2020-05-21
Metropolitana de Santiago,13,Colina,13301,2,2020-05-22
Metropolitana de Santiago,13,Colina,13301,3,2020-05-23
Metropolitana de Santiago,13,Colina,13301,1,2020-05-24
Metropolitana de Santiago,13,Colina,13301,3,2020-05-25
Metropolitana de Santiago,13,Colina,13301,1,2020-05-26
Metropolitana de Santiago,13,Colina,13301,3,2020-05-28
Metropolitana de Santiago,13,Colina,13301,1,2020-05-29
Metropolitana de Santiago,13,Colina,13301,1,2020-05-31
Metropolitana de Santiago,13,Colina,13301,2,2020-06-01
Metropolitana de Santiago,13,Colina,13301,2,2020-06-02
Metropolitana de Santiago,13,Colina,13301,1,2020-06-03
Metropolitana de Santiago,13,Colina,13301,4,2020-06-04
Metropolitana de Santiago,13,Colina,13301,2,2020-06-05
Metropolitana de Santiago,13,Colina,13301,1,2020-06-06
Metropolitana de Santiago,13,Colina,13301,3,2020-06-07
Metropolitana de Santiago,13,Colina,13301,4,2020-06-08
Metropolitana de Santiago,13,Colina,13301,2,2020-06-09
Metropolitana de Santiago,13,Colina,13301,4,2020-06-10
Metropolitana de Santiago,13,Colina,13301,3,2020-06-12
Metropolitana de Santiago,13,Colina,13301,1,2020-06-13
Metropolitana de Santiago,13,Colina,13301,2,2020-06-15
Metropolitana de Santiago,13,Colina,13301,2,2020-06-16
Metropolitana de Santiago,13,Colina,13301,3,2020-06-18
Metropolitana de Santiago,13,Colina,13301,2,2020-06-19
Metropolitana de Santiago,13,Colina,13301,1,2020-06-21
Metropolitana de Santiago,13,Colina,13301,2,2020-06-22
Metropolitana de Santiago,13,Colina,13301,3,2020-06-23
Metropolitana de Santiago,13,Colina,13301,2,2020-06-24
Metropolitana de Santiago,13,Colina,13301,4,2020-06-25
Metropolitana de Santiago,13,Colina,13301,2,2020-06-26
Metropolitana de Santiago,13,Colina,13301,1,2020-06-28
Metropolitana de Santiago,13,Colina,13301,4,2020-06-30
Metropolitana de Santiago,13,Colina,13301,1,2020-07-02
Metropolitana de Santiago,13,Colina,13301,1,2020-07-06
Metropolitana de Santiago,13,Colina,13301,1,2020-07-07
Metropolitana de Santiago,13,Colina,13301,3,2020-07-08
Metropolitana de Santiago,13,Colina,13301,1,2020-07-09
Metropolitana de Santiago,13,Colina,13301,1,2020-07-11
Metropolitana de Santiago,13,Colina,13301,1,2020-07-12
Metropolitana de Santiago,13,Colina,13301,1,2020-07-13
Metropolitana de Santiago,13,Colina,13301,2,2020-07-15
Metropolitana de Santiago,13,Colina,13301,1,2020-07-17
Metropolitana de Santiago,13,Colina,13301,1,2020-07-19
Metropolitana de Santiago,13,Colina,13301,1,2020-07-24
Metropolitana de Santiago,13,Colina,13301,2,2020-07-25
Metropolitana de Santiago,13,Colina,13301,1,2020-07-28
Metropolitana de Santiago,13,Colina,13301,1,2020-07-29
Metropolitana de Santiago,13,Colina,13301,2,2020-07-30
Metropolitana de Santiago,13,Colina,13301,3,2020-08-02
Metropolitana de Santiago,13,Colina,13301,1,2020-08-10
Metropolitana de Santiago,13,Colina,13301,1,2020-08-12
Metropolitana de Santiago,13,Colina,13301,1,2020-08-18
Metropolitana de Santiago,13,Colina,13301,1,2020-08-20
Metropolitana de Santiago,13,Colina,13301,3,2020-08-21
Metropolitana de Santiago,13,Colina,13301,3,2020-08-24
Metropolitana de Santiago,13,Colina,13301,1,2020-08-25
Metropolitana de Santiago,13,Colina,13301,1,2020-08-26
Metropolitana de Santiago,13,Colina,13301,1,2020-09-01
Metropolitana de Santiago,13,Colina,13301,1,2020-09-03
Metropolitana de Santiago,13,Colina,13301,2,2020-09-10
Metropolitana de Santiago,13,Colina,13301,1,2020-09-11
Metropolitana de Santiago,13,Colina,13301,2,2020-09-12
Metropolitana de Santiago,13,Colina,13301,1,2020-09-15
Metropolitana de Santiago,13,Colina,13301,3,2020-09-21
Metropolitana de Santiago,13,Colina,13301,1,2020-09-22
Metropolitana de Santiago,13,Colina,13301,1,2020-09-23
Metropolitana de Santiago,13,Colina,13301,2,2020-09-26
Metropolitana de Santiago,13,Colina,13301,2,2020-09-27
Metropolitana de Santiago,13,Colina,13301,2,2020-09-28
Metropolitana de Santiago,13,Colina,13301,1,2020-09-29
Metropolitana de Santiago,13,Colina,13301,1,2020-09-30
Metropolitana de Santiago,13,Colina,13301,2,2020-10-04
Metropolitana de Santiago,13,Colina,13301,2,2020-10-07
Metropolitana de Santiago,13,Colina,13301,5,2020-10-08
Metropolitana de Santiago,13,Colina,13301,1,2020-10-10
Metropolitana de Santiago,13,Colina,13301,1,2020-10-11
Metropolitana de Santiago,13,Colina,13301,2,2020-10-13
Metropolitana de Santiago,13,Colina,13301,1,2020-10-15
Metropolitana de Santiago,13,Colina,13301,3,2020-10-17
Metropolitana de Santiago,13,Colina,13301,2,2020-10-18
Metropolitana de Santiago,13,Colina,13301,1,2020-10-19
Metropolitana de Santiago,13,Colina,13301,1,2020-10-21
Metropolitana de Santiago,13,Colina,13301,1,2020-10-22
Metropolitana de Santiago,13,Colina,13301,1,2020-10-23
Metropolitana de Santiago,13,Colina,13301,4,2020-10-24
Metropolitana de Santiago,13,Colina,13301,3,2020-10-25
Metropolitana de Santiago,13,Colina,13301,2,2020-10-29
Metropolitana de Santiago,13,Colina,13301,1,2020-10-31
Metropolitana de Santiago,13,Colina,13301,1,2020-11-02
Metropolitana de Santiago,13,Colina,13301,1,2020-11-03
Metropolitana de Santiago,13,Colina,13301,1,2020-11-04
Metropolitana de Santiago,13,Colina,13301,3,2020-11-05
Metropolitana de Santiago,13,Colina,13301,1,2020-11-06
Metropolitana de Santiago,13,Colina,13301,2,2020-11-07
Metropolitana de Santiago,13,Colina,13301,1,2020-11-08
Metropolitana de Santiago,13,Colina,13301,1,2020-11-09
Metropolitana de Santiago,13,Colina,13301,2,2020-11-10
Metropolitana de Santiago,13,Colina,13301,1,2020-11-11
Metropolitana de Santiago,13,Colina,13301,1,2020-11-16
Metropolitana de Santiago,13,Colina,13301,1,2020-11-17
Metropolitana de Santiago,13,Colina,13301,1,2020-11-19
Metropolitana de Santiago,13,Colina,13301,1,2020-11-20
Metropolitana de Santiago,13,Colina,13301,1,2020-11-22
Metropolitana de Santiago,13,Colina,13301,1,2020-11-23
Metropolitana de Santiago,13,Colina,13301,1,2020-11-24
Metropolitana de Santiago,13,Colina,13301,1,2020-11-26
Metropolitana de Santiago,13,Colina,13301,1,2020-11-27
Metropolitana de Santiago,13,Colina,13301,3,2020-11-29
Metropolitana de Santiago,13,Colina,13301,3,2020-12-02
Metropolitana de Santiago,13,Colina,13301,1,2020-12-05
Metropolitana de Santiago,13,Colina,13301,1,2020-12-07
Metropolitana de Santiago,13,Colina,13301,1,2020-12-08
Metropolitana de Santiago,13,Colina,13301,1,2020-12-14
Metropolitana de Santiago,13,Colina,13301,1,2020-12-16
Metropolitana de Santiago,13,Colina,13301,1,2020-12-20
Metropolitana de Santiago,13,Colina,13301,2,2020-12-21
Metropolitana de Santiago,13,Colina,13301,2,2020-12-26
Metropolitana de Santiago,13,Colina,13301,1,2020-12-28
Metropolitana de Santiago,13,Colina,13301,1,2021-01-02
Metropolitana de Santiago,13,Colina,13301,1,2021-01-03
Metropolitana de Santiago,13,Colina,13301,1,2021-01-04
Metropolitana de Santiago,13,Colina,13301,3,2021-01-06
Metropolitana de Santiago,13,Colina,13301,3,2021-01-07
Metropolitana de Santiago,13,Colina,13301,1,2021-01-08
Metropolitana de Santiago,13,Colina,13301,1,2021-01-09
Metropolitana de Santiago,13,Lampa,13302,2,2020-01-02
Metropolitana de Santiago,13,Lampa,13302,1,2020-01-03
Metropolitana de Santiago,13,Lampa,13302,2,2020-01-06
Metropolitana de Santiago,13,Lampa,13302,1,2020-01-07
Metropolitana de Santiago,13,Lampa,13302,2,2020-01-10
Metropolitana de Santiago,13,Lampa,13302,2,2020-01-18
Metropolitana de Santiago,13,Lampa,13302,1,2020-01-20
Metropolitana de Santiago,13,Lampa,13302,1,2020-01-26
Metropolitana de Santiago,13,Lampa,13302,1,2020-01-28
Metropolitana de Santiago,13,Lampa,13302,1,2020-01-30
Metropolitana de Santiago,13,Lampa,13302,1,2020-02-01
Metropolitana de Santiago,13,Lampa,13302,1,2020-02-02
Metropolitana de Santiago,13,Lampa,13302,1,2020-02-03
Metropolitana de Santiago,13,Lampa,13302,2,2020-02-04
Metropolitana de Santiago,13,Lampa,13302,1,2020-02-09
Metropolitana de Santiago,13,Lampa,13302,2,2020-02-14
Metropolitana de Santiago,13,Lampa,13302,1,2020-02-19
Metropolitana de Santiago,13,Lampa,13302,1,2020-02-23
Metropolitana de Santiago,13,Lampa,13302,1,2020-02-28
Metropolitana de Santiago,13,Lampa,13302,1,2020-03-05
Metropolitana de Santiago,13,Lampa,13302,1,2020-03-12
Metropolitana de Santiago,13,Lampa,13302,2,2020-03-13
Metropolitana de Santiago,13,Lampa,13302,1,2020-03-14
Metropolitana de Santiago,13,Lampa,13302,2,2020-03-18
Metropolitana de Santiago,13,Lampa,13302,1,2020-03-21
Metropolitana de Santiago,13,Lampa,13302,1,2020-03-22
Metropolitana de Santiago,13,Lampa,13302,1,2020-03-23
Metropolitana de Santiago,13,Lampa,13302,1,2020-03-24
Metropolitana de Santiago,13,Lampa,13302,1,2020-03-25
Metropolitana de Santiago,13,Lampa,13302,1,2020-03-27
Metropolitana de Santiago,13,Lampa,13302,1,2020-03-28
Metropolitana de Santiago,13,Lampa,13302,1,2020-03-29
Metropolitana de Santiago,13,Lampa,13302,1,2020-03-30
Metropolitana de Santiago,13,Lampa,13302,1,2020-04-01
Metropolitana de Santiago,13,Lampa,13302,1,2020-04-02
Metropolitana de Santiago,13,Lampa,13302,2,2020-04-04
Metropolitana de Santiago,13,Lampa,13302,1,2020-04-05
Metropolitana de Santiago,13,Lampa,13302,1,2020-04-06
Metropolitana de Santiago,13,Lampa,13302,1,2020-04-08
Metropolitana de Santiago,13,Lampa,13302,1,2020-04-10
Metropolitana de Santiago,13,Lampa,13302,1,2020-04-13
Metropolitana de Santiago,13,Lampa,13302,1,2020-04-17
Metropolitana de Santiago,13,Lampa,13302,1,2020-04-18
Metropolitana de Santiago,13,Lampa,13302,3,2020-04-20
Metropolitana de Santiago,13,Lampa,13302,1,2020-04-21
Metropolitana de Santiago,13,Lampa,13302,2,2020-04-22
Metropolitana de Santiago,13,Lampa,13302,1,2020-04-23
Metropolitana de Santiago,13,Lampa,13302,1,2020-04-24
Metropolitana de Santiago,13,Lampa,13302,1,2020-04-26
Metropolitana de Santiago,13,Lampa,13302,2,2020-04-27
Metropolitana de Santiago,13,Lampa,13302,1,2020-04-30
Metropolitana de Santiago,13,Lampa,13302,1,2020-05-02
Metropolitana de Santiago,13,Lampa,13302,3,2020-05-04
Metropolitana de Santiago,13,Lampa,13302,1,2020-05-07
Metropolitana de Santiago,13,Lampa,13302,1,2020-05-08
Metropolitana de Santiago,13,Lampa,13302,1,2020-05-10
Metropolitana de Santiago,13,Lampa,13302,1,2020-05-11
Metropolitana de Santiago,13,Lampa,13302,1,2020-05-13
Metropolitana de Santiago,13,Lampa,13302,1,2020-05-14
Metropolitana de Santiago,13,Lampa,13302,1,2020-05-16
Metropolitana de Santiago,13,Lampa,13302,1,2020-05-19
Metropolitana de Santiago,13,Lampa,13302,1,2020-05-20
Metropolitana de Santiago,13,Lampa,13302,1,2020-05-21
Metropolitana de Santiago,13,Lampa,13302,3,2020-05-22
Metropolitana de Santiago,13,Lampa,13302,1,2020-05-23
Metropolitana de Santiago,13,Lampa,13302,2,2020-05-25
Metropolitana de Santiago,13,Lampa,13302,3,2020-05-26
Metropolitana de Santiago,13,Lampa,13302,2,2020-05-27
Metropolitana de Santiago,13,Lampa,13302,1,2020-05-28
Metropolitana de Santiago,13,Lampa,13302,1,2020-05-29
Metropolitana de Santiago,13,Lampa,13302,3,2020-05-30
Metropolitana de Santiago,13,Lampa,13302,2,2020-05-31
Metropolitana de Santiago,13,Lampa,13302,6,2020-06-01
Metropolitana de Santiago,13,Lampa,13302,5,2020-06-02
Metropolitana de Santiago,13,Lampa,13302,4,2020-06-03
Metropolitana de Santiago,13,Lampa,13302,3,2020-06-04
Metropolitana de Santiago,13,Lampa,13302,3,2020-06-05
Metropolitana de Santiago,13,Lampa,13302,1,2020-06-06
Metropolitana de Santiago,13,Lampa,13302,1,2020-06-08
Metropolitana de Santiago,13,Lampa,13302,1,2020-06-11
Metropolitana de Santiago,13,Lampa,13302,2,2020-06-12
Metropolitana de Santiago,13,Lampa,13302,2,2020-06-15
Metropolitana de Santiago,13,Lampa,13302,2,2020-06-16
Metropolitana de Santiago,13,Lampa,13302,1,2020-06-17
Metropolitana de Santiago,13,Lampa,13302,2,2020-06-18
Metropolitana de Santiago,13,Lampa,13302,2,2020-06-21
Metropolitana de Santiago,13,Lampa,13302,1,2020-06-22
Metropolitana de Santiago,13,Lampa,13302,3,2020-06-23
Metropolitana de Santiago,13,Lampa,13302,4,2020-06-24
Metropolitana de Santiago,13,Lampa,13302,2,2020-06-25
Metropolitana de Santiago,13,Lampa,13302,1,2020-06-29
Metropolitana de Santiago,13,Lampa,13302,3,2020-07-02
Metropolitana de Santiago,13,Lampa,13302,2,2020-07-05
Metropolitana de Santiago,13,Lampa,13302,2,2020-07-06
Metropolitana de Santiago,13,Lampa,13302,1,2020-07-07
Metropolitana de Santiago,13,Lampa,13302,3,2020-07-08
Metropolitana de Santiago,13,Lampa,13302,2,2020-07-11
Metropolitana de Santiago,13,Lampa,13302,1,2020-07-12
Metropolitana de Santiago,13,Lampa,13302,3,2020-07-13
Metropolitana de Santiago,13,Lampa,13302,1,2020-07-14
Metropolitana de Santiago,13,Lampa,13302,1,2020-07-15
Metropolitana de Santiago,13,Lampa,13302,2,2020-07-17
Metropolitana de Santiago,13,Lampa,13302,1,2020-07-20
Metropolitana de Santiago,13,Lampa,13302,2,2020-07-21
Metropolitana de Santiago,13,Lampa,13302,1,2020-07-23
Metropolitana de Santiago,13,Lampa,13302,2,2020-07-24
Metropolitana de Santiago,13,Lampa,13302,1,2020-07-25
Metropolitana de Santiago,13,Lampa,13302,1,2020-07-26
Metropolitana de Santiago,13,Lampa,13302,4,2020-07-27
Metropolitana de Santiago,13,Lampa,13302,2,2020-07-30
Metropolitana de Santiago,13,Lampa,13302,1,2020-08-01
Metropolitana de Santiago,13,Lampa,13302,2,2020-08-03
Metropolitana de Santiago,13,Lampa,13302,3,2020-08-04
Metropolitana de Santiago,13,Lampa,13302,2,2020-08-05
Metropolitana de Santiago,13,Lampa,13302,1,2020-08-07
Metropolitana de Santiago,13,Lampa,13302,2,2020-08-10
Metropolitana de Santiago,13,Lampa,13302,1,2020-08-11
Metropolitana de Santiago,13,Lampa,13302,1,2020-08-12
Metropolitana de Santiago,13,Lampa,13302,1,2020-08-17
Metropolitana de Santiago,13,Lampa,13302,1,2020-08-18
Metropolitana de Santiago,13,Lampa,13302,1,2020-08-19
Metropolitana de Santiago,13,Lampa,13302,1,2020-08-21
Metropolitana de Santiago,13,Lampa,13302,1,2020-08-24
Metropolitana de Santiago,13,Lampa,13302,1,2020-08-25
Metropolitana de Santiago,13,Lampa,13302,1,2020-08-26
Metropolitana de Santiago,13,Lampa,13302,1,2020-08-29
Metropolitana de Santiago,13,Lampa,13302,2,2020-09-03
Metropolitana de Santiago,13,Lampa,13302,1,2020-09-04
Metropolitana de Santiago,13,Lampa,13302,1,2020-09-05
Metropolitana de Santiago,13,Lampa,13302,1,2020-09-11
Metropolitana de Santiago,13,Lampa,13302,3,2020-09-14
Metropolitana de Santiago,13,Lampa,13302,1,2020-09-15
Metropolitana de Santiago,13,Lampa,13302,2,2020-09-21
Metropolitana de Santiago,13,Lampa,13302,1,2020-09-22
Metropolitana de Santiago,13,Lampa,13302,1,2020-09-23
Metropolitana de Santiago,13,Lampa,13302,1,2020-09-27
Metropolitana de Santiago,13,Lampa,13302,2,2020-09-28
Metropolitana de Santiago,13,Lampa,13302,1,2020-09-30
Metropolitana de Santiago,13,Lampa,13302,1,2020-10-02
Metropolitana de Santiago,13,Lampa,13302,2,2020-10-03
Metropolitana de Santiago,13,Lampa,13302,1,2020-10-05
Metropolitana de Santiago,13,Lampa,13302,1,2020-10-07
Metropolitana de Santiago,13,Lampa,13302,2,2020-10-12
Metropolitana de Santiago,13,Lampa,13302,1,2020-10-13
Metropolitana de Santiago,13,Lampa,13302,1,2020-10-15
Metropolitana de Santiago,13,Lampa,13302,1,2020-10-20
Metropolitana de Santiago,13,Lampa,13302,2,2020-10-21
Metropolitana de Santiago,13,Lampa,13302,1,2020-10-23
Metropolitana de Santiago,13,Lampa,13302,1,2020-10-27
Metropolitana de Santiago,13,Lampa,13302,1,2020-10-29
Metropolitana de Santiago,13,Lampa,13302,1,2020-10-30
Metropolitana de Santiago,13,Lampa,13302,2,2020-11-01
Metropolitana de Santiago,13,Lampa,13302,2,2020-11-03
Metropolitana de Santiago,13,Lampa,13302,1,2020-11-05
Metropolitana de Santiago,13,Lampa,13302,1,2020-11-13
Metropolitana de Santiago,13,Lampa,13302,1,2020-11-16
Metropolitana de Santiago,13,Lampa,13302,1,2020-11-17
Metropolitana de Santiago,13,Lampa,13302,1,2020-11-18
Metropolitana de Santiago,13,Lampa,13302,1,2020-11-20
Metropolitana de Santiago,13,Lampa,13302,1,2020-11-24
Metropolitana de Santiago,13,Lampa,13302,1,2020-11-25
Metropolitana de Santiago,13,Lampa,13302,1,2020-11-26
Metropolitana de Santiago,13,Lampa,13302,2,2020-11-27
Metropolitana de Santiago,13,Lampa,13302,1,2020-11-29
Metropolitana de Santiago,13,Lampa,13302,4,2020-11-30
Metropolitana de Santiago,13,Lampa,13302,2,2020-12-01
Metropolitana de Santiago,13,Lampa,13302,1,2020-12-02
Metropolitana de Santiago,13,Lampa,13302,1,2020-12-03
Metropolitana de Santiago,13,Lampa,13302,1,2020-12-04
Metropolitana de Santiago,13,Lampa,13302,1,2020-12-06
Metropolitana de Santiago,13,Lampa,13302,1,2020-12-07
Metropolitana de Santiago,13,Lampa,13302,1,2020-12-11
Metropolitana de Santiago,13,Lampa,13302,2,2020-12-14
Metropolitana de Santiago,13,Lampa,13302,1,2020-12-20
Metropolitana de Santiago,13,Lampa,13302,1,2020-12-21
Metropolitana de Santiago,13,Lampa,13302,1,2020-12-22
Metropolitana de Santiago,13,Lampa,13302,1,2020-12-27
Metropolitana de Santiago,13,Lampa,13302,2,2020-12-28
Metropolitana de Santiago,13,Lampa,13302,1,2020-12-29
Metropolitana de Santiago,13,Lampa,13302,2,2020-12-30
Metropolitana de Santiago,13,Lampa,13302,1,2020-12-31
Metropolitana de Santiago,13,Lampa,13302,1,2021-01-04
Metropolitana de Santiago,13,Lampa,13302,1,2021-01-05
Metropolitana de Santiago,13,Lampa,13302,2,2021-01-06
Metropolitana de Santiago,13,Lampa,13302,2,2021-01-07
Metropolitana de Santiago,13,Lampa,13302,3,2021-01-08
Metropolitana de Santiago,13,Lampa,13302,1,2021-01-11
Metropolitana de Santiago,13,Lampa,13302,1,2021-01-12
Metropolitana de Santiago,13,Lampa,13302,1,2021-01-13
Metropolitana de Santiago,13,Tiltil,13303,1,2020-01-03
Metropolitana de Santiago,13,Tiltil,13303,2,2020-01-14
Metropolitana de Santiago,13,Tiltil,13303,2,2020-01-27
Metropolitana de Santiago,13,Tiltil,13303,1,2020-01-30
Metropolitana de Santiago,13,Tiltil,13303,1,2020-02-06
Metropolitana de Santiago,13,Tiltil,13303,1,2020-03-03
Metropolitana de Santiago,13,Tiltil,13303,1,2020-03-16
Metropolitana de Santiago,13,Tiltil,13303,1,2020-03-17
Metropolitana de Santiago,13,Tiltil,13303,1,2020-03-26
Metropolitana de Santiago,13,Tiltil,13303,1,2020-03-30
Metropolitana de Santiago,13,Tiltil,13303,1,2020-04-01
Metropolitana de Santiago,13,Tiltil,13303,1,2020-04-30
Metropolitana de Santiago,13,Tiltil,13303,1,2020-05-04
Metropolitana de Santiago,13,Tiltil,13303,1,2020-05-13
Metropolitana de Santiago,13,Tiltil,13303,1,2020-05-22
Metropolitana de Santiago,13,Tiltil,13303,1,2020-05-27
Metropolitana de Santiago,13,Tiltil,13303,1,2020-06-03
Metropolitana de Santiago,13,Tiltil,13303,1,2020-06-17
Metropolitana de Santiago,13,Tiltil,13303,1,2020-06-19
Metropolitana de Santiago,13,Tiltil,13303,1,2020-07-06
Metropolitana de Santiago,13,Tiltil,13303,2,2020-07-09
Metropolitana de Santiago,13,Tiltil,13303,1,2020-07-20
Metropolitana de Santiago,13,Tiltil,13303,1,2020-07-24
Metropolitana de Santiago,13,Tiltil,13303,1,2020-07-27
Metropolitana de Santiago,13,Tiltil,13303,1,2020-08-17
Metropolitana de Santiago,13,Tiltil,13303,1,2020-08-18
Metropolitana de Santiago,13,Tiltil,13303,1,2020-08-23
Metropolitana de Santiago,13,Tiltil,13303,1,2020-08-24
Metropolitana de Santiago,13,Tiltil,13303,1,2020-08-31
Metropolitana de Santiago,13,Tiltil,13303,1,2020-09-15
Metropolitana de Santiago,13,Tiltil,13303,1,2020-09-16
Metropolitana de Santiago,13,Tiltil,13303,2,2020-09-19
Metropolitana de Santiago,13,Tiltil,13303,1,2020-09-25
Metropolitana de Santiago,13,Tiltil,13303,2,2020-09-29
Metropolitana de Santiago,13,Tiltil,13303,1,2020-10-09
Metropolitana de Santiago,13,Tiltil,13303,1,2020-10-16
Metropolitana de Santiago,13,Tiltil,13303,1,2020-10-26
Metropolitana de Santiago,13,Tiltil,13303,1,2020-10-30
Metropolitana de Santiago,13,Tiltil,13303,1,2020-11-09
Metropolitana de Santiago,13,Tiltil,13303,1,2020-11-17
Metropolitana de Santiago,13,Tiltil,13303,1,2020-11-25
Metropolitana de Santiago,13,Tiltil,13303,1,2020-12-01
Metropolitana de Santiago,13,Tiltil,13303,2,2020-12-09
Metropolitana de Santiago,13,Tiltil,13303,1,2020-12-10
Metropolitana de Santiago,13,Tiltil,13303,1,2020-12-14
Metropolitana de Santiago,13,Tiltil,13303,1,2020-12-28
Metropolitana de Santiago,13,Tiltil,13303,1,2020-12-29
Metropolitana de Santiago,13,Tiltil,13303,1,2021-01-08
Metropolitana de Santiago,13,Tiltil,13303,1,2021-01-13
Metropolitana de Santiago,13,San Bernardo,13401,8,2020-01-02
Metropolitana de Santiago,13,San Bernardo,13401,3,2020-01-03
Metropolitana de Santiago,13,San Bernardo,13401,4,2020-01-04
Metropolitana de Santiago,13,San Bernardo,13401,3,2020-01-05
Metropolitana de Santiago,13,San Bernardo,13401,9,2020-01-06
Metropolitana de Santiago,13,San Bernardo,13401,3,2020-01-07
Metropolitana de Santiago,13,San Bernardo,13401,6,2020-01-08
Metropolitana de Santiago,13,San Bernardo,13401,4,2020-01-09
Metropolitana de Santiago,13,San Bernardo,13401,5,2020-01-10
Metropolitana de Santiago,13,San Bernardo,13401,3,2020-01-11
Metropolitana de Santiago,13,San Bernardo,13401,4,2020-01-12
Metropolitana de Santiago,13,San Bernardo,13401,7,2020-01-13
Metropolitana de Santiago,13,San Bernardo,13401,3,2020-01-15
Metropolitana de Santiago,13,San Bernardo,13401,3,2020-01-16
Metropolitana de Santiago,13,San Bernardo,13401,1,2020-01-17
Metropolitana de Santiago,13,San Bernardo,13401,2,2020-01-18
Metropolitana de Santiago,13,San Bernardo,13401,2,2020-01-19
Metropolitana de Santiago,13,San Bernardo,13401,3,2020-01-20
Metropolitana de Santiago,13,San Bernardo,13401,4,2020-01-21
Metropolitana de Santiago,13,San Bernardo,13401,2,2020-01-22
Metropolitana de Santiago,13,San Bernardo,13401,6,2020-01-23
Metropolitana de Santiago,13,San Bernardo,13401,3,2020-01-24
Metropolitana de Santiago,13,San Bernardo,13401,5,2020-01-25
Metropolitana de Santiago,13,San Bernardo,13401,4,2020-01-26
Metropolitana de Santiago,13,San Bernardo,13401,7,2020-01-27
Metropolitana de Santiago,13,San Bernardo,13401,4,2020-01-28
Metropolitana de Santiago,13,San Bernardo,13401,3,2020-01-29
Metropolitana de Santiago,13,San Bernardo,13401,2,2020-01-30
Metropolitana de Santiago,13,San Bernardo,13401,9,2020-01-31
Metropolitana de Santiago,13,San Bernardo,13401,5,2020-02-01
Metropolitana de Santiago,13,San Bernardo,13401,2,2020-02-03
Metropolitana de Santiago,13,San Bernardo,13401,2,2020-02-04
Metropolitana de Santiago,13,San Bernardo,13401,6,2020-02-05
Metropolitana de Santiago,13,San Bernardo,13401,3,2020-02-06
Metropolitana de Santiago,13,San Bernardo,13401,3,2020-02-07
Metropolitana de Santiago,13,San Bernardo,13401,2,2020-02-08
Metropolitana de Santiago,13,San Bernardo,13401,1,2020-02-09
Metropolitana de Santiago,13,San Bernardo,13401,1,2020-02-10
Metropolitana de Santiago,13,San Bernardo,13401,4,2020-02-11
Metropolitana de Santiago,13,San Bernardo,13401,1,2020-02-12
Metropolitana de Santiago,13,San Bernardo,13401,1,2020-02-13
Metropolitana de Santiago,13,San Bernardo,13401,4,2020-02-14
Metropolitana de Santiago,13,San Bernardo,13401,6,2020-02-15
Metropolitana de Santiago,13,San Bernardo,13401,4,2020-02-16
Metropolitana de Santiago,13,San Bernardo,13401,5,2020-02-17
Metropolitana de Santiago,13,San Bernardo,13401,6,2020-02-18
Metropolitana de Santiago,13,San Bernardo,13401,5,2020-02-20
Metropolitana de Santiago,13,San Bernardo,13401,5,2020-02-21
Metropolitana de Santiago,13,San Bernardo,13401,1,2020-02-24
Metropolitana de Santiago,13,San Bernardo,13401,9,2020-02-25
Metropolitana de Santiago,13,San Bernardo,13401,1,2020-02-26
Metropolitana de Santiago,13,San Bernardo,13401,7,2020-02-27
Metropolitana de Santiago,13,San Bernardo,13401,2,2020-02-28
Metropolitana de Santiago,13,San Bernardo,13401,4,2020-03-02
Metropolitana de Santiago,13,San Bernardo,13401,5,2020-03-03
Metropolitana de Santiago,13,San Bernardo,13401,6,2020-03-04
Metropolitana de Santiago,13,San Bernardo,13401,3,2020-03-05
Metropolitana de Santiago,13,San Bernardo,13401,1,2020-03-06
Metropolitana de Santiago,13,San Bernardo,13401,5,2020-03-07
Metropolitana de Santiago,13,San Bernardo,13401,1,2020-03-08
Metropolitana de Santiago,13,San Bernardo,13401,7,2020-03-09
Metropolitana de Santiago,13,San Bernardo,13401,5,2020-03-10
Metropolitana de Santiago,13,San Bernardo,13401,6,2020-03-11
Metropolitana de Santiago,13,San Bernardo,13401,2,2020-03-12
Metropolitana de Santiago,13,San Bernardo,13401,7,2020-03-13
Metropolitana de Santiago,13,San Bernardo,13401,2,2020-03-15
Metropolitana de Santiago,13,San Bernardo,13401,6,2020-03-16
Metropolitana de Santiago,13,San Bernardo,13401,3,2020-03-17
Metropolitana de Santiago,13,San Bernardo,13401,7,2020-03-18
Metropolitana de Santiago,13,San Bernardo,13401,3,2020-03-19
Metropolitana de Santiago,13,San Bernardo,13401,6,2020-03-20
Metropolitana de Santiago,13,San Bernardo,13401,5,2020-03-21
Metropolitana de Santiago,13,San Bernardo,13401,3,2020-03-22
Metropolitana de Santiago,13,San Bernardo,13401,7,2020-03-23
Metropolitana de Santiago,13,San Bernardo,13401,8,2020-03-24
Metropolitana de Santiago,13,San Bernardo,13401,4,2020-03-25
Metropolitana de Santiago,13,San Bernardo,13401,6,2020-03-26
Metropolitana de Santiago,13,San Bernardo,13401,7,2020-03-27
Metropolitana de Santiago,13,San Bernardo,13401,8,2020-03-28
Metropolitana de Santiago,13,San Bernardo,13401,1,2020-03-29
Metropolitana de Santiago,13,San Bernardo,13401,6,2020-03-30
Metropolitana de Santiago,13,San Bernardo,13401,5,2020-03-31
Metropolitana de Santiago,13,San Bernardo,13401,8,2020-04-02
Metropolitana de Santiago,13,San Bernardo,13401,2,2020-04-03
Metropolitana de Santiago,13,San Bernardo,13401,5,2020-04-04
Metropolitana de Santiago,13,San Bernardo,13401,1,2020-04-05
Metropolitana de Santiago,13,San Bernardo,13401,5,2020-04-06
Metropolitana de Santiago,13,San Bernardo,13401,3,2020-04-07
Metropolitana de Santiago,13,San Bernardo,13401,4,2020-04-08
Metropolitana de Santiago,13,San Bernardo,13401,7,2020-04-09
Metropolitana de Santiago,13,San Bernardo,13401,7,2020-04-10
Metropolitana de Santiago,13,San Bernardo,13401,1,2020-04-11
Metropolitana de Santiago,13,San Bernardo,13401,2,2020-04-12
Metropolitana de Santiago,13,San Bernardo,13401,9,2020-04-13
Metropolitana de Santiago,13,San Bernardo,13401,6,2020-04-14
Metropolitana de Santiago,13,San Bernardo,13401,2,2020-04-15
Metropolitana de Santiago,13,San Bernardo,13401,7,2020-04-16
Metropolitana de Santiago,13,San Bernardo,13401,3,2020-04-17
Metropolitana de Santiago,13,San Bernardo,13401,5,2020-04-18
Metropolitana de Santiago,13,San Bernardo,13401,1,2020-04-19
Metropolitana de Santiago,13,San Bernardo,13401,3,2020-04-20
Metropolitana de Santiago,13,San Bernardo,13401,5,2020-04-21
Metropolitana de Santiago,13,San Bernardo,13401,4,2020-04-22
Metropolitana de Santiago,13,San Bernardo,13401,6,2020-04-23
Metropolitana de Santiago,13,San Bernardo,13401,5,2020-04-24
Metropolitana de Santiago,13,San Bernardo,13401,4,2020-04-25
Metropolitana de Santiago,13,San Bernardo,13401,3,2020-04-26
Metropolitana de Santiago,13,San Bernardo,13401,7,2020-04-27
Metropolitana de Santiago,13,San Bernardo,13401,5,2020-04-28
Metropolitana de Santiago,13,San Bernardo,13401,4,2020-04-29
Metropolitana de Santiago,13,San Bernardo,13401,5,2020-05-02
Metropolitana de Santiago,13,San Bernardo,13401,1,2020-05-03
Metropolitana de Santiago,13,San Bernardo,13401,8,2020-05-04
Metropolitana de Santiago,13,San Bernardo,13401,5,2020-05-05
Metropolitana de Santiago,13,San Bernardo,13401,6,2020-05-06
Metropolitana de Santiago,13,San Bernardo,13401,6,2020-05-07
Metropolitana de Santiago,13,San Bernardo,13401,2,2020-05-08
Metropolitana de Santiago,13,San Bernardo,13401,3,2020-05-09
Metropolitana de Santiago,13,San Bernardo,13401,8,2020-05-10
Metropolitana de Santiago,13,San Bernardo,13401,10,2020-05-11
Metropolitana de Santiago,13,San Bernardo,13401,3,2020-05-12
Metropolitana de Santiago,13,San Bernardo,13401,9,2020-05-13
Metropolitana de Santiago,13,San Bernardo,13401,7,2020-05-14
Metropolitana de Santiago,13,San Bernardo,13401,7,2020-05-15
Metropolitana de Santiago,13,San Bernardo,13401,7,2020-05-16
Metropolitana de Santiago,13,San Bernardo,13401,3,2020-05-17
Metropolitana de Santiago,13,San Bernardo,13401,6,2020-05-18
Metropolitana de Santiago,13,San Bernardo,13401,5,2020-05-19
Metropolitana de Santiago,13,San Bernardo,13401,2,2020-05-20
Metropolitana de Santiago,13,San Bernardo,13401,4,2020-05-21
Metropolitana de Santiago,13,San Bernardo,13401,10,2020-05-22
Metropolitana de Santiago,13,San Bernardo,13401,8,2020-05-23
Metropolitana de Santiago,13,San Bernardo,13401,13,2020-05-24
Metropolitana de Santiago,13,San Bernardo,13401,23,2020-05-25
Metropolitana de Santiago,13,San Bernardo,13401,11,2020-05-26
Metropolitana de Santiago,13,San Bernardo,13401,8,2020-05-27
Metropolitana de Santiago,13,San Bernardo,13401,11,2020-05-28
Metropolitana de Santiago,13,San Bernardo,13401,8,2020-05-29
Metropolitana de Santiago,13,San Bernardo,13401,7,2020-05-30
Metropolitana de Santiago,13,San Bernardo,13401,7,2020-05-31
Metropolitana de Santiago,13,San Bernardo,13401,12,2020-06-01
Metropolitana de Santiago,13,San Bernardo,13401,17,2020-06-02
Metropolitana de Santiago,13,San Bernardo,13401,12,2020-06-03
Metropolitana de Santiago,13,San Bernardo,13401,16,2020-06-04
Metropolitana de Santiago,13,San Bernardo,13401,13,2020-06-05
Metropolitana de Santiago,13,San Bernardo,13401,13,2020-06-06
Metropolitana de Santiago,13,San Bernardo,13401,11,2020-06-07
Metropolitana de Santiago,13,San Bernardo,13401,14,2020-06-08
Metropolitana de Santiago,13,San Bernardo,13401,13,2020-06-09
Metropolitana de Santiago,13,San Bernardo,13401,17,2020-06-10
Metropolitana de Santiago,13,San Bernardo,13401,14,2020-06-11
Metropolitana de Santiago,13,San Bernardo,13401,14,2020-06-12
Metropolitana de Santiago,13,San Bernardo,13401,12,2020-06-13
Metropolitana de Santiago,13,San Bernardo,13401,13,2020-06-14
Metropolitana de Santiago,13,San Bernardo,13401,19,2020-06-15
Metropolitana de Santiago,13,San Bernardo,13401,18,2020-06-16
Metropolitana de Santiago,13,San Bernardo,13401,21,2020-06-17
Metropolitana de Santiago,13,San Bernardo,13401,3,2020-06-18
Metropolitana de Santiago,13,San Bernardo,13401,11,2020-06-19
Metropolitana de Santiago,13,San Bernardo,13401,13,2020-06-20
Metropolitana de Santiago,13,San Bernardo,13401,7,2020-06-21
Metropolitana de Santiago,13,San Bernardo,13401,19,2020-06-22
Metropolitana de Santiago,13,San Bernardo,13401,9,2020-06-23
Metropolitana de Santiago,13,San Bernardo,13401,8,2020-06-24
Metropolitana de Santiago,13,San Bernardo,13401,13,2020-06-25
Metropolitana de Santiago,13,San Bernardo,13401,11,2020-06-26
Metropolitana de Santiago,13,San Bernardo,13401,8,2020-06-27
Metropolitana de Santiago,13,San Bernardo,13401,14,2020-06-28
Metropolitana de Santiago,13,San Bernardo,13401,7,2020-06-29
Metropolitana de Santiago,13,San Bernardo,13401,7,2020-06-30
Metropolitana de Santiago,13,San Bernardo,13401,7,2020-07-01
Metropolitana de Santiago,13,San Bernardo,13401,12,2020-07-02
Metropolitana de Santiago,13,San Bernardo,13401,8,2020-07-03
Metropolitana de Santiago,13,San Bernardo,13401,6,2020-07-04
Metropolitana de Santiago,13,San Bernardo,13401,9,2020-07-05
Metropolitana de Santiago,13,San Bernardo,13401,10,2020-07-06
Metropolitana de Santiago,13,San Bernardo,13401,8,2020-07-07
Metropolitana de Santiago,13,San Bernardo,13401,2,2020-07-08
Metropolitana de Santiago,13,San Bernardo,13401,9,2020-07-09
Metropolitana de Santiago,13,San Bernardo,13401,2,2020-07-10
Metropolitana de Santiago,13,San Bernardo,13401,9,2020-07-11
Metropolitana de Santiago,13,San Bernardo,13401,1,2020-07-12
Metropolitana de Santiago,13,San Bernardo,13401,11,2020-07-13
Metropolitana de Santiago,13,San Bernardo,13401,9,2020-07-14
Metropolitana de Santiago,13,San Bernardo,13401,7,2020-07-15
Metropolitana de Santiago,13,San Bernardo,13401,6,2020-07-16
Metropolitana de Santiago,13,San Bernardo,13401,11,2020-07-17
Metropolitana de Santiago,13,San Bernardo,13401,3,2020-07-18
Metropolitana de Santiago,13,San Bernardo,13401,4,2020-07-19
Metropolitana de Santiago,13,San Bernardo,13401,4,2020-07-20
Metropolitana de Santiago,13,San Bernardo,13401,3,2020-07-21
Metropolitana de Santiago,13,San Bernardo,13401,7,2020-07-22
Metropolitana de Santiago,13,San Bernardo,13401,6,2020-07-23
Metropolitana de Santiago,13,San Bernardo,13401,4,2020-07-24
Metropolitana de Santiago,13,San Bernardo,13401,7,2020-07-25
Metropolitana de Santiago,13,San Bernardo,13401,4,2020-07-26
Metropolitana de Santiago,13,San Bernardo,13401,8,2020-07-27
Metropolitana de Santiago,13,San Bernardo,13401,6,2020-07-28
Metropolitana de Santiago,13,San Bernardo,13401,8,2020-07-29
Metropolitana de Santiago,13,San Bernardo,13401,5,2020-07-30
Metropolitana de Santiago,13,San Bernardo,13401,2,2020-07-31
Metropolitana de Santiago,13,San Bernardo,13401,4,2020-08-01
Metropolitana de Santiago,13,San Bernardo,13401,3,2020-08-02
Metropolitana de Santiago,13,San Bernardo,13401,3,2020-08-03
Metropolitana de Santiago,13,San Bernardo,13401,6,2020-08-04
Metropolitana de Santiago,13,San Bernardo,13401,4,2020-08-05
Metropolitana de Santiago,13,San Bernardo,13401,2,2020-08-06
Metropolitana de Santiago,13,San Bernardo,13401,8,2020-08-07
Metropolitana de Santiago,13,San Bernardo,13401,7,2020-08-08
Metropolitana de Santiago,13,San Bernardo,13401,4,2020-08-09
Metropolitana de Santiago,13,San Bernardo,13401,8,2020-08-10
Metropolitana de Santiago,13,San Bernardo,13401,10,2020-08-11
Metropolitana de Santiago,13,San Bernardo,13401,2,2020-08-12
Metropolitana de Santiago,13,San Bernardo,13401,4,2020-08-13
Metropolitana de Santiago,13,San Bernardo,13401,12,2020-08-14
Metropolitana de Santiago,13,San Bernardo,13401,4,2020-08-15
Metropolitana de Santiago,13,San Bernardo,13401,6,2020-08-16
Metropolitana de Santiago,13,San Bernardo,13401,4,2020-08-17
Metropolitana de Santiago,13,San Bernardo,13401,3,2020-08-18
Metropolitana de Santiago,13,San Bernardo,13401,5,2020-08-20
Metropolitana de Santiago,13,San Bernardo,13401,7,2020-08-21
Metropolitana de Santiago,13,San Bernardo,13401,1,2020-08-22
Metropolitana de Santiago,13,San Bernardo,13401,3,2020-08-23
Metropolitana de Santiago,13,San Bernardo,13401,7,2020-08-24
Metropolitana de Santiago,13,San Bernardo,13401,4,2020-08-25
Metropolitana de Santiago,13,San Bernardo,13401,3,2020-08-26
Metropolitana de Santiago,13,San Bernardo,13401,10,2020-08-27
Metropolitana de Santiago,13,San Bernardo,13401,12,2020-08-28
Metropolitana de Santiago,13,San Bernardo,13401,5,2020-08-29
Metropolitana de Santiago,13,San Bernardo,13401,2,2020-08-30
Metropolitana de Santiago,13,San Bernardo,13401,11,2020-08-31
Metropolitana de Santiago,13,San Bernardo,13401,3,2020-09-01
Metropolitana de Santiago,13,San Bernardo,13401,5,2020-09-02
Metropolitana de Santiago,13,San Bernardo,13401,8,2020-09-03
Metropolitana de Santiago,13,San Bernardo,13401,1,2020-09-04
Metropolitana de Santiago,13,San Bernardo,13401,6,2020-09-05
Metropolitana de Santiago,13,San Bernardo,13401,5,2020-09-06
Metropolitana de Santiago,13,San Bernardo,13401,6,2020-09-07
Metropolitana de Santiago,13,San Bernardo,13401,6,2020-09-08
Metropolitana de Santiago,13,San Bernardo,13401,8,2020-09-09
Metropolitana de Santiago,13,San Bernardo,13401,7,2020-09-10
Metropolitana de Santiago,13,San Bernardo,13401,8,2020-09-11
Metropolitana de Santiago,13,San Bernardo,13401,7,2020-09-12
Metropolitana de Santiago,13,San Bernardo,13401,4,2020-09-13
Metropolitana de Santiago,13,San Bernardo,13401,5,2020-09-14
Metropolitana de Santiago,13,San Bernardo,13401,4,2020-09-15
Metropolitana de Santiago,13,San Bernardo,13401,3,2020-09-16
Metropolitana de Santiago,13,San Bernardo,13401,3,2020-09-17
Metropolitana de Santiago,13,San Bernardo,13401,7,2020-09-18
Metropolitana de Santiago,13,San Bernardo,13401,8,2020-09-19
Metropolitana de Santiago,13,San Bernardo,13401,3,2020-09-20
Metropolitana de Santiago,13,San Bernardo,13401,7,2020-09-21
Metropolitana de Santiago,13,San Bernardo,13401,9,2020-09-22
Metropolitana de Santiago,13,San Bernardo,13401,4,2020-09-23
Metropolitana de Santiago,13,San Bernardo,13401,9,2020-09-24
Metropolitana de Santiago,13,San Bernardo,13401,5,2020-09-25
Metropolitana de Santiago,13,San Bernardo,13401,2,2020-09-26
Metropolitana de Santiago,13,San Bernardo,13401,3,2020-09-27
Metropolitana de Santiago,13,San Bernardo,13401,8,2020-09-28
Metropolitana de Santiago,13,San Bernardo,13401,2,2020-09-29
Metropolitana de Santiago,13,San Bernardo,13401,1,2020-09-30
Metropolitana de Santiago,13,San Bernardo,13401,6,2020-10-01
Metropolitana de Santiago,13,San Bernardo,13401,5,2020-10-02
Metropolitana de Santiago,13,San Bernardo,13401,2,2020-10-03
Metropolitana de Santiago,13,San Bernardo,13401,3,2020-10-04
Metropolitana de Santiago,13,San Bernardo,13401,7,2020-10-05
Metropolitana de Santiago,13,San Bernardo,13401,5,2020-10-06
Metropolitana de Santiago,13,San Bernardo,13401,1,2020-10-07
Metropolitana de Santiago,13,San Bernardo,13401,4,2020-10-08
Metropolitana de Santiago,13,San Bernardo,13401,4,2020-10-09
Metropolitana de Santiago,13,San Bernardo,13401,3,2020-10-10
Metropolitana de Santiago,13,San Bernardo,13401,7,2020-10-11
Metropolitana de Santiago,13,San Bernardo,13401,4,2020-10-12
Metropolitana de Santiago,13,San Bernardo,13401,12,2020-10-13
Metropolitana de Santiago,13,San Bernardo,13401,2,2020-10-14
Metropolitana de Santiago,13,San Bernardo,13401,3,2020-10-15
Metropolitana de Santiago,13,San Bernardo,13401,10,2020-10-16
Metropolitana de Santiago,13,San Bernardo,13401,3,2020-10-17
Metropolitana de Santiago,13,San Bernardo,13401,5,2020-10-18
Metropolitana de Santiago,13,San Bernardo,13401,2,2020-10-19
Metropolitana de Santiago,13,San Bernardo,13401,3,2020-10-20
Metropolitana de Santiago,13,San Bernardo,13401,4,2020-10-21
Metropolitana de Santiago,13,San Bernardo,13401,4,2020-10-22
Metropolitana de Santiago,13,San Bernardo,13401,8,2020-10-23
Metropolitana de Santiago,13,San Bernardo,13401,2,2020-10-25
Metropolitana de Santiago,13,San Bernardo,13401,3,2020-10-26
Metropolitana de Santiago,13,San Bernardo,13401,5,2020-10-27
Metropolitana de Santiago,13,San Bernardo,13401,3,2020-10-28
Metropolitana de Santiago,13,San Bernardo,13401,7,2020-10-29
Metropolitana de Santiago,13,San Bernardo,13401,4,2020-10-30
Metropolitana de Santiago,13,San Bernardo,13401,4,2020-10-31
Metropolitana de Santiago,13,San Bernardo,13401,1,2020-11-01
Metropolitana de Santiago,13,San Bernardo,13401,6,2020-11-02
Metropolitana de Santiago,13,San Bernardo,13401,9,2020-11-03
Metropolitana de Santiago,13,San Bernardo,13401,3,2020-11-04
Metropolitana de Santiago,13,San Bernardo,13401,3,2020-11-05
Metropolitana de Santiago,13,San Bernardo,13401,8,2020-11-06
Metropolitana de Santiago,13,San Bernardo,13401,2,2020-11-07
Metropolitana de Santiago,13,San Bernardo,13401,8,2020-11-08
Metropolitana de Santiago,13,San Bernardo,13401,2,2020-11-09
Metropolitana de Santiago,13,San Bernardo,13401,4,2020-11-11
Metropolitana de Santiago,13,San Bernardo,13401,3,2020-11-12
Metropolitana de Santiago,13,San Bernardo,13401,3,2020-11-13
Metropolitana de Santiago,13,San Bernardo,13401,2,2020-11-14
Metropolitana de Santiago,13,San Bernardo,13401,2,2020-11-15
Metropolitana de Santiago,13,San Bernardo,13401,2,2020-11-16
Metropolitana de Santiago,13,San Bernardo,13401,3,2020-11-17
Metropolitana de Santiago,13,San Bernardo,13401,2,2020-11-18
Metropolitana de Santiago,13,San Bernardo,13401,2,2020-11-19
Metropolitana de Santiago,13,San Bernardo,13401,3,2020-11-20
Metropolitana de Santiago,13,San Bernardo,13401,4,2020-11-21
Metropolitana de Santiago,13,San Bernardo,13401,2,2020-11-22
Metropolitana de Santiago,13,San Bernardo,13401,4,2020-11-23
Metropolitana de Santiago,13,San Bernardo,13401,6,2020-11-24
Metropolitana de Santiago,13,San Bernardo,13401,3,2020-11-25
Metropolitana de Santiago,13,San Bernardo,13401,1,2020-11-26
Metropolitana de Santiago,13,San Bernardo,13401,1,2020-11-27
Metropolitana de Santiago,13,San Bernardo,13401,1,2020-11-28
Metropolitana de Santiago,13,San Bernardo,13401,2,2020-11-29
Metropolitana de Santiago,13,San Bernardo,13401,2,2020-11-30
Metropolitana de Santiago,13,San Bernardo,13401,1,2020-12-01
Metropolitana de Santiago,13,San Bernardo,13401,4,2020-12-02
Metropolitana de Santiago,13,San Bernardo,13401,4,2020-12-03
Metropolitana de Santiago,13,San Bernardo,13401,8,2020-12-04
Metropolitana de Santiago,13,San Bernardo,13401,5,2020-12-05
Metropolitana de Santiago,13,San Bernardo,13401,5,2020-12-06
Metropolitana de Santiago,13,San Bernardo,13401,11,2020-12-07
Metropolitana de Santiago,13,San Bernardo,13401,3,2020-12-08
Metropolitana de Santiago,13,San Bernardo,13401,4,2020-12-09
Metropolitana de Santiago,13,San Bernardo,13401,5,2020-12-10
Metropolitana de Santiago,13,San Bernardo,13401,5,2020-12-11
Metropolitana de Santiago,13,San Bernardo,13401,4,2020-12-12
Metropolitana de Santiago,13,San Bernardo,13401,7,2020-12-13
Metropolitana de Santiago,13,San Bernardo,13401,3,2020-12-14
Metropolitana de Santiago,13,San Bernardo,13401,3,2020-12-15
Metropolitana de Santiago,13,San Bernardo,13401,6,2020-12-16
Metropolitana de Santiago,13,San Bernardo,13401,5,2020-12-17
Metropolitana de Santiago,13,San Bernardo,13401,6,2020-12-18
Metropolitana de Santiago,13,San Bernardo,13401,2,2020-12-19
Metropolitana de Santiago,13,San Bernardo,13401,5,2020-12-20
Metropolitana de Santiago,13,San Bernardo,13401,2,2020-12-21
Metropolitana de Santiago,13,San Bernardo,13401,6,2020-12-22
Metropolitana de Santiago,13,San Bernardo,13401,5,2020-12-23
Metropolitana de Santiago,13,San Bernardo,13401,6,2020-12-24
Metropolitana de Santiago,13,San Bernardo,13401,1,2020-12-25
Metropolitana de Santiago,13,San Bernardo,13401,6,2020-12-26
Metropolitana de Santiago,13,San Bernardo,13401,1,2020-12-27
Metropolitana de Santiago,13,San Bernardo,13401,3,2020-12-28
Metropolitana de Santiago,13,San Bernardo,13401,6,2020-12-29
Metropolitana de Santiago,13,San Bernardo,13401,4,2020-12-30
Metropolitana de Santiago,13,San Bernardo,13401,2,2020-12-31
Metropolitana de Santiago,13,San Bernardo,13401,8,2021-01-02
Metropolitana de Santiago,13,San Bernardo,13401,2,2021-01-03
Metropolitana de Santiago,13,San Bernardo,13401,3,2021-01-04
Metropolitana de Santiago,13,San Bernardo,13401,4,2021-01-05
Metropolitana de Santiago,13,San Bernardo,13401,5,2021-01-06
Metropolitana de Santiago,13,San Bernardo,13401,6,2021-01-07
Metropolitana de Santiago,13,San Bernardo,13401,4,2021-01-08
Metropolitana de Santiago,13,San Bernardo,13401,3,2021-01-09
Metropolitana de Santiago,13,San Bernardo,13401,5,2021-01-10
Metropolitana de Santiago,13,San Bernardo,13401,5,2021-01-11
Metropolitana de Santiago,13,San Bernardo,13401,7,2021-01-12
Metropolitana de Santiago,13,San Bernardo,13401,3,2021-01-13
Metropolitana de Santiago,13,San Bernardo,13401,1,2021-01-14
Metropolitana de Santiago,13,Buin,13402,3,2020-01-02
Metropolitana de Santiago,13,Buin,13402,3,2020-01-03
Metropolitana de Santiago,13,Buin,13402,1,2020-01-04
Metropolitana de Santiago,13,Buin,13402,1,2020-01-05
Metropolitana de Santiago,13,Buin,13402,2,2020-01-06
Metropolitana de Santiago,13,Buin,13402,1,2020-01-07
Metropolitana de Santiago,13,Buin,13402,3,2020-01-08
Metropolitana de Santiago,13,Buin,13402,1,2020-01-09
Metropolitana de Santiago,13,Buin,13402,2,2020-01-10
Metropolitana de Santiago,13,Buin,13402,2,2020-01-13
Metropolitana de Santiago,13,Buin,13402,2,2020-01-14
Metropolitana de Santiago,13,Buin,13402,1,2020-01-15
Metropolitana de Santiago,13,Buin,13402,1,2020-01-16
Metropolitana de Santiago,13,Buin,13402,3,2020-01-18
Metropolitana de Santiago,13,Buin,13402,1,2020-01-20
Metropolitana de Santiago,13,Buin,13402,2,2020-01-24
Metropolitana de Santiago,13,Buin,13402,1,2020-01-25
Metropolitana de Santiago,13,Buin,13402,3,2020-01-27
Metropolitana de Santiago,13,Buin,13402,1,2020-01-28
Metropolitana de Santiago,13,Buin,13402,2,2020-01-29
Metropolitana de Santiago,13,Buin,13402,2,2020-01-30
Metropolitana de Santiago,13,Buin,13402,1,2020-01-31
Metropolitana de Santiago,13,Buin,13402,1,2020-02-03
Metropolitana de Santiago,13,Buin,13402,1,2020-02-04
Metropolitana de Santiago,13,Buin,13402,3,2020-02-05
Metropolitana de Santiago,13,Buin,13402,1,2020-02-06
Metropolitana de Santiago,13,Buin,13402,1,2020-02-07
Metropolitana de Santiago,13,Buin,13402,1,2020-02-10
Metropolitana de Santiago,13,Buin,13402,2,2020-02-12
Metropolitana de Santiago,13,Buin,13402,1,2020-02-13
Metropolitana de Santiago,13,Buin,13402,2,2020-02-14
Metropolitana de Santiago,13,Buin,13402,1,2020-02-15
Metropolitana de Santiago,13,Buin,13402,1,2020-02-18
Metropolitana de Santiago,13,Buin,13402,1,2020-02-19
Metropolitana de Santiago,13,Buin,13402,2,2020-02-20
Metropolitana de Santiago,13,Buin,13402,1,2020-02-22
Metropolitana de Santiago,13,Buin,13402,3,2020-02-24
Metropolitana de Santiago,13,Buin,13402,1,2020-02-25
Metropolitana de Santiago,13,Buin,13402,1,2020-02-26
Metropolitana de Santiago,13,Buin,13402,3,2020-02-28
Metropolitana de Santiago,13,Buin,13402,3,2020-03-03
Metropolitana de Santiago,13,Buin,13402,1,2020-03-04
Metropolitana de Santiago,13,Buin,13402,2,2020-03-05
Metropolitana de Santiago,13,Buin,13402,2,2020-03-06
Metropolitana de Santiago,13,Buin,13402,1,2020-03-07
Metropolitana de Santiago,13,Buin,13402,1,2020-03-09
Metropolitana de Santiago,13,Buin,13402,1,2020-03-10
Metropolitana de Santiago,13,Buin,13402,4,2020-03-11
Metropolitana de Santiago,13,Buin,13402,2,2020-03-12
Metropolitana de Santiago,13,Buin,13402,2,2020-03-13
Metropolitana de Santiago,13,Buin,13402,1,2020-03-14
Metropolitana de Santiago,13,Buin,13402,1,2020-03-16
Metropolitana de Santiago,13,Buin,13402,1,2020-03-17
Metropolitana de Santiago,13,Buin,13402,2,2020-03-18
Metropolitana de Santiago,13,Buin,13402,2,2020-03-19
Metropolitana de Santiago,13,Buin,13402,1,2020-03-20
Metropolitana de Santiago,13,Buin,13402,2,2020-03-22
Metropolitana de Santiago,13,Buin,13402,1,2020-03-23
Metropolitana de Santiago,13,Buin,13402,2,2020-03-24
Metropolitana de Santiago,13,Buin,13402,1,2020-03-25
Metropolitana de Santiago,13,Buin,13402,1,2020-03-28
Metropolitana de Santiago,13,Buin,13402,1,2020-03-29
Metropolitana de Santiago,13,Buin,13402,1,2020-03-30
Metropolitana de Santiago,13,Buin,13402,2,2020-04-02
Metropolitana de Santiago,13,Buin,13402,3,2020-04-03
Metropolitana de Santiago,13,Buin,13402,2,2020-04-04
Metropolitana de Santiago,13,Buin,13402,2,2020-04-05
Metropolitana de Santiago,13,Buin,13402,1,2020-04-07
Metropolitana de Santiago,13,Buin,13402,2,2020-04-08
Metropolitana de Santiago,13,Buin,13402,1,2020-04-09
Metropolitana de Santiago,13,Buin,13402,1,2020-04-10
Metropolitana de Santiago,13,Buin,13402,2,2020-04-11
Metropolitana de Santiago,13,Buin,13402,2,2020-04-13
Metropolitana de Santiago,13,Buin,13402,4,2020-04-15
Metropolitana de Santiago,13,Buin,13402,1,2020-04-16
Metropolitana de Santiago,13,Buin,13402,3,2020-04-17
Metropolitana de Santiago,13,Buin,13402,1,2020-04-18
Metropolitana de Santiago,13,Buin,13402,2,2020-04-20
Metropolitana de Santiago,13,Buin,13402,1,2020-04-21
Metropolitana de Santiago,13,Buin,13402,1,2020-04-22
Metropolitana de Santiago,13,Buin,13402,2,2020-04-23
Metropolitana de Santiago,13,Buin,13402,1,2020-04-24
Metropolitana de Santiago,13,Buin,13402,3,2020-04-27
Metropolitana de Santiago,13,Buin,13402,2,2020-04-28
Metropolitana de Santiago,13,Buin,13402,1,2020-04-30
Metropolitana de Santiago,13,Buin,13402,3,2020-05-02
Metropolitana de Santiago,13,Buin,13402,1,2020-05-03
Metropolitana de Santiago,13,Buin,13402,1,2020-05-04
Metropolitana de Santiago,13,Buin,13402,3,2020-05-05
Metropolitana de Santiago,13,Buin,13402,1,2020-05-06
Metropolitana de Santiago,13,Buin,13402,1,2020-05-07
Metropolitana de Santiago,13,Buin,13402,1,2020-05-08
Metropolitana de Santiago,13,Buin,13402,1,2020-05-10
Metropolitana de Santiago,13,Buin,13402,1,2020-05-11
Metropolitana de Santiago,13,Buin,13402,2,2020-05-12
Metropolitana de Santiago,13,Buin,13402,2,2020-05-13
Metropolitana de Santiago,13,Buin,13402,4,2020-05-14
Metropolitana de Santiago,13,Buin,13402,2,2020-05-15
Metropolitana de Santiago,13,Buin,13402,4,2020-05-17
Metropolitana de Santiago,13,Buin,13402,2,2020-05-19
Metropolitana de Santiago,13,Buin,13402,2,2020-05-20
Metropolitana de Santiago,13,Buin,13402,2,2020-05-22
Metropolitana de Santiago,13,Buin,13402,2,2020-05-23
Metropolitana de Santiago,13,Buin,13402,2,2020-05-24
Metropolitana de Santiago,13,Buin,13402,5,2020-05-25
Metropolitana de Santiago,13,Buin,13402,1,2020-05-28
Metropolitana de Santiago,13,Buin,13402,1,2020-05-31
Metropolitana de Santiago,13,Buin,13402,3,2020-06-01
Metropolitana de Santiago,13,Buin,13402,4,2020-06-02
Metropolitana de Santiago,13,Buin,13402,1,2020-06-03
Metropolitana de Santiago,13,Buin,13402,4,2020-06-04
Metropolitana de Santiago,13,Buin,13402,2,2020-06-05
Metropolitana de Santiago,13,Buin,13402,10,2020-06-08
Metropolitana de Santiago,13,Buin,13402,2,2020-06-09
Metropolitana de Santiago,13,Buin,13402,1,2020-06-10
Metropolitana de Santiago,13,Buin,13402,4,2020-06-11
Metropolitana de Santiago,13,Buin,13402,2,2020-06-12
Metropolitana de Santiago,13,Buin,13402,1,2020-06-13
Metropolitana de Santiago,13,Buin,13402,2,2020-06-14
Metropolitana de Santiago,13,Buin,13402,9,2020-06-15
Metropolitana de Santiago,13,Buin,13402,4,2020-06-16
Metropolitana de Santiago,13,Buin,13402,3,2020-06-17
Metropolitana de Santiago,13,Buin,13402,4,2020-06-18
Metropolitana de Santiago,13,Buin,13402,3,2020-06-19
Metropolitana de Santiago,13,Buin,13402,2,2020-06-20
Metropolitana de Santiago,13,Buin,13402,4,2020-06-21
Metropolitana de Santiago,13,Buin,13402,3,2020-06-22
Metropolitana de Santiago,13,Buin,13402,3,2020-06-23
Metropolitana de Santiago,13,Buin,13402,2,2020-06-24
Metropolitana de Santiago,13,Buin,13402,2,2020-06-25
Metropolitana de Santiago,13,Buin,13402,3,2020-06-26
Metropolitana de Santiago,13,Buin,13402,7,2020-06-27
Metropolitana de Santiago,13,Buin,13402,2,2020-06-28
Metropolitana de Santiago,13,Buin,13402,1,2020-06-29
Metropolitana de Santiago,13,Buin,13402,1,2020-06-30
Metropolitana de Santiago,13,Buin,13402,5,2020-07-01
Metropolitana de Santiago,13,Buin,13402,4,2020-07-02
Metropolitana de Santiago,13,Buin,13402,5,2020-07-03
Metropolitana de Santiago,13,Buin,13402,1,2020-07-04
Metropolitana de Santiago,13,Buin,13402,6,2020-07-06
Metropolitana de Santiago,13,Buin,13402,4,2020-07-07
Metropolitana de Santiago,13,Buin,13402,4,2020-07-08
Metropolitana de Santiago,13,Buin,13402,2,2020-07-09
Metropolitana de Santiago,13,Buin,13402,1,2020-07-10
Metropolitana de Santiago,13,Buin,13402,3,2020-07-11
Metropolitana de Santiago,13,Buin,13402,5,2020-07-13
Metropolitana de Santiago,13,Buin,13402,2,2020-07-14
Metropolitana de Santiago,13,Buin,13402,4,2020-07-15
Metropolitana de Santiago,13,Buin,13402,4,2020-07-17
Metropolitana de Santiago,13,Buin,13402,1,2020-07-19
Metropolitana de Santiago,13,Buin,13402,3,2020-07-20
Metropolitana de Santiago,13,Buin,13402,2,2020-07-21
Metropolitana de Santiago,13,Buin,13402,2,2020-07-22
Metropolitana de Santiago,13,Buin,13402,2,2020-07-23
Metropolitana de Santiago,13,Buin,13402,2,2020-07-24
Metropolitana de Santiago,13,Buin,13402,2,2020-07-27
Metropolitana de Santiago,13,Buin,13402,3,2020-07-28
Metropolitana de Santiago,13,Buin,13402,1,2020-07-29
Metropolitana de Santiago,13,Buin,13402,1,2020-07-31
Metropolitana de Santiago,13,Buin,13402,1,2020-08-01
Metropolitana de Santiago,13,Buin,13402,2,2020-08-02
Metropolitana de Santiago,13,Buin,13402,3,2020-08-03
Metropolitana de Santiago,13,Buin,13402,2,2020-08-06
Metropolitana de Santiago,13,Buin,13402,3,2020-08-07
Metropolitana de Santiago,13,Buin,13402,1,2020-08-09
Metropolitana de Santiago,13,Buin,13402,1,2020-08-10
Metropolitana de Santiago,13,Buin,13402,1,2020-08-11
Metropolitana de Santiago,13,Buin,13402,1,2020-08-12
Metropolitana de Santiago,13,Buin,13402,1,2020-08-14
Metropolitana de Santiago,13,Buin,13402,1,2020-08-16
Metropolitana de Santiago,13,Buin,13402,1,2020-08-17
Metropolitana de Santiago,13,Buin,13402,1,2020-08-18
Metropolitana de Santiago,13,Buin,13402,3,2020-08-19
Metropolitana de Santiago,13,Buin,13402,1,2020-08-20
Metropolitana de Santiago,13,Buin,13402,2,2020-08-22
Metropolitana de Santiago,13,Buin,13402,2,2020-08-24
Metropolitana de Santiago,13,Buin,13402,2,2020-08-25
Metropolitana de Santiago,13,Buin,13402,1,2020-08-26
Metropolitana de Santiago,13,Buin,13402,2,2020-08-28
Metropolitana de Santiago,13,Buin,13402,2,2020-08-30
Metropolitana de Santiago,13,Buin,13402,2,2020-08-31
Metropolitana de Santiago,13,Buin,13402,1,2020-09-01
Metropolitana de Santiago,13,Buin,13402,2,2020-09-02
Metropolitana de Santiago,13,Buin,13402,1,2020-09-03
Metropolitana de Santiago,13,Buin,13402,1,2020-09-06
Metropolitana de Santiago,13,Buin,13402,2,2020-09-07
Metropolitana de Santiago,13,Buin,13402,1,2020-09-09
Metropolitana de Santiago,13,Buin,13402,3,2020-09-10
Metropolitana de Santiago,13,Buin,13402,2,2020-09-11
Metropolitana de Santiago,13,Buin,13402,1,2020-09-14
Metropolitana de Santiago,13,Buin,13402,5,2020-09-15
Metropolitana de Santiago,13,Buin,13402,1,2020-09-16
Metropolitana de Santiago,13,Buin,13402,1,2020-09-19
Metropolitana de Santiago,13,Buin,13402,5,2020-09-20
Metropolitana de Santiago,13,Buin,13402,1,2020-09-21
Metropolitana de Santiago,13,Buin,13402,2,2020-09-22
Metropolitana de Santiago,13,Buin,13402,1,2020-09-23
Metropolitana de Santiago,13,Buin,13402,3,2020-09-24
Metropolitana de Santiago,13,Buin,13402,4,2020-09-25
Metropolitana de Santiago,13,Buin,13402,1,2020-09-27
Metropolitana de Santiago,13,Buin,13402,4,2020-09-28
Metropolitana de Santiago,13,Buin,13402,1,2020-09-29
Metropolitana de Santiago,13,Buin,13402,1,2020-10-01
Metropolitana de Santiago,13,Buin,13402,1,2020-10-02
Metropolitana de Santiago,13,Buin,13402,1,2020-10-04
Metropolitana de Santiago,13,Buin,13402,3,2020-10-05
Metropolitana de Santiago,13,Buin,13402,1,2020-10-06
Metropolitana de Santiago,13,Buin,13402,1,2020-10-07
Metropolitana de Santiago,13,Buin,13402,3,2020-10-08
Metropolitana de Santiago,13,Buin,13402,2,2020-10-09
Metropolitana de Santiago,13,Buin,13402,2,2020-10-11
Metropolitana de Santiago,13,Buin,13402,6,2020-10-12
Metropolitana de Santiago,13,Buin,13402,2,2020-10-13
Metropolitana de Santiago,13,Buin,13402,3,2020-10-14
Metropolitana de Santiago,13,Buin,13402,1,2020-10-15
Metropolitana de Santiago,13,Buin,13402,2,2020-10-17
Metropolitana de Santiago,13,Buin,13402,4,2020-10-19
Metropolitana de Santiago,13,Buin,13402,2,2020-10-20
Metropolitana de Santiago,13,Buin,13402,2,2020-10-21
Metropolitana de Santiago,13,Buin,13402,1,2020-10-23
Metropolitana de Santiago,13,Buin,13402,3,2020-10-26
Metropolitana de Santiago,13,Buin,13402,1,2020-10-27
Metropolitana de Santiago,13,Buin,13402,2,2020-10-28
Metropolitana de Santiago,13,Buin,13402,2,2020-10-29
Metropolitana de Santiago,13,Buin,13402,1,2020-11-02
Metropolitana de Santiago,13,Buin,13402,4,2020-11-03
Metropolitana de Santiago,13,Buin,13402,3,2020-11-04
Metropolitana de Santiago,13,Buin,13402,4,2020-11-05
Metropolitana de Santiago,13,Buin,13402,3,2020-11-06
Metropolitana de Santiago,13,Buin,13402,1,2020-11-08
Metropolitana de Santiago,13,Buin,13402,4,2020-11-09
Metropolitana de Santiago,13,Buin,13402,1,2020-11-10
Metropolitana de Santiago,13,Buin,13402,1,2020-11-11
Metropolitana de Santiago,13,Buin,13402,2,2020-11-12
Metropolitana de Santiago,13,Buin,13402,1,2020-11-14
Metropolitana de Santiago,13,Buin,13402,2,2020-11-16
Metropolitana de Santiago,13,Buin,13402,2,2020-11-18
Metropolitana de Santiago,13,Buin,13402,3,2020-11-19
Metropolitana de Santiago,13,Buin,13402,1,2020-11-20
Metropolitana de Santiago,13,Buin,13402,1,2020-11-22
Metropolitana de Santiago,13,Buin,13402,5,2020-11-23
Metropolitana de Santiago,13,Buin,13402,1,2020-11-24
Metropolitana de Santiago,13,Buin,13402,1,2020-11-25
Metropolitana de Santiago,13,Buin,13402,2,2020-11-27
Metropolitana de Santiago,13,Buin,13402,1,2020-11-29
Metropolitana de Santiago,13,Buin,13402,5,2020-11-30
Metropolitana de Santiago,13,Buin,13402,2,2020-12-01
Metropolitana de Santiago,13,Buin,13402,1,2020-12-04
Metropolitana de Santiago,13,Buin,13402,2,2020-12-05
Metropolitana de Santiago,13,Buin,13402,1,2020-12-07
Metropolitana de Santiago,13,Buin,13402,3,2020-12-09
Metropolitana de Santiago,13,Buin,13402,1,2020-12-10
Metropolitana de Santiago,13,Buin,13402,1,2020-12-11
Metropolitana de Santiago,13,Buin,13402,1,2020-12-12
Metropolitana de Santiago,13,Buin,13402,1,2020-12-13
Metropolitana de Santiago,13,Buin,13402,1,2020-12-14
Metropolitana de Santiago,13,Buin,13402,2,2020-12-15
Metropolitana de Santiago,13,Buin,13402,1,2020-12-16
Metropolitana de Santiago,13,Buin,13402,3,2020-12-17
Metropolitana de Santiago,13,Buin,13402,2,2020-12-18
Metropolitana de Santiago,13,Buin,13402,2,2020-12-21
Metropolitana de Santiago,13,Buin,13402,3,2020-12-23
Metropolitana de Santiago,13,Buin,13402,2,2020-12-26
Metropolitana de Santiago,13,Buin,13402,2,2020-12-28
Metropolitana de Santiago,13,Buin,13402,3,2020-12-29
Metropolitana de Santiago,13,Buin,13402,1,2020-12-30
Metropolitana de Santiago,13,Buin,13402,2,2020-12-31
Metropolitana de Santiago,13,Buin,13402,4,2021-01-02
Metropolitana de Santiago,13,Buin,13402,3,2021-01-05
Metropolitana de Santiago,13,Buin,13402,1,2021-01-07
Metropolitana de Santiago,13,Buin,13402,2,2021-01-08
Metropolitana de Santiago,13,Buin,13402,1,2021-01-09
Metropolitana de Santiago,13,Buin,13402,2,2021-01-10
Metropolitana de Santiago,13,Buin,13402,1,2021-01-11
Metropolitana de Santiago,13,Buin,13402,2,2021-01-12
Metropolitana de Santiago,13,Buin,13402,2,2021-01-13
Metropolitana de Santiago,13,Calera de Tango,13403,1,2020-01-07
Metropolitana de Santiago,13,Calera de Tango,13403,1,2020-01-13
Metropolitana de Santiago,13,Calera de Tango,13403,1,2020-01-18
Metropolitana de Santiago,13,Calera de Tango,13403,1,2020-02-13
Metropolitana de Santiago,13,Calera de Tango,13403,1,2020-02-15
Metropolitana de Santiago,13,Calera de Tango,13403,1,2020-02-22
Metropolitana de Santiago,13,Calera de Tango,13403,1,2020-02-23
Metropolitana de Santiago,13,Calera de Tango,13403,1,2020-03-12
Metropolitana de Santiago,13,Calera de Tango,13403,1,2020-03-15
Metropolitana de Santiago,13,Calera de Tango,13403,1,2020-03-16
Metropolitana de Santiago,13,Calera de Tango,13403,1,2020-03-17
Metropolitana de Santiago,13,Calera de Tango,13403,1,2020-03-19
Metropolitana de Santiago,13,Calera de Tango,13403,1,2020-03-31
Metropolitana de Santiago,13,Calera de Tango,13403,1,2020-04-03
Metropolitana de Santiago,13,Calera de Tango,13403,2,2020-04-09
Metropolitana de Santiago,13,Calera de Tango,13403,1,2020-04-13
Metropolitana de Santiago,13,Calera de Tango,13403,1,2020-04-22
Metropolitana de Santiago,13,Calera de Tango,13403,1,2020-04-23
Metropolitana de Santiago,13,Calera de Tango,13403,1,2020-05-04
Metropolitana de Santiago,13,Calera de Tango,13403,1,2020-05-06
Metropolitana de Santiago,13,Calera de Tango,13403,1,2020-05-17
Metropolitana de Santiago,13,Calera de Tango,13403,1,2020-05-22
Metropolitana de Santiago,13,Calera de Tango,13403,1,2020-05-25
Metropolitana de Santiago,13,Calera de Tango,13403,1,2020-06-01
Metropolitana de Santiago,13,Calera de Tango,13403,1,2020-06-04
Metropolitana de Santiago,13,Calera de Tango,13403,1,2020-06-05
Metropolitana de Santiago,13,Calera de Tango,13403,1,2020-06-06
Metropolitana de Santiago,13,Calera de Tango,13403,1,2020-06-11
Metropolitana de Santiago,13,Calera de Tango,13403,1,2020-06-17
Metropolitana de Santiago,13,Calera de Tango,13403,2,2020-06-19
Metropolitana de Santiago,13,Calera de Tango,13403,1,2020-06-25
Metropolitana de Santiago,13,Calera de Tango,13403,1,2020-06-26
Metropolitana de Santiago,13,Calera de Tango,13403,1,2020-06-27
Metropolitana de Santiago,13,Calera de Tango,13403,2,2020-06-28
Metropolitana de Santiago,13,Calera de Tango,13403,1,2020-06-30
Metropolitana de Santiago,13,Calera de Tango,13403,1,2020-07-01
Metropolitana de Santiago,13,Calera de Tango,13403,1,2020-07-06
Metropolitana de Santiago,13,Calera de Tango,13403,2,2020-07-09
Metropolitana de Santiago,13,Calera de Tango,13403,2,2020-07-10
Metropolitana de Santiago,13,Calera de Tango,13403,1,2020-07-12
Metropolitana de Santiago,13,Calera de Tango,13403,1,2020-07-14
Metropolitana de Santiago,13,Calera de Tango,13403,1,2020-07-20
Metropolitana de Santiago,13,Calera de Tango,13403,1,2020-07-29
Metropolitana de Santiago,13,Calera de Tango,13403,1,2020-07-31
Metropolitana de Santiago,13,Calera de Tango,13403,1,2020-08-02
Metropolitana de Santiago,13,Calera de Tango,13403,1,2020-08-17
Metropolitana de Santiago,13,Calera de Tango,13403,1,2020-08-30
Metropolitana de Santiago,13,Calera de Tango,13403,2,2020-09-07
Metropolitana de Santiago,13,Calera de Tango,13403,1,2020-09-14
Metropolitana de Santiago,13,Calera de Tango,13403,1,2020-09-17
Metropolitana de Santiago,13,Calera de Tango,13403,1,2020-09-19
Metropolitana de Santiago,13,Calera de Tango,13403,1,2020-09-22
Metropolitana de Santiago,13,Calera de Tango,13403,1,2020-09-25
Metropolitana de Santiago,13,Calera de Tango,13403,1,2020-09-27
Metropolitana de Santiago,13,Calera de Tango,13403,1,2020-10-06
Metropolitana de Santiago,13,Calera de Tango,13403,1,2020-10-09
Metropolitana de Santiago,13,Calera de Tango,13403,1,2020-11-03
Metropolitana de Santiago,13,Calera de Tango,13403,1,2020-11-04
Metropolitana de Santiago,13,Calera de Tango,13403,1,2020-11-06
Metropolitana de Santiago,13,Calera de Tango,13403,1,2020-11-09
Metropolitana de Santiago,13,Calera de Tango,13403,1,2020-11-13
Metropolitana de Santiago,13,Calera de Tango,13403,1,2020-11-20
Metropolitana de Santiago,13,Calera de Tango,13403,1,2020-11-23
Metropolitana de Santiago,13,Calera de Tango,13403,1,2020-11-30
Metropolitana de Santiago,13,Calera de Tango,13403,1,2020-12-08
Metropolitana de Santiago,13,Calera de Tango,13403,1,2020-12-16
Metropolitana de Santiago,13,Calera de Tango,13403,1,2020-12-27
Metropolitana de Santiago,13,Calera de Tango,13403,1,2021-01-02
Metropolitana de Santiago,13,Calera de Tango,13403,1,2021-01-13
Metropolitana de Santiago,13,Paine,13404,1,2020-01-02
Metropolitana de Santiago,13,Paine,13404,1,2020-01-08
Metropolitana de Santiago,13,Paine,13404,1,2020-01-09
Metropolitana de Santiago,13,Paine,13404,1,2020-01-10
Metropolitana de Santiago,13,Paine,13404,1,2020-01-11
Metropolitana de Santiago,13,Paine,13404,1,2020-01-12
Metropolitana de Santiago,13,Paine,13404,1,2020-01-16
Metropolitana de Santiago,13,Paine,13404,1,2020-01-19
Metropolitana de Santiago,13,Paine,13404,2,2020-01-21
Metropolitana de Santiago,13,Paine,13404,2,2020-01-28
Metropolitana de Santiago,13,Paine,13404,1,2020-01-31
Metropolitana de Santiago,13,Paine,13404,2,2020-02-01
Metropolitana de Santiago,13,Paine,13404,1,2020-02-02
Metropolitana de Santiago,13,Paine,13404,2,2020-02-05
Metropolitana de Santiago,13,Paine,13404,1,2020-02-09
Metropolitana de Santiago,13,Paine,13404,1,2020-02-12
Metropolitana de Santiago,13,Paine,13404,1,2020-02-17
Metropolitana de Santiago,13,Paine,13404,1,2020-02-20
Metropolitana de Santiago,13,Paine,13404,2,2020-02-23
Metropolitana de Santiago,13,Paine,13404,0,2020-02-25
Metropolitana de Santiago,13,Paine,13404,1,2020-02-26
Metropolitana de Santiago,13,Paine,13404,2,2020-02-27
Metropolitana de Santiago,13,Paine,13404,1,2020-03-02
Metropolitana de Santiago,13,Paine,13404,1,2020-03-03
Metropolitana de Santiago,13,Paine,13404,1,2020-03-04
Metropolitana de Santiago,13,Paine,13404,1,2020-03-09
Metropolitana de Santiago,13,Paine,13404,2,2020-03-13
Metropolitana de Santiago,13,Paine,13404,1,2020-03-14
Metropolitana de Santiago,13,Paine,13404,1,2020-03-19
Metropolitana de Santiago,13,Paine,13404,1,2020-03-20
Metropolitana de Santiago,13,Paine,13404,1,2020-03-29
Metropolitana de Santiago,13,Paine,13404,1,2020-04-02
Metropolitana de Santiago,13,Paine,13404,1,2020-04-07
Metropolitana de Santiago,13,Paine,13404,1,2020-04-09
Metropolitana de Santiago,13,Paine,13404,1,2020-04-10
Metropolitana de Santiago,13,Paine,13404,1,2020-04-13
Metropolitana de Santiago,13,Paine,13404,2,2020-04-20
Metropolitana de Santiago,13,Paine,13404,1,2020-04-21
Metropolitana de Santiago,13,Paine,13404,2,2020-04-25
Metropolitana de Santiago,13,Paine,13404,1,2020-04-26
Metropolitana de Santiago,13,Paine,13404,1,2020-04-27
Metropolitana de Santiago,13,Paine,13404,1,2020-04-28
Metropolitana de Santiago,13,Paine,13404,1,2020-04-30
Metropolitana de Santiago,13,Paine,13404,2,2020-05-08
Metropolitana de Santiago,13,Paine,13404,1,2020-05-12
Metropolitana de Santiago,13,Paine,13404,1,2020-05-14
Metropolitana de Santiago,13,Paine,13404,2,2020-05-16
Metropolitana de Santiago,13,Paine,13404,1,2020-05-21
Metropolitana de Santiago,13,Paine,13404,1,2020-05-22
Metropolitana de Santiago,13,Paine,13404,1,2020-05-24
Metropolitana de Santiago,13,Paine,13404,1,2020-05-27
Metropolitana de Santiago,13,Paine,13404,1,2020-05-28
Metropolitana de Santiago,13,Paine,13404,2,2020-05-29
Metropolitana de Santiago,13,Paine,13404,2,2020-06-01
Metropolitana de Santiago,13,Paine,13404,2,2020-06-04
Metropolitana de Santiago,13,Paine,13404,2,2020-06-06
Metropolitana de Santiago,13,Paine,13404,1,2020-06-07
Metropolitana de Santiago,13,Paine,13404,4,2020-06-08
Metropolitana de Santiago,13,Paine,13404,1,2020-06-10
Metropolitana de Santiago,13,Paine,13404,3,2020-06-11
Metropolitana de Santiago,13,Paine,13404,3,2020-06-14
Metropolitana de Santiago,13,Paine,13404,2,2020-06-15
Metropolitana de Santiago,13,Paine,13404,1,2020-06-16
Metropolitana de Santiago,13,Paine,13404,1,2020-06-17
Metropolitana de Santiago,13,Paine,13404,1,2020-06-21
Metropolitana de Santiago,13,Paine,13404,1,2020-06-25
Metropolitana de Santiago,13,Paine,13404,1,2020-06-26
Metropolitana de Santiago,13,Paine,13404,2,2020-06-27
Metropolitana de Santiago,13,Paine,13404,2,2020-06-30
Metropolitana de Santiago,13,Paine,13404,2,2020-07-02
Metropolitana de Santiago,13,Paine,13404,2,2020-07-03
Metropolitana de Santiago,13,Paine,13404,1,2020-07-04
Metropolitana de Santiago,13,Paine,13404,2,2020-07-06
Metropolitana de Santiago,13,Paine,13404,1,2020-07-07
Metropolitana de Santiago,13,Paine,13404,1,2020-07-10
Metropolitana de Santiago,13,Paine,13404,1,2020-07-11
Metropolitana de Santiago,13,Paine,13404,1,2020-07-12
Metropolitana de Santiago,13,Paine,13404,1,2020-07-14
Metropolitana de Santiago,13,Paine,13404,1,2020-07-15
Metropolitana de Santiago,13,Paine,13404,1,2020-07-16
Metropolitana de Santiago,13,Paine,13404,2,2020-07-19
Metropolitana de Santiago,13,Paine,13404,1,2020-07-20
Metropolitana de Santiago,13,Paine,13404,1,2020-07-21
Metropolitana de Santiago,13,Paine,13404,1,2020-07-29
Metropolitana de Santiago,13,Paine,13404,1,2020-07-31
Metropolitana de Santiago,13,Paine,13404,3,2020-08-03
Metropolitana de Santiago,13,Paine,13404,1,2020-08-04
Metropolitana de Santiago,13,Paine,13404,2,2020-08-05
Metropolitana de Santiago,13,Paine,13404,1,2020-08-07
Metropolitana de Santiago,13,Paine,13404,1,2020-08-08
Metropolitana de Santiago,13,Paine,13404,1,2020-08-09
Metropolitana de Santiago,13,Paine,13404,1,2020-08-17
Metropolitana de Santiago,13,Paine,13404,1,2020-08-19
Metropolitana de Santiago,13,Paine,13404,2,2020-08-20
Metropolitana de Santiago,13,Paine,13404,2,2020-08-21
Metropolitana de Santiago,13,Paine,13404,1,2020-08-22
Metropolitana de Santiago,13,Paine,13404,1,2020-08-23
Metropolitana de Santiago,13,Paine,13404,2,2020-08-24
Metropolitana de Santiago,13,Paine,13404,2,2020-08-25
Metropolitana de Santiago,13,Paine,13404,3,2020-08-26
Metropolitana de Santiago,13,Paine,13404,1,2020-08-27
Metropolitana de Santiago,13,Paine,13404,1,2020-08-28
Metropolitana de Santiago,13,Paine,13404,1,2020-08-29
Metropolitana de Santiago,13,Paine,13404,1,2020-08-30
Metropolitana de Santiago,13,Paine,13404,1,2020-08-31
Metropolitana de Santiago,13,Paine,13404,1,2020-09-03
Metropolitana de Santiago,13,Paine,13404,1,2020-09-04
Metropolitana de Santiago,13,Paine,13404,2,2020-09-09
Metropolitana de Santiago,13,Paine,13404,1,2020-09-11
Metropolitana de Santiago,13,Paine,13404,1,2020-09-14
Metropolitana de Santiago,13,Paine,13404,3,2020-09-15
Metropolitana de Santiago,13,Paine,13404,1,2020-09-16
Metropolitana de Santiago,13,Paine,13404,1,2020-09-19
Metropolitana de Santiago,13,Paine,13404,1,2020-09-20
Metropolitana de Santiago,13,Paine,13404,2,2020-09-21
Metropolitana de Santiago,13,Paine,13404,2,2020-09-22
Metropolitana de Santiago,13,Paine,13404,1,2020-09-24
Metropolitana de Santiago,13,Paine,13404,1,2020-09-26
Metropolitana de Santiago,13,Paine,13404,1,2020-09-27
Metropolitana de Santiago,13,Paine,13404,1,2020-10-04
Metropolitana de Santiago,13,Paine,13404,1,2020-10-05
Metropolitana de Santiago,13,Paine,13404,1,2020-10-06
Metropolitana de Santiago,13,Paine,13404,1,2020-10-07
Metropolitana de Santiago,13,Paine,13404,1,2020-10-08
Metropolitana de Santiago,13,Paine,13404,2,2020-10-09
Metropolitana de Santiago,13,Paine,13404,1,2020-10-10
Metropolitana de Santiago,13,Paine,13404,1,2020-10-11
Metropolitana de Santiago,13,Paine,13404,1,2020-10-12
Metropolitana de Santiago,13,Paine,13404,2,2020-10-13
Metropolitana de Santiago,13,Paine,13404,2,2020-10-16
Metropolitana de Santiago,13,Paine,13404,1,2020-10-19
Metropolitana de Santiago,13,Paine,13404,2,2020-10-21
Metropolitana de Santiago,13,Paine,13404,1,2020-10-27
Metropolitana de Santiago,13,Paine,13404,1,2020-10-30
Metropolitana de Santiago,13,Paine,13404,1,2020-11-01
Metropolitana de Santiago,13,Paine,13404,1,2020-11-06
Metropolitana de Santiago,13,Paine,13404,3,2020-11-12
Metropolitana de Santiago,13,Paine,13404,1,2020-11-13
Metropolitana de Santiago,13,Paine,13404,1,2020-11-16
Metropolitana de Santiago,13,Paine,13404,1,2020-11-19
Metropolitana de Santiago,13,Paine,13404,1,2020-11-23
Metropolitana de Santiago,13,Paine,13404,1,2020-11-25
Metropolitana de Santiago,13,Paine,13404,1,2020-11-26
Metropolitana de Santiago,13,Paine,13404,1,2020-12-05
Metropolitana de Santiago,13,Paine,13404,1,2020-12-07
Metropolitana de Santiago,13,Paine,13404,1,2020-12-11
Metropolitana de Santiago,13,Paine,13404,1,2020-12-14
Metropolitana de Santiago,13,Paine,13404,2,2020-12-19
Metropolitana de Santiago,13,Paine,13404,1,2020-12-23
Metropolitana de Santiago,13,Paine,13404,2,2020-12-26
Metropolitana de Santiago,13,Paine,13404,1,2020-12-27
Metropolitana de Santiago,13,Paine,13404,1,2020-12-28
Metropolitana de Santiago,13,Paine,13404,1,2021-01-07
Metropolitana de Santiago,13,Paine,13404,1,2021-01-09
Metropolitana de Santiago,13,Paine,13404,1,2021-01-11
Metropolitana de Santiago,13,Paine,13404,1,2021-01-13
Metropolitana de Santiago,13,Melipilla,13501,6,2020-01-02
Metropolitana de Santiago,13,Melipilla,13501,5,2020-01-03
Metropolitana de Santiago,13,Melipilla,13501,1,2020-01-04
Metropolitana de Santiago,13,Melipilla,13501,6,2020-01-06
Metropolitana de Santiago,13,Melipilla,13501,3,2020-01-07
Metropolitana de Santiago,13,Melipilla,13501,3,2020-01-08
Metropolitana de Santiago,13,Melipilla,13501,2,2020-01-10
Metropolitana de Santiago,13,Melipilla,13501,6,2020-01-13
Metropolitana de Santiago,13,Melipilla,13501,5,2020-01-14
Metropolitana de Santiago,13,Melipilla,13501,4,2020-01-15
Metropolitana de Santiago,13,Melipilla,13501,1,2020-01-16
Metropolitana de Santiago,13,Melipilla,13501,3,2020-01-17
Metropolitana de Santiago,13,Melipilla,13501,6,2020-01-20
Metropolitana de Santiago,13,Melipilla,13501,3,2020-01-21
Metropolitana de Santiago,13,Melipilla,13501,2,2020-01-22
Metropolitana de Santiago,13,Melipilla,13501,2,2020-01-23
Metropolitana de Santiago,13,Melipilla,13501,1,2020-01-24
Metropolitana de Santiago,13,Melipilla,13501,6,2020-01-27
Metropolitana de Santiago,13,Melipilla,13501,1,2020-01-28
Metropolitana de Santiago,13,Melipilla,13501,1,2020-01-29
Metropolitana de Santiago,13,Melipilla,13501,1,2020-01-30
Metropolitana de Santiago,13,Melipilla,13501,5,2020-01-31
Metropolitana de Santiago,13,Melipilla,13501,8,2020-02-03
Metropolitana de Santiago,13,Melipilla,13501,2,2020-02-04
Metropolitana de Santiago,13,Melipilla,13501,3,2020-02-05
Metropolitana de Santiago,13,Melipilla,13501,2,2020-02-06
Metropolitana de Santiago,13,Melipilla,13501,4,2020-02-07
Metropolitana de Santiago,13,Melipilla,13501,10,2020-02-10
Metropolitana de Santiago,13,Melipilla,13501,5,2020-02-11
Metropolitana de Santiago,13,Melipilla,13501,2,2020-02-12
Metropolitana de Santiago,13,Melipilla,13501,2,2020-02-13
Metropolitana de Santiago,13,Melipilla,13501,5,2020-02-14
Metropolitana de Santiago,13,Melipilla,13501,1,2020-02-16
Metropolitana de Santiago,13,Melipilla,13501,5,2020-02-17
Metropolitana de Santiago,13,Melipilla,13501,3,2020-02-18
Metropolitana de Santiago,13,Melipilla,13501,1,2020-02-19
Metropolitana de Santiago,13,Melipilla,13501,7,2020-02-20
Metropolitana de Santiago,13,Melipilla,13501,4,2020-02-21
Metropolitana de Santiago,13,Melipilla,13501,5,2020-02-24
Metropolitana de Santiago,13,Melipilla,13501,3,2020-02-25
Metropolitana de Santiago,13,Melipilla,13501,1,2020-02-26
Metropolitana de Santiago,13,Melipilla,13501,4,2020-02-27
Metropolitana de Santiago,13,Melipilla,13501,2,2020-02-28
Metropolitana de Santiago,13,Melipilla,13501,1,2020-02-29
Metropolitana de Santiago,13,Melipilla,13501,6,2020-03-02
Metropolitana de Santiago,13,Melipilla,13501,4,2020-03-03
Metropolitana de Santiago,13,Melipilla,13501,3,2020-03-04
Metropolitana de Santiago,13,Melipilla,13501,2,2020-03-05
Metropolitana de Santiago,13,Melipilla,13501,3,2020-03-06
Metropolitana de Santiago,13,Melipilla,13501,4,2020-03-09
Metropolitana de Santiago,13,Melipilla,13501,4,2020-03-10
Metropolitana de Santiago,13,Melipilla,13501,2,2020-03-11
Metropolitana de Santiago,13,Melipilla,13501,2,2020-03-13
Metropolitana de Santiago,13,Melipilla,13501,3,2020-03-16
Metropolitana de Santiago,13,Melipilla,13501,3,2020-03-17
Metropolitana de Santiago,13,Melipilla,13501,2,2020-03-18
Metropolitana de Santiago,13,Melipilla,13501,3,2020-03-19
Metropolitana de Santiago,13,Melipilla,13501,3,2020-03-20
Metropolitana de Santiago,13,Melipilla,13501,6,2020-03-23
Metropolitana de Santiago,13,Melipilla,13501,7,2020-03-24
Metropolitana de Santiago,13,Melipilla,13501,2,2020-03-25
Metropolitana de Santiago,13,Melipilla,13501,2,2020-03-26
Metropolitana de Santiago,13,Melipilla,13501,3,2020-03-27
Metropolitana de Santiago,13,Melipilla,13501,11,2020-03-30
Metropolitana de Santiago,13,Melipilla,13501,5,2020-03-31
Metropolitana de Santiago,13,Melipilla,13501,4,2020-04-01
Metropolitana de Santiago,13,Melipilla,13501,4,2020-04-02
Metropolitana de Santiago,13,Melipilla,13501,2,2020-04-03
Metropolitana de Santiago,13,Melipilla,13501,1,2020-04-04
Metropolitana de Santiago,13,Melipilla,13501,1,2020-04-05
Metropolitana de Santiago,13,Melipilla,13501,10,2020-04-06
Metropolitana de Santiago,13,Melipilla,13501,6,2020-04-07
Metropolitana de Santiago,13,Melipilla,13501,3,2020-04-08
Metropolitana de Santiago,13,Melipilla,13501,5,2020-04-09
Metropolitana de Santiago,13,Melipilla,13501,1,2020-04-11
Metropolitana de Santiago,13,Melipilla,13501,1,2020-04-12
Metropolitana de Santiago,13,Melipilla,13501,10,2020-04-13
Metropolitana de Santiago,13,Melipilla,13501,1,2020-04-14
Metropolitana de Santiago,13,Melipilla,13501,5,2020-04-16
Metropolitana de Santiago,13,Melipilla,13501,2,2020-04-17
Metropolitana de Santiago,13,Melipilla,13501,7,2020-04-20
Metropolitana de Santiago,13,Melipilla,13501,3,2020-04-21
Metropolitana de Santiago,13,Melipilla,13501,1,2020-04-22
Metropolitana de Santiago,13,Melipilla,13501,5,2020-04-23
Metropolitana de Santiago,13,Melipilla,13501,2,2020-04-24
Metropolitana de Santiago,13,Melipilla,13501,5,2020-04-27
Metropolitana de Santiago,13,Melipilla,13501,2,2020-04-28
Metropolitana de Santiago,13,Melipilla,13501,1,2020-04-29
Metropolitana de Santiago,13,Melipilla,13501,5,2020-04-30
Metropolitana de Santiago,13,Melipilla,13501,1,2020-05-03
Metropolitana de Santiago,13,Melipilla,13501,7,2020-05-04
Metropolitana de Santiago,13,Melipilla,13501,5,2020-05-06
Metropolitana de Santiago,13,Melipilla,13501,3,2020-05-07
Metropolitana de Santiago,13,Melipilla,13501,2,2020-05-08
Metropolitana de Santiago,13,Melipilla,13501,1,2020-05-10
Metropolitana de Santiago,13,Melipilla,13501,8,2020-05-11
Metropolitana de Santiago,13,Melipilla,13501,2,2020-05-12
Metropolitana de Santiago,13,Melipilla,13501,5,2020-05-13
Metropolitana de Santiago,13,Melipilla,13501,5,2020-05-14
Metropolitana de Santiago,13,Melipilla,13501,3,2020-05-15
Metropolitana de Santiago,13,Melipilla,13501,1,2020-05-17
Metropolitana de Santiago,13,Melipilla,13501,7,2020-05-18
Metropolitana de Santiago,13,Melipilla,13501,4,2020-05-19
Metropolitana de Santiago,13,Melipilla,13501,2,2020-05-20
Metropolitana de Santiago,13,Melipilla,13501,7,2020-05-22
Metropolitana de Santiago,13,Melipilla,13501,7,2020-05-25
Metropolitana de Santiago,13,Melipilla,13501,6,2020-05-26
Metropolitana de Santiago,13,Melipilla,13501,5,2020-05-27
Metropolitana de Santiago,13,Melipilla,13501,5,2020-05-28
Metropolitana de Santiago,13,Melipilla,13501,10,2020-05-29
Metropolitana de Santiago,13,Melipilla,13501,1,2020-05-30
Metropolitana de Santiago,13,Melipilla,13501,2,2020-05-31
Metropolitana de Santiago,13,Melipilla,13501,3,2020-06-01
Metropolitana de Santiago,13,Melipilla,13501,6,2020-06-02
Metropolitana de Santiago,13,Melipilla,13501,14,2020-06-03
Metropolitana de Santiago,13,Melipilla,13501,2,2020-06-04
Metropolitana de Santiago,13,Melipilla,13501,7,2020-06-05
Metropolitana de Santiago,13,Melipilla,13501,22,2020-06-08
Metropolitana de Santiago,13,Melipilla,13501,7,2020-06-09
Metropolitana de Santiago,13,Melipilla,13501,7,2020-06-10
Metropolitana de Santiago,13,Melipilla,13501,11,2020-06-11
Metropolitana de Santiago,13,Melipilla,13501,8,2020-06-12
Metropolitana de Santiago,13,Melipilla,13501,2,2020-06-14
Metropolitana de Santiago,13,Melipilla,13501,13,2020-06-15
Metropolitana de Santiago,13,Melipilla,13501,16,2020-06-16
Metropolitana de Santiago,13,Melipilla,13501,5,2020-06-17
Metropolitana de Santiago,13,Melipilla,13501,6,2020-06-18
Metropolitana de Santiago,13,Melipilla,13501,4,2020-06-19
Metropolitana de Santiago,13,Melipilla,13501,1,2020-06-21
Metropolitana de Santiago,13,Melipilla,13501,12,2020-06-22
Metropolitana de Santiago,13,Melipilla,13501,7,2020-06-23
Metropolitana de Santiago,13,Melipilla,13501,4,2020-06-24
Metropolitana de Santiago,13,Melipilla,13501,2,2020-06-25
Metropolitana de Santiago,13,Melipilla,13501,7,2020-06-26
Metropolitana de Santiago,13,Melipilla,13501,2,2020-06-27
Metropolitana de Santiago,13,Melipilla,13501,14,2020-06-30
Metropolitana de Santiago,13,Melipilla,13501,10,2020-07-01
Metropolitana de Santiago,13,Melipilla,13501,3,2020-07-02
Metropolitana de Santiago,13,Melipilla,13501,11,2020-07-06
Metropolitana de Santiago,13,Melipilla,13501,2,2020-07-07
Metropolitana de Santiago,13,Melipilla,13501,5,2020-07-08
Metropolitana de Santiago,13,Melipilla,13501,7,2020-07-09
Metropolitana de Santiago,13,Melipilla,13501,6,2020-07-10
Metropolitana de Santiago,13,Melipilla,13501,1,2020-07-12
Metropolitana de Santiago,13,Melipilla,13501,11,2020-07-13
Metropolitana de Santiago,13,Melipilla,13501,5,2020-07-14
Metropolitana de Santiago,13,Melipilla,13501,6,2020-07-15
Metropolitana de Santiago,13,Melipilla,13501,2,2020-07-16
Metropolitana de Santiago,13,Melipilla,13501,7,2020-07-17
Metropolitana de Santiago,13,Melipilla,13501,1,2020-07-19
Metropolitana de Santiago,13,Melipilla,13501,10,2020-07-20
Metropolitana de Santiago,13,Melipilla,13501,6,2020-07-21
Metropolitana de Santiago,13,Melipilla,13501,5,2020-07-22
Metropolitana de Santiago,13,Melipilla,13501,6,2020-07-23
Metropolitana de Santiago,13,Melipilla,13501,3,2020-07-24
Metropolitana de Santiago,13,Melipilla,13501,13,2020-07-27
Metropolitana de Santiago,13,Melipilla,13501,1,2020-07-28
Metropolitana de Santiago,13,Melipilla,13501,2,2020-07-29
Metropolitana de Santiago,13,Melipilla,13501,4,2020-07-30
Metropolitana de Santiago,13,Melipilla,13501,3,2020-07-31
Metropolitana de Santiago,13,Melipilla,13501,1,2020-08-01
Metropolitana de Santiago,13,Melipilla,13501,4,2020-08-03
Metropolitana de Santiago,13,Melipilla,13501,2,2020-08-04
Metropolitana de Santiago,13,Melipilla,13501,2,2020-08-06
Metropolitana de Santiago,13,Melipilla,13501,3,2020-08-07
Metropolitana de Santiago,13,Melipilla,13501,6,2020-08-10
Metropolitana de Santiago,13,Melipilla,13501,5,2020-08-11
Metropolitana de Santiago,13,Melipilla,13501,2,2020-08-13
Metropolitana de Santiago,13,Melipilla,13501,4,2020-08-14
Metropolitana de Santiago,13,Melipilla,13501,1,2020-08-16
Metropolitana de Santiago,13,Melipilla,13501,6,2020-08-17
Metropolitana de Santiago,13,Melipilla,13501,3,2020-08-18
Metropolitana de Santiago,13,Melipilla,13501,4,2020-08-19
Metropolitana de Santiago,13,Melipilla,13501,4,2020-08-20
Metropolitana de Santiago,13,Melipilla,13501,1,2020-08-21
Metropolitana de Santiago,13,Melipilla,13501,6,2020-08-24
Metropolitana de Santiago,13,Melipilla,13501,6,2020-08-25
Metropolitana de Santiago,13,Melipilla,13501,4,2020-08-26
Metropolitana de Santiago,13,Melipilla,13501,5,2020-08-27
Metropolitana de Santiago,13,Melipilla,13501,2,2020-08-28
Metropolitana de Santiago,13,Melipilla,13501,1,2020-08-30
Metropolitana de Santiago,13,Melipilla,13501,7,2020-08-31
Metropolitana de Santiago,13,Melipilla,13501,4,2020-09-01
Metropolitana de Santiago,13,Melipilla,13501,1,2020-09-02
Metropolitana de Santiago,13,Melipilla,13501,2,2020-09-03
Metropolitana de Santiago,13,Melipilla,13501,4,2020-09-04
Metropolitana de Santiago,13,Melipilla,13501,6,2020-09-07
Metropolitana de Santiago,13,Melipilla,13501,2,2020-09-08
Metropolitana de Santiago,13,Melipilla,13501,5,2020-09-09
Metropolitana de Santiago,13,Melipilla,13501,3,2020-09-10
Metropolitana de Santiago,13,Melipilla,13501,5,2020-09-11
Metropolitana de Santiago,13,Melipilla,13501,5,2020-09-14
Metropolitana de Santiago,13,Melipilla,13501,4,2020-09-15
Metropolitana de Santiago,13,Melipilla,13501,2,2020-09-16
Metropolitana de Santiago,13,Melipilla,13501,3,2020-09-17
Metropolitana de Santiago,13,Melipilla,13501,5,2020-09-21
Metropolitana de Santiago,13,Melipilla,13501,9,2020-09-22
Metropolitana de Santiago,13,Melipilla,13501,4,2020-09-23
Metropolitana de Santiago,13,Melipilla,13501,2,2020-09-24
Metropolitana de Santiago,13,Melipilla,13501,3,2020-09-25
Metropolitana de Santiago,13,Melipilla,13501,3,2020-09-28
Metropolitana de Santiago,13,Melipilla,13501,2,2020-09-29
Metropolitana de Santiago,13,Melipilla,13501,4,2020-09-30
Metropolitana de Santiago,13,Melipilla,13501,4,2020-10-01
Metropolitana de Santiago,13,Melipilla,13501,6,2020-10-02
Metropolitana de Santiago,13,Melipilla,13501,6,2020-10-05
Metropolitana de Santiago,13,Melipilla,13501,3,2020-10-06
Metropolitana de Santiago,13,Melipilla,13501,1,2020-10-07
Metropolitana de Santiago,13,Melipilla,13501,1,2020-10-08
Metropolitana de Santiago,13,Melipilla,13501,3,2020-10-09
Metropolitana de Santiago,13,Melipilla,13501,1,2020-10-11
Metropolitana de Santiago,13,Melipilla,13501,11,2020-10-13
Metropolitana de Santiago,13,Melipilla,13501,2,2020-10-14
Metropolitana de Santiago,13,Melipilla,13501,2,2020-10-15
Metropolitana de Santiago,13,Melipilla,13501,2,2020-10-16
Metropolitana de Santiago,13,Melipilla,13501,5,2020-10-19
Metropolitana de Santiago,13,Melipilla,13501,4,2020-10-20
Metropolitana de Santiago,13,Melipilla,13501,5,2020-10-21
Metropolitana de Santiago,13,Melipilla,13501,5,2020-10-22
Metropolitana de Santiago,13,Melipilla,13501,3,2020-10-23
Metropolitana de Santiago,13,Melipilla,13501,9,2020-10-26
Metropolitana de Santiago,13,Melipilla,13501,2,2020-10-27
Metropolitana de Santiago,13,Melipilla,13501,1,2020-10-28
Metropolitana de Santiago,13,Melipilla,13501,2,2020-10-29
Metropolitana de Santiago,13,Melipilla,13501,3,2020-11-01
Metropolitana de Santiago,13,Melipilla,13501,4,2020-11-02
Metropolitana de Santiago,13,Melipilla,13501,3,2020-11-03
Metropolitana de Santiago,13,Melipilla,13501,2,2020-11-04
Metropolitana de Santiago,13,Melipilla,13501,4,2020-11-05
Metropolitana de Santiago,13,Melipilla,13501,4,2020-11-06
Metropolitana de Santiago,13,Melipilla,13501,1,2020-11-07
Metropolitana de Santiago,13,Melipilla,13501,1,2020-11-08
Metropolitana de Santiago,13,Melipilla,13501,9,2020-11-09
Metropolitana de Santiago,13,Melipilla,13501,3,2020-11-10
Metropolitana de Santiago,13,Melipilla,13501,3,2020-11-11
Metropolitana de Santiago,13,Melipilla,13501,1,2020-11-12
Metropolitana de Santiago,13,Melipilla,13501,2,2020-11-13
Metropolitana de Santiago,13,Melipilla,13501,1,2020-11-14
Metropolitana de Santiago,13,Melipilla,13501,8,2020-11-16
Metropolitana de Santiago,13,Melipilla,13501,5,2020-11-17
Metropolitana de Santiago,13,Melipilla,13501,3,2020-11-19
Metropolitana de Santiago,13,Melipilla,13501,3,2020-11-20
Metropolitana de Santiago,13,Melipilla,13501,2,2020-11-21
Metropolitana de Santiago,13,Melipilla,13501,1,2020-11-22
Metropolitana de Santiago,13,Melipilla,13501,10,2020-11-23
Metropolitana de Santiago,13,Melipilla,13501,4,2020-11-24
Metropolitana de Santiago,13,Melipilla,13501,3,2020-11-25
Metropolitana de Santiago,13,Melipilla,13501,3,2020-11-26
Metropolitana de Santiago,13,Melipilla,13501,3,2020-11-27
Metropolitana de Santiago,13,Melipilla,13501,4,2020-11-30
Metropolitana de Santiago,13,Melipilla,13501,2,2020-12-01
Metropolitana de Santiago,13,Melipilla,13501,2,2020-12-02
Metropolitana de Santiago,13,Melipilla,13501,1,2020-12-03
Metropolitana de Santiago,13,Melipilla,13501,2,2020-12-04
Metropolitana de Santiago,13,Melipilla,13501,2,2020-12-05
Metropolitana de Santiago,13,Melipilla,13501,11,2020-12-07
Metropolitana de Santiago,13,Melipilla,13501,3,2020-12-09
Metropolitana de Santiago,13,Melipilla,13501,3,2020-12-10
Metropolitana de Santiago,13,Melipilla,13501,2,2020-12-11
Metropolitana de Santiago,13,Melipilla,13501,5,2020-12-14
Metropolitana de Santiago,13,Melipilla,13501,1,2020-12-15
Metropolitana de Santiago,13,Melipilla,13501,5,2020-12-17
Metropolitana de Santiago,13,Melipilla,13501,1,2020-12-19
Metropolitana de Santiago,13,Melipilla,13501,1,2020-12-20
Metropolitana de Santiago,13,Melipilla,13501,6,2020-12-21
Metropolitana de Santiago,13,Melipilla,13501,1,2020-12-22
Metropolitana de Santiago,13,Melipilla,13501,1,2020-12-23
Metropolitana de Santiago,13,Melipilla,13501,4,2020-12-24
Metropolitana de Santiago,13,Melipilla,13501,1,2020-12-27
Metropolitana de Santiago,13,Melipilla,13501,3,2020-12-28
Metropolitana de Santiago,13,Melipilla,13501,5,2020-12-29
Metropolitana de Santiago,13,Melipilla,13501,3,2020-12-30
Metropolitana de Santiago,13,Melipilla,13501,5,2020-12-31
Metropolitana de Santiago,13,Melipilla,13501,2,2021-01-02
Metropolitana de Santiago,13,Melipilla,13501,3,2021-01-03
Metropolitana de Santiago,13,Melipilla,13501,7,2021-01-04
Metropolitana de Santiago,13,Melipilla,13501,7,2021-01-05
Metropolitana de Santiago,13,Melipilla,13501,2,2021-01-06
Metropolitana de Santiago,13,Melipilla,13501,4,2021-01-07
Metropolitana de Santiago,13,Melipilla,13501,6,2021-01-08
Metropolitana de Santiago,13,Melipilla,13501,2,2021-01-11
Metropolitana de Santiago,13,Melipilla,13501,1,2021-01-12
Metropolitana de Santiago,13,Melipilla,13501,1,2021-01-13
Metropolitana de Santiago,13,Melipilla,13501,2,2021-01-14
Metropolitana de Santiago,13,Alhué,13502,1,2020-01-28
Metropolitana de Santiago,13,Alhué,13502,1,2020-02-03
Metropolitana de Santiago,13,Alhué,13502,1,2020-02-14
Metropolitana de Santiago,13,Alhué,13502,1,2020-02-20
Metropolitana de Santiago,13,Alhué,13502,1,2020-03-06
Metropolitana de Santiago,13,Alhué,13502,1,2020-03-11
Metropolitana de Santiago,13,Alhué,13502,1,2020-03-13
Metropolitana de Santiago,13,Alhué,13502,1,2020-03-23
Metropolitana de Santiago,13,Alhué,13502,1,2020-03-24
Metropolitana de Santiago,13,Alhué,13502,1,2020-04-21
Metropolitana de Santiago,13,Alhué,13502,1,2020-05-22
Metropolitana de Santiago,13,Alhué,13502,2,2020-06-19
Metropolitana de Santiago,13,Alhué,13502,1,2020-06-30
Metropolitana de Santiago,13,Alhué,13502,1,2020-07-10
Metropolitana de Santiago,13,Alhué,13502,1,2020-07-23
Metropolitana de Santiago,13,Alhué,13502,1,2020-08-07
Metropolitana de Santiago,13,Alhué,13502,1,2020-08-20
Metropolitana de Santiago,13,Alhué,13502,1,2020-08-31
Metropolitana de Santiago,13,Alhué,13502,1,2020-09-09
Metropolitana de Santiago,13,Alhué,13502,1,2020-10-09
Metropolitana de Santiago,13,Alhué,13502,1,2020-12-09
Metropolitana de Santiago,13,Alhué,13502,1,2020-12-17
Metropolitana de Santiago,13,Alhué,13502,1,2020-12-21
Metropolitana de Santiago,13,Alhué,13502,1,2020-12-30
Metropolitana de Santiago,13,Curacaví,13503,2,2020-01-07
Metropolitana de Santiago,13,Curacaví,13503,1,2020-01-09
Metropolitana de Santiago,13,Curacaví,13503,1,2020-01-11
Metropolitana de Santiago,13,Curacaví,13503,1,2020-01-16
Metropolitana de Santiago,13,Curacaví,13503,1,2020-01-18
Metropolitana de Santiago,13,Curacaví,13503,1,2020-01-20
Metropolitana de Santiago,13,Curacaví,13503,1,2020-01-26
Metropolitana de Santiago,13,Curacaví,13503,1,2020-01-28
Metropolitana de Santiago,13,Curacaví,13503,1,2020-02-03
Metropolitana de Santiago,13,Curacaví,13503,1,2020-02-10
Metropolitana de Santiago,13,Curacaví,13503,1,2020-02-11
Metropolitana de Santiago,13,Curacaví,13503,2,2020-02-13
Metropolitana de Santiago,13,Curacaví,13503,1,2020-02-14
Metropolitana de Santiago,13,Curacaví,13503,5,2020-02-17
Metropolitana de Santiago,13,Curacaví,13503,1,2020-02-21
Metropolitana de Santiago,13,Curacaví,13503,1,2020-03-02
Metropolitana de Santiago,13,Curacaví,13503,1,2020-03-03
Metropolitana de Santiago,13,Curacaví,13503,1,2020-03-05
Metropolitana de Santiago,13,Curacaví,13503,2,2020-03-11
Metropolitana de Santiago,13,Curacaví,13503,1,2020-03-12
Metropolitana de Santiago,13,Curacaví,13503,2,2020-03-16
Metropolitana de Santiago,13,Curacaví,13503,1,2020-03-19
Metropolitana de Santiago,13,Curacaví,13503,2,2020-03-20
Metropolitana de Santiago,13,Curacaví,13503,1,2020-03-27
Metropolitana de Santiago,13,Curacaví,13503,1,2020-03-30
Metropolitana de Santiago,13,Curacaví,13503,1,2020-03-31
Metropolitana de Santiago,13,Curacaví,13503,1,2020-04-03
Metropolitana de Santiago,13,Curacaví,13503,1,2020-04-06
Metropolitana de Santiago,13,Curacaví,13503,1,2020-04-09
Metropolitana de Santiago,13,Curacaví,13503,1,2020-04-16
Metropolitana de Santiago,13,Curacaví,13503,1,2020-04-20
Metropolitana de Santiago,13,Curacaví,13503,1,2020-04-21
Metropolitana de Santiago,13,Curacaví,13503,1,2020-04-23
Metropolitana de Santiago,13,Curacaví,13503,1,2020-04-24
Metropolitana de Santiago,13,Curacaví,13503,1,2020-04-28
Metropolitana de Santiago,13,Curacaví,13503,1,2020-04-29
Metropolitana de Santiago,13,Curacaví,13503,1,2020-04-30
Metropolitana de Santiago,13,Curacaví,13503,1,2020-05-07
Metropolitana de Santiago,13,Curacaví,13503,3,2020-05-11
Metropolitana de Santiago,13,Curacaví,13503,1,2020-05-13
Metropolitana de Santiago,13,Curacaví,13503,1,2020-05-15
Metropolitana de Santiago,13,Curacaví,13503,1,2020-05-19
Metropolitana de Santiago,13,Curacaví,13503,3,2020-05-25
Metropolitana de Santiago,13,Curacaví,13503,1,2020-05-26
Metropolitana de Santiago,13,Curacaví,13503,1,2020-05-28
Metropolitana de Santiago,13,Curacaví,13503,3,2020-05-29
Metropolitana de Santiago,13,Curacaví,13503,2,2020-06-01
Metropolitana de Santiago,13,Curacaví,13503,2,2020-06-03
Metropolitana de Santiago,13,Curacaví,13503,3,2020-06-04
Metropolitana de Santiago,13,Curacaví,13503,1,2020-06-05
Metropolitana de Santiago,13,Curacaví,13503,1,2020-06-08
Metropolitana de Santiago,13,Curacaví,13503,1,2020-06-09
Metropolitana de Santiago,13,Curacaví,13503,2,2020-06-15
Metropolitana de Santiago,13,Curacaví,13503,1,2020-06-19
Metropolitana de Santiago,13,Curacaví,13503,1,2020-06-24
Metropolitana de Santiago,13,Curacaví,13503,2,2020-06-26
Metropolitana de Santiago,13,Curacaví,13503,2,2020-07-01
Metropolitana de Santiago,13,Curacaví,13503,1,2020-07-06
Metropolitana de Santiago,13,Curacaví,13503,1,2020-07-07
Metropolitana de Santiago,13,Curacaví,13503,2,2020-07-10
Metropolitana de Santiago,13,Curacaví,13503,1,2020-07-11
Metropolitana de Santiago,13,Curacaví,13503,1,2020-07-14
Metropolitana de Santiago,13,Curacaví,13503,2,2020-07-20
Metropolitana de Santiago,13,Curacaví,13503,2,2020-07-21
Metropolitana de Santiago,13,Curacaví,13503,1,2020-07-22
Metropolitana de Santiago,13,Curacaví,13503,1,2020-07-23
Metropolitana de Santiago,13,Curacaví,13503,1,2020-07-29
Metropolitana de Santiago,13,Curacaví,13503,1,2020-07-30
Metropolitana de Santiago,13,Curacaví,13503,1,2020-08-03
Metropolitana de Santiago,13,Curacaví,13503,1,2020-08-05
Metropolitana de Santiago,13,Curacaví,13503,2,2020-08-12
Metropolitana de Santiago,13,Curacaví,13503,2,2020-08-19
Metropolitana de Santiago,13,Curacaví,13503,1,2020-08-20
Metropolitana de Santiago,13,Curacaví,13503,1,2020-08-21
Metropolitana de Santiago,13,Curacaví,13503,1,2020-08-22
Metropolitana de Santiago,13,Curacaví,13503,4,2020-08-24
Metropolitana de Santiago,13,Curacaví,13503,1,2020-08-28
Metropolitana de Santiago,13,Curacaví,13503,1,2020-08-31
Metropolitana de Santiago,13,Curacaví,13503,1,2020-09-01
Metropolitana de Santiago,13,Curacaví,13503,1,2020-09-07
Metropolitana de Santiago,13,Curacaví,13503,1,2020-09-11
Metropolitana de Santiago,13,Curacaví,13503,2,2020-09-18
Metropolitana de Santiago,13,Curacaví,13503,1,2020-09-19
Metropolitana de Santiago,13,Curacaví,13503,1,2020-09-27
Metropolitana de Santiago,13,Curacaví,13503,1,2020-09-29
Metropolitana de Santiago,13,Curacaví,13503,1,2020-10-13
Metropolitana de Santiago,13,Curacaví,13503,1,2020-10-16
Metropolitana de Santiago,13,Curacaví,13503,1,2020-10-26
Metropolitana de Santiago,13,Curacaví,13503,1,2020-11-02
Metropolitana de Santiago,13,Curacaví,13503,1,2020-11-04
Metropolitana de Santiago,13,Curacaví,13503,1,2020-11-06
Metropolitana de Santiago,13,Curacaví,13503,1,2020-11-09
Metropolitana de Santiago,13,Curacaví,13503,1,2020-11-10
Metropolitana de Santiago,13,Curacaví,13503,1,2020-11-11
Metropolitana de Santiago,13,Curacaví,13503,1,2020-11-17
Metropolitana de Santiago,13,Curacaví,13503,2,2020-11-18
Metropolitana de Santiago,13,Curacaví,13503,1,2020-11-19
Metropolitana de Santiago,13,Curacaví,13503,1,2020-11-25
Metropolitana de Santiago,13,Curacaví,13503,1,2020-11-28
Metropolitana de Santiago,13,Curacaví,13503,1,2020-12-05
Metropolitana de Santiago,13,Curacaví,13503,1,2020-12-07
Metropolitana de Santiago,13,Curacaví,13503,1,2020-12-10
Metropolitana de Santiago,13,Curacaví,13503,1,2020-12-12
Metropolitana de Santiago,13,Curacaví,13503,1,2020-12-14
Metropolitana de Santiago,13,Curacaví,13503,2,2020-12-15
Metropolitana de Santiago,13,Curacaví,13503,1,2020-12-18
Metropolitana de Santiago,13,Curacaví,13503,2,2020-12-27
Metropolitana de Santiago,13,Curacaví,13503,2,2020-12-28
Metropolitana de Santiago,13,Curacaví,13503,1,2020-12-29
Metropolitana de Santiago,13,Curacaví,13503,2,2021-01-02
Metropolitana de Santiago,13,Curacaví,13503,1,2021-01-04
Metropolitana de Santiago,13,Curacaví,13503,1,2021-01-07
Metropolitana de Santiago,13,Curacaví,13503,1,2021-01-09
Metropolitana de Santiago,13,Curacaví,13503,1,2021-01-11
Metropolitana de Santiago,13,Curacaví,13503,1,2021-01-13
Metropolitana de Santiago,13,María Pinto,13504,1,2020-01-02
Metropolitana de Santiago,13,María Pinto,13504,1,2020-01-06
Metropolitana de Santiago,13,María Pinto,13504,1,2020-02-09
Metropolitana de Santiago,13,María Pinto,13504,1,2020-02-24
Metropolitana de Santiago,13,María Pinto,13504,1,2020-03-05
Metropolitana de Santiago,13,María Pinto,13504,1,2020-03-08
Metropolitana de Santiago,13,María Pinto,13504,1,2020-04-13
Metropolitana de Santiago,13,María Pinto,13504,2,2020-04-14
Metropolitana de Santiago,13,María Pinto,13504,1,2020-04-28
Metropolitana de Santiago,13,María Pinto,13504,1,2020-04-29
Metropolitana de Santiago,13,María Pinto,13504,1,2020-05-05
Metropolitana de Santiago,13,María Pinto,13504,1,2020-05-13
Metropolitana de Santiago,13,María Pinto,13504,1,2020-05-18
Metropolitana de Santiago,13,María Pinto,13504,1,2020-05-27
Metropolitana de Santiago,13,María Pinto,13504,1,2020-05-28
Metropolitana de Santiago,13,María Pinto,13504,1,2020-06-08
Metropolitana de Santiago,13,María Pinto,13504,1,2020-06-09
Metropolitana de Santiago,13,María Pinto,13504,1,2020-06-23
Metropolitana de Santiago,13,María Pinto,13504,1,2020-06-24
Metropolitana de Santiago,13,María Pinto,13504,1,2020-06-27
Metropolitana de Santiago,13,María Pinto,13504,0,2020-06-29
Metropolitana de Santiago,13,María Pinto,13504,1,2020-07-06
Metropolitana de Santiago,13,María Pinto,13504,1,2020-07-15
Metropolitana de Santiago,13,María Pinto,13504,2,2020-07-27
Metropolitana de Santiago,13,María Pinto,13504,2,2020-08-07
Metropolitana de Santiago,13,María Pinto,13504,1,2020-08-31
Metropolitana de Santiago,13,María Pinto,13504,1,2020-09-07
Metropolitana de Santiago,13,María Pinto,13504,1,2020-09-23
Metropolitana de Santiago,13,María Pinto,13504,1,2020-09-26
Metropolitana de Santiago,13,María Pinto,13504,1,2020-10-08
Metropolitana de Santiago,13,María Pinto,13504,1,2020-10-20
Metropolitana de Santiago,13,María Pinto,13504,1,2020-10-31
Metropolitana de Santiago,13,María Pinto,13504,1,2020-11-05
Metropolitana de Santiago,13,María Pinto,13504,1,2020-11-09
Metropolitana de Santiago,13,María Pinto,13504,1,2020-11-12
Metropolitana de Santiago,13,María Pinto,13504,1,2020-11-13
Metropolitana de Santiago,13,María Pinto,13504,1,2020-11-15
Metropolitana de Santiago,13,María Pinto,13504,1,2020-11-16
Metropolitana de Santiago,13,María Pinto,13504,1,2020-11-27
Metropolitana de Santiago,13,María Pinto,13504,1,2020-12-03
Metropolitana de Santiago,13,María Pinto,13504,1,2020-12-08
Metropolitana de Santiago,13,María Pinto,13504,2,2020-12-11
Metropolitana de Santiago,13,María Pinto,13504,1,2020-12-21
Metropolitana de Santiago,13,María Pinto,13504,1,2020-12-28
Metropolitana de Santiago,13,San Pedro,13505,3,2020-01-20
Metropolitana de Santiago,13,San Pedro,13505,1,2020-03-13
Metropolitana de Santiago,13,San Pedro,13505,1,2020-03-16
Metropolitana de Santiago,13,San Pedro,13505,1,2020-03-30
Metropolitana de Santiago,13,San Pedro,13505,1,2020-04-01
Metropolitana de Santiago,13,San Pedro,13505,1,2020-04-13
Metropolitana de Santiago,13,San Pedro,13505,1,2020-04-24
Metropolitana de Santiago,13,San Pedro,13505,1,2020-05-07
Metropolitana de Santiago,13,San Pedro,13505,1,2020-05-18
Metropolitana de Santiago,13,San Pedro,13505,1,2020-05-25
Metropolitana de Santiago,13,San Pedro,13505,1,2020-06-05
Metropolitana de Santiago,13,San Pedro,13505,1,2020-06-19
Metropolitana de Santiago,13,San Pedro,13505,1,2020-07-08
Metropolitana de Santiago,13,San Pedro,13505,1,2020-07-13
Metropolitana de Santiago,13,San Pedro,13505,1,2020-07-17
Metropolitana de Santiago,13,San Pedro,13505,1,2020-07-20
Metropolitana de Santiago,13,San Pedro,13505,1,2020-07-23
Metropolitana de Santiago,13,San Pedro,13505,1,2020-07-31
Metropolitana de Santiago,13,San Pedro,13505,2,2020-08-06
Metropolitana de Santiago,13,San Pedro,13505,1,2020-08-10
Metropolitana de Santiago,13,San Pedro,13505,1,2020-08-31
Metropolitana de Santiago,13,San Pedro,13505,1,2020-09-07
Metropolitana de Santiago,13,San Pedro,13505,1,2020-09-23
Metropolitana de Santiago,13,San Pedro,13505,1,2020-09-28
Metropolitana de Santiago,13,San Pedro,13505,1,2020-10-02
Metropolitana de Santiago,13,San Pedro,13505,1,2020-10-09
Metropolitana de Santiago,13,San Pedro,13505,1,2020-10-14
Metropolitana de Santiago,13,San Pedro,13505,1,2020-11-10
Metropolitana de Santiago,13,San Pedro,13505,1,2020-11-11
Metropolitana de Santiago,13,San Pedro,13505,2,2020-12-02
Metropolitana de Santiago,13,San Pedro,13505,1,2020-12-09
Metropolitana de Santiago,13,San Pedro,13505,1,2020-12-10
Metropolitana de Santiago,13,San Pedro,13505,1,2020-12-14
Metropolitana de Santiago,13,San Pedro,13505,1,2020-12-15
Metropolitana de Santiago,13,San Pedro,13505,2,2020-12-16
Metropolitana de Santiago,13,San Pedro,13505,1,2021-01-04
Metropolitana de Santiago,13,San Pedro,13505,1,2021-01-13
Metropolitana de Santiago,13,Talagante,13601,2,2020-01-02
Metropolitana de Santiago,13,Talagante,13601,1,2020-01-03
Metropolitana de Santiago,13,Talagante,13601,1,2020-01-05
Metropolitana de Santiago,13,Talagante,13601,1,2020-01-06
Metropolitana de Santiago,13,Talagante,13601,2,2020-01-07
Metropolitana de Santiago,13,Talagante,13601,1,2020-01-09
Metropolitana de Santiago,13,Talagante,13601,3,2020-01-10
Metropolitana de Santiago,13,Talagante,13601,3,2020-01-13
Metropolitana de Santiago,13,Talagante,13601,1,2020-01-15
Metropolitana de Santiago,13,Talagante,13601,1,2020-01-16
Metropolitana de Santiago,13,Talagante,13601,3,2020-01-19
Metropolitana de Santiago,13,Talagante,13601,2,2020-01-20
Metropolitana de Santiago,13,Talagante,13601,3,2020-01-24
Metropolitana de Santiago,13,Talagante,13601,2,2020-01-27
Metropolitana de Santiago,13,Talagante,13601,2,2020-01-28
Metropolitana de Santiago,13,Talagante,13601,2,2020-01-30
Metropolitana de Santiago,13,Talagante,13601,3,2020-01-31
Metropolitana de Santiago,13,Talagante,13601,1,2020-02-01
Metropolitana de Santiago,13,Talagante,13601,2,2020-02-03
Metropolitana de Santiago,13,Talagante,13601,5,2020-02-05
Metropolitana de Santiago,13,Talagante,13601,1,2020-02-06
Metropolitana de Santiago,13,Talagante,13601,3,2020-02-07
Metropolitana de Santiago,13,Talagante,13601,2,2020-02-10
Metropolitana de Santiago,13,Talagante,13601,1,2020-02-12
Metropolitana de Santiago,13,Talagante,13601,2,2020-02-13
Metropolitana de Santiago,13,Talagante,13601,1,2020-02-14
Metropolitana de Santiago,13,Talagante,13601,1,2020-02-15
Metropolitana de Santiago,13,Talagante,13601,2,2020-02-16
Metropolitana de Santiago,13,Talagante,13601,2,2020-02-17
Metropolitana de Santiago,13,Talagante,13601,1,2020-02-19
Metropolitana de Santiago,13,Talagante,13601,1,2020-02-20
Metropolitana de Santiago,13,Talagante,13601,2,2020-02-21
Metropolitana de Santiago,13,Talagante,13601,1,2020-02-25
Metropolitana de Santiago,13,Talagante,13601,2,2020-02-26
Metropolitana de Santiago,13,Talagante,13601,5,2020-02-27
Metropolitana de Santiago,13,Talagante,13601,1,2020-02-28
Metropolitana de Santiago,13,Talagante,13601,3,2020-03-02
Metropolitana de Santiago,13,Talagante,13601,1,2020-03-03
Metropolitana de Santiago,13,Talagante,13601,3,2020-03-04
Metropolitana de Santiago,13,Talagante,13601,2,2020-03-05
Metropolitana de Santiago,13,Talagante,13601,3,2020-03-06
Metropolitana de Santiago,13,Talagante,13601,1,2020-03-08
Metropolitana de Santiago,13,Talagante,13601,2,2020-03-09
Metropolitana de Santiago,13,Talagante,13601,2,2020-03-12
Metropolitana de Santiago,13,Talagante,13601,2,2020-03-15
Metropolitana de Santiago,13,Talagante,13601,3,2020-03-16
Metropolitana de Santiago,13,Talagante,13601,3,2020-03-17
Metropolitana de Santiago,13,Talagante,13601,1,2020-03-18
Metropolitana de Santiago,13,Talagante,13601,3,2020-03-20
Metropolitana de Santiago,13,Talagante,13601,1,2020-03-21
Metropolitana de Santiago,13,Talagante,13601,3,2020-03-23
Metropolitana de Santiago,13,Talagante,13601,1,2020-03-24
Metropolitana de Santiago,13,Talagante,13601,2,2020-03-25
Metropolitana de Santiago,13,Talagante,13601,1,2020-03-26
Metropolitana de Santiago,13,Talagante,13601,2,2020-03-30
Metropolitana de Santiago,13,Talagante,13601,2,2020-03-31
Metropolitana de Santiago,13,Talagante,13601,1,2020-04-01
Metropolitana de Santiago,13,Talagante,13601,4,2020-04-02
Metropolitana de Santiago,13,Talagante,13601,1,2020-04-03
Metropolitana de Santiago,13,Talagante,13601,1,2020-04-05
Metropolitana de Santiago,13,Talagante,13601,5,2020-04-06
Metropolitana de Santiago,13,Talagante,13601,2,2020-04-08
Metropolitana de Santiago,13,Talagante,13601,3,2020-04-09
Metropolitana de Santiago,13,Talagante,13601,1,2020-04-11
Metropolitana de Santiago,13,Talagante,13601,4,2020-04-12
Metropolitana de Santiago,13,Talagante,13601,4,2020-04-13
Metropolitana de Santiago,13,Talagante,13601,2,2020-04-15
Metropolitana de Santiago,13,Talagante,13601,2,2020-04-16
Metropolitana de Santiago,13,Talagante,13601,1,2020-04-17
Metropolitana de Santiago,13,Talagante,13601,1,2020-04-20
Metropolitana de Santiago,13,Talagante,13601,2,2020-04-21
Metropolitana de Santiago,13,Talagante,13601,3,2020-04-24
Metropolitana de Santiago,13,Talagante,13601,1,2020-04-25
Metropolitana de Santiago,13,Talagante,13601,5,2020-04-27
Metropolitana de Santiago,13,Talagante,13601,1,2020-04-28
Metropolitana de Santiago,13,Talagante,13601,1,2020-04-29
Metropolitana de Santiago,13,Talagante,13601,2,2020-05-02
Metropolitana de Santiago,13,Talagante,13601,2,2020-05-04
Metropolitana de Santiago,13,Talagante,13601,1,2020-05-05
Metropolitana de Santiago,13,Talagante,13601,3,2020-05-06
Metropolitana de Santiago,13,Talagante,13601,1,2020-05-07
Metropolitana de Santiago,13,Talagante,13601,1,2020-05-08
Metropolitana de Santiago,13,Talagante,13601,1,2020-05-11
Metropolitana de Santiago,13,Talagante,13601,1,2020-05-12
Metropolitana de Santiago,13,Talagante,13601,1,2020-05-13
Metropolitana de Santiago,13,Talagante,13601,1,2020-05-14
Metropolitana de Santiago,13,Talagante,13601,5,2020-05-15
Metropolitana de Santiago,13,Talagante,13601,4,2020-05-18
Metropolitana de Santiago,13,Talagante,13601,5,2020-05-20
Metropolitana de Santiago,13,Talagante,13601,1,2020-05-21
Metropolitana de Santiago,13,Talagante,13601,4,2020-05-22
Metropolitana de Santiago,13,Talagante,13601,3,2020-05-24
Metropolitana de Santiago,13,Talagante,13601,7,2020-05-25
Metropolitana de Santiago,13,Talagante,13601,3,2020-05-26
Metropolitana de Santiago,13,Talagante,13601,2,2020-05-27
Metropolitana de Santiago,13,Talagante,13601,1,2020-05-29
Metropolitana de Santiago,13,Talagante,13601,2,2020-05-30
Metropolitana de Santiago,13,Talagante,13601,2,2020-05-31
Metropolitana de Santiago,13,Talagante,13601,6,2020-06-01
Metropolitana de Santiago,13,Talagante,13601,2,2020-06-02
Metropolitana de Santiago,13,Talagante,13601,2,2020-06-03
Metropolitana de Santiago,13,Talagante,13601,9,2020-06-04
Metropolitana de Santiago,13,Talagante,13601,6,2020-06-05
Metropolitana de Santiago,13,Talagante,13601,2,2020-06-07
Metropolitana de Santiago,13,Talagante,13601,7,2020-06-08
Metropolitana de Santiago,13,Talagante,13601,2,2020-06-09
Metropolitana de Santiago,13,Talagante,13601,5,2020-06-10
Metropolitana de Santiago,13,Talagante,13601,4,2020-06-11
Metropolitana de Santiago,13,Talagante,13601,8,2020-06-12
Metropolitana de Santiago,13,Talagante,13601,1,2020-06-13
Metropolitana de Santiago,13,Talagante,13601,3,2020-06-14
Metropolitana de Santiago,13,Talagante,13601,7,2020-06-15
Metropolitana de Santiago,13,Talagante,13601,8,2020-06-16
Metropolitana de Santiago,13,Talagante,13601,2,2020-06-17
Metropolitana de Santiago,13,Talagante,13601,3,2020-06-18
Metropolitana de Santiago,13,Talagante,13601,8,2020-06-19
Metropolitana de Santiago,13,Talagante,13601,1,2020-06-20
Metropolitana de Santiago,13,Talagante,13601,3,2020-06-21
Metropolitana de Santiago,13,Talagante,13601,5,2020-06-22
Metropolitana de Santiago,13,Talagante,13601,1,2020-06-23
Metropolitana de Santiago,13,Talagante,13601,4,2020-06-24
Metropolitana de Santiago,13,Talagante,13601,3,2020-06-25
Metropolitana de Santiago,13,Talagante,13601,7,2020-06-26
Metropolitana de Santiago,13,Talagante,13601,1,2020-06-27
Metropolitana de Santiago,13,Talagante,13601,5,2020-06-28
Metropolitana de Santiago,13,Talagante,13601,1,2020-06-29
Metropolitana de Santiago,13,Talagante,13601,5,2020-06-30
Metropolitana de Santiago,13,Talagante,13601,1,2020-07-01
Metropolitana de Santiago,13,Talagante,13601,2,2020-07-02
Metropolitana de Santiago,13,Talagante,13601,3,2020-07-03
Metropolitana de Santiago,13,Talagante,13601,6,2020-07-06
Metropolitana de Santiago,13,Talagante,13601,6,2020-07-07
Metropolitana de Santiago,13,Talagante,13601,3,2020-07-08
Metropolitana de Santiago,13,Talagante,13601,5,2020-07-09
Metropolitana de Santiago,13,Talagante,13601,4,2020-07-10
Metropolitana de Santiago,13,Talagante,13601,2,2020-07-13
Metropolitana de Santiago,13,Talagante,13601,4,2020-07-14
Metropolitana de Santiago,13,Talagante,13601,2,2020-07-15
Metropolitana de Santiago,13,Talagante,13601,2,2020-07-16
Metropolitana de Santiago,13,Talagante,13601,1,2020-07-18
Metropolitana de Santiago,13,Talagante,13601,4,2020-07-20
Metropolitana de Santiago,13,Talagante,13601,2,2020-07-21
Metropolitana de Santiago,13,Talagante,13601,4,2020-07-22
Metropolitana de Santiago,13,Talagante,13601,3,2020-07-23
Metropolitana de Santiago,13,Talagante,13601,4,2020-07-24
Metropolitana de Santiago,13,Talagante,13601,1,2020-07-25
Metropolitana de Santiago,13,Talagante,13601,3,2020-07-28
Metropolitana de Santiago,13,Talagante,13601,3,2020-07-30
Metropolitana de Santiago,13,Talagante,13601,1,2020-08-02
Metropolitana de Santiago,13,Talagante,13601,1,2020-08-03
Metropolitana de Santiago,13,Talagante,13601,3,2020-08-04
Metropolitana de Santiago,13,Talagante,13601,4,2020-08-05
Metropolitana de Santiago,13,Talagante,13601,2,2020-08-06
Metropolitana de Santiago,13,Talagante,13601,2,2020-08-08
Metropolitana de Santiago,13,Talagante,13601,1,2020-08-09
Metropolitana de Santiago,13,Talagante,13601,1,2020-08-10
Metropolitana de Santiago,13,Talagante,13601,1,2020-08-12
Metropolitana de Santiago,13,Talagante,13601,2,2020-08-13
Metropolitana de Santiago,13,Talagante,13601,1,2020-08-14
Metropolitana de Santiago,13,Talagante,13601,1,2020-08-15
Metropolitana de Santiago,13,Talagante,13601,6,2020-08-17
Metropolitana de Santiago,13,Talagante,13601,1,2020-08-18
Metropolitana de Santiago,13,Talagante,13601,1,2020-08-19
Metropolitana de Santiago,13,Talagante,13601,2,2020-08-20
Metropolitana de Santiago,13,Talagante,13601,2,2020-08-21
Metropolitana de Santiago,13,Talagante,13601,8,2020-08-24
Metropolitana de Santiago,13,Talagante,13601,2,2020-08-26
Metropolitana de Santiago,13,Talagante,13601,1,2020-08-27
Metropolitana de Santiago,13,Talagante,13601,1,2020-08-28
Metropolitana de Santiago,13,Talagante,13601,1,2020-08-30
Metropolitana de Santiago,13,Talagante,13601,2,2020-08-31
Metropolitana de Santiago,13,Talagante,13601,2,2020-09-01
Metropolitana de Santiago,13,Talagante,13601,1,2020-09-02
Metropolitana de Santiago,13,Talagante,13601,1,2020-09-04
Metropolitana de Santiago,13,Talagante,13601,4,2020-09-07
Metropolitana de Santiago,13,Talagante,13601,2,2020-09-08
Metropolitana de Santiago,13,Talagante,13601,1,2020-09-09
Metropolitana de Santiago,13,Talagante,13601,1,2020-09-10
Metropolitana de Santiago,13,Talagante,13601,1,2020-09-11
Metropolitana de Santiago,13,Talagante,13601,2,2020-09-12
Metropolitana de Santiago,13,Talagante,13601,3,2020-09-14
Metropolitana de Santiago,13,Talagante,13601,2,2020-09-15
Metropolitana de Santiago,13,Talagante,13601,4,2020-09-16
Metropolitana de Santiago,13,Talagante,13601,2,2020-09-17
Metropolitana de Santiago,13,Talagante,13601,1,2020-09-18
Metropolitana de Santiago,13,Talagante,13601,3,2020-09-21
Metropolitana de Santiago,13,Talagante,13601,1,2020-09-24
Metropolitana de Santiago,13,Talagante,13601,1,2020-09-25
Metropolitana de Santiago,13,Talagante,13601,1,2020-09-26
Metropolitana de Santiago,13,Talagante,13601,1,2020-09-27
Metropolitana de Santiago,13,Talagante,13601,3,2020-09-28
Metropolitana de Santiago,13,Talagante,13601,1,2020-09-29
Metropolitana de Santiago,13,Talagante,13601,3,2020-10-01
Metropolitana de Santiago,13,Talagante,13601,1,2020-10-04
Metropolitana de Santiago,13,Talagante,13601,1,2020-10-05
Metropolitana de Santiago,13,Talagante,13601,1,2020-10-06
Metropolitana de Santiago,13,Talagante,13601,3,2020-10-07
Metropolitana de Santiago,13,Talagante,13601,2,2020-10-08
Metropolitana de Santiago,13,Talagante,13601,4,2020-10-09
Metropolitana de Santiago,13,Talagante,13601,4,2020-10-11
Metropolitana de Santiago,13,Talagante,13601,1,2020-10-12
Metropolitana de Santiago,13,Talagante,13601,2,2020-10-13
Metropolitana de Santiago,13,Talagante,13601,1,2020-10-14
Metropolitana de Santiago,13,Talagante,13601,2,2020-10-15
Metropolitana de Santiago,13,Talagante,13601,1,2020-10-18
Metropolitana de Santiago,13,Talagante,13601,2,2020-10-19
Metropolitana de Santiago,13,Talagante,13601,1,2020-10-20
Metropolitana de Santiago,13,Talagante,13601,1,2020-10-21
Metropolitana de Santiago,13,Talagante,13601,1,2020-10-24
Metropolitana de Santiago,13,Talagante,13601,2,2020-10-25
Metropolitana de Santiago,13,Talagante,13601,5,2020-10-26
Metropolitana de Santiago,13,Talagante,13601,1,2020-10-27
Metropolitana de Santiago,13,Talagante,13601,2,2020-10-28
Metropolitana de Santiago,13,Talagante,13601,1,2020-10-31
Metropolitana de Santiago,13,Talagante,13601,1,2020-11-01
Metropolitana de Santiago,13,Talagante,13601,1,2020-11-02
Metropolitana de Santiago,13,Talagante,13601,3,2020-11-03
Metropolitana de Santiago,13,Talagante,13601,3,2020-11-04
Metropolitana de Santiago,13,Talagante,13601,2,2020-11-05
Metropolitana de Santiago,13,Talagante,13601,6,2020-11-09
Metropolitana de Santiago,13,Talagante,13601,1,2020-11-10
Metropolitana de Santiago,13,Talagante,13601,2,2020-11-11
Metropolitana de Santiago,13,Talagante,13601,2,2020-11-12
Metropolitana de Santiago,13,Talagante,13601,4,2020-11-13
Metropolitana de Santiago,13,Talagante,13601,1,2020-11-14
Metropolitana de Santiago,13,Talagante,13601,1,2020-11-18
Metropolitana de Santiago,13,Talagante,13601,1,2020-11-21
Metropolitana de Santiago,13,Talagante,13601,2,2020-11-23
Metropolitana de Santiago,13,Talagante,13601,1,2020-11-24
Metropolitana de Santiago,13,Talagante,13601,2,2020-11-26
Metropolitana de Santiago,13,Talagante,13601,2,2020-11-27
Metropolitana de Santiago,13,Talagante,13601,1,2020-11-28
Metropolitana de Santiago,13,Talagante,13601,2,2020-11-30
Metropolitana de Santiago,13,Talagante,13601,3,2020-12-03
Metropolitana de Santiago,13,Talagante,13601,2,2020-12-04
Metropolitana de Santiago,13,Talagante,13601,3,2020-12-07
Metropolitana de Santiago,13,Talagante,13601,1,2020-12-09
Metropolitana de Santiago,13,Talagante,13601,2,2020-12-10
Metropolitana de Santiago,13,Talagante,13601,5,2020-12-14
Metropolitana de Santiago,13,Talagante,13601,1,2020-12-15
Metropolitana de Santiago,13,Talagante,13601,1,2020-12-16
Metropolitana de Santiago,13,Talagante,13601,2,2020-12-17
Metropolitana de Santiago,13,Talagante,13601,1,2020-12-20
Metropolitana de Santiago,13,Talagante,13601,2,2020-12-21
Metropolitana de Santiago,13,Talagante,13601,1,2020-12-24
Metropolitana de Santiago,13,Talagante,13601,3,2020-12-26
Metropolitana de Santiago,13,Talagante,13601,1,2020-12-28
Metropolitana de Santiago,13,Talagante,13601,4,2020-12-29
Metropolitana de Santiago,13,Talagante,13601,1,2020-12-30
Metropolitana de Santiago,13,Talagante,13601,1,2021-01-03
Metropolitana de Santiago,13,Talagante,13601,3,2021-01-04
Metropolitana de Santiago,13,Talagante,13601,4,2021-01-05
Metropolitana de Santiago,13,Talagante,13601,1,2021-01-06
Metropolitana de Santiago,13,Talagante,13601,4,2021-01-07
Metropolitana de Santiago,13,Talagante,13601,1,2021-01-10
Metropolitana de Santiago,13,Talagante,13601,5,2021-01-11
Metropolitana de Santiago,13,Talagante,13601,1,2021-01-12
Metropolitana de Santiago,13,Talagante,13601,1,2021-01-13
Metropolitana de Santiago,13,El Monte,13602,1,2020-01-16
Metropolitana de Santiago,13,El Monte,13602,1,2020-01-22
Metropolitana de Santiago,13,El Monte,13602,1,2020-01-23
Metropolitana de Santiago,13,El Monte,13602,1,2020-01-24
Metropolitana de Santiago,13,El Monte,13602,2,2020-01-30
Metropolitana de Santiago,13,El Monte,13602,1,2020-02-09
Metropolitana de Santiago,13,El Monte,13602,1,2020-02-12
Metropolitana de Santiago,13,El Monte,13602,1,2020-02-16
Metropolitana de Santiago,13,El Monte,13602,2,2020-02-18
Metropolitana de Santiago,13,El Monte,13602,1,2020-02-20
Metropolitana de Santiago,13,El Monte,13602,1,2020-03-09
Metropolitana de Santiago,13,El Monte,13602,1,2020-03-12
Metropolitana de Santiago,13,El Monte,13602,1,2020-03-16
Metropolitana de Santiago,13,El Monte,13602,1,2020-03-18
Metropolitana de Santiago,13,El Monte,13602,1,2020-03-31
Metropolitana de Santiago,13,El Monte,13602,1,2020-04-15
Metropolitana de Santiago,13,El Monte,13602,1,2020-04-16
Metropolitana de Santiago,13,El Monte,13602,1,2020-04-30
Metropolitana de Santiago,13,El Monte,13602,2,2020-05-02
Metropolitana de Santiago,13,El Monte,13602,1,2020-05-04
Metropolitana de Santiago,13,El Monte,13602,1,2020-05-05
Metropolitana de Santiago,13,El Monte,13602,1,2020-05-06
Metropolitana de Santiago,13,El Monte,13602,1,2020-05-08
Metropolitana de Santiago,13,El Monte,13602,1,2020-05-11
Metropolitana de Santiago,13,El Monte,13602,1,2020-05-14
Metropolitana de Santiago,13,El Monte,13602,1,2020-05-15
Metropolitana de Santiago,13,El Monte,13602,1,2020-05-16
Metropolitana de Santiago,13,El Monte,13602,1,2020-05-19
Metropolitana de Santiago,13,El Monte,13602,2,2020-05-22
Metropolitana de Santiago,13,El Monte,13602,1,2020-05-31
Metropolitana de Santiago,13,El Monte,13602,1,2020-06-01
Metropolitana de Santiago,13,El Monte,13602,1,2020-06-04
Metropolitana de Santiago,13,El Monte,13602,1,2020-06-05
Metropolitana de Santiago,13,El Monte,13602,1,2020-06-06
Metropolitana de Santiago,13,El Monte,13602,1,2020-06-08
Metropolitana de Santiago,13,El Monte,13602,2,2020-06-09
Metropolitana de Santiago,13,El Monte,13602,2,2020-06-10
Metropolitana de Santiago,13,El Monte,13602,1,2020-06-11
Metropolitana de Santiago,13,El Monte,13602,4,2020-06-12
Metropolitana de Santiago,13,El Monte,13602,1,2020-06-13
Metropolitana de Santiago,13,El Monte,13602,1,2020-06-14
Metropolitana de Santiago,13,El Monte,13602,5,2020-06-15
Metropolitana de Santiago,13,El Monte,13602,1,2020-06-16
Metropolitana de Santiago,13,El Monte,13602,2,2020-06-17
Metropolitana de Santiago,13,El Monte,13602,3,2020-06-22
Metropolitana de Santiago,13,El Monte,13602,1,2020-06-23
Metropolitana de Santiago,13,El Monte,13602,2,2020-06-24
Metropolitana de Santiago,13,El Monte,13602,1,2020-06-28
Metropolitana de Santiago,13,El Monte,13602,1,2020-06-29
Metropolitana de Santiago,13,El Monte,13602,1,2020-06-30
Metropolitana de Santiago,13,El Monte,13602,3,2020-07-06
Metropolitana de Santiago,13,El Monte,13602,1,2020-07-08
Metropolitana de Santiago,13,El Monte,13602,1,2020-07-09
Metropolitana de Santiago,13,El Monte,13602,1,2020-07-10
Metropolitana de Santiago,13,El Monte,13602,1,2020-07-14
Metropolitana de Santiago,13,El Monte,13602,2,2020-07-17
Metropolitana de Santiago,13,El Monte,13602,1,2020-07-22
Metropolitana de Santiago,13,El Monte,13602,1,2020-07-24
Metropolitana de Santiago,13,El Monte,13602,1,2020-07-26
Metropolitana de Santiago,13,El Monte,13602,1,2020-07-28
Metropolitana de Santiago,13,El Monte,13602,1,2020-07-30
Metropolitana de Santiago,13,El Monte,13602,1,2020-08-03
Metropolitana de Santiago,13,El Monte,13602,1,2020-08-05
Metropolitana de Santiago,13,El Monte,13602,1,2020-08-24
Metropolitana de Santiago,13,El Monte,13602,1,2020-08-25
Metropolitana de Santiago,13,El Monte,13602,1,2020-08-26
Metropolitana de Santiago,13,El Monte,13602,1,2020-09-03
Metropolitana de Santiago,13,El Monte,13602,1,2020-09-05
Metropolitana de Santiago,13,El Monte,13602,1,2020-09-07
Metropolitana de Santiago,13,El Monte,13602,1,2020-09-08
Metropolitana de Santiago,13,El Monte,13602,1,2020-09-14
Metropolitana de Santiago,13,El Monte,13602,1,2020-09-16
Metropolitana de Santiago,13,El Monte,13602,1,2020-09-18
Metropolitana de Santiago,13,El Monte,13602,2,2020-09-21
Metropolitana de Santiago,13,El Monte,13602,1,2020-09-22
Metropolitana de Santiago,13,El Monte,13602,1,2020-09-27
Metropolitana de Santiago,13,El Monte,13602,1,2020-09-28
Metropolitana de Santiago,13,El Monte,13602,1,2020-09-29
Metropolitana de Santiago,13,El Monte,13602,2,2020-10-01
Metropolitana de Santiago,13,El Monte,13602,4,2020-10-05
Metropolitana de Santiago,13,El Monte,13602,1,2020-10-08
Metropolitana de Santiago,13,El Monte,13602,2,2020-10-09
Metropolitana de Santiago,13,El Monte,13602,1,2020-10-10
Metropolitana de Santiago,13,El Monte,13602,1,2020-10-13
Metropolitana de Santiago,13,El Monte,13602,3,2020-10-19
Metropolitana de Santiago,13,El Monte,13602,1,2020-10-23
Metropolitana de Santiago,13,El Monte,13602,1,2020-10-24
Metropolitana de Santiago,13,El Monte,13602,1,2020-10-26
Metropolitana de Santiago,13,El Monte,13602,2,2020-10-28
Metropolitana de Santiago,13,El Monte,13602,1,2020-11-06
Metropolitana de Santiago,13,El Monte,13602,1,2020-11-08
Metropolitana de Santiago,13,El Monte,13602,2,2020-11-10
Metropolitana de Santiago,13,El Monte,13602,2,2020-11-19
Metropolitana de Santiago,13,El Monte,13602,1,2020-11-23
Metropolitana de Santiago,13,El Monte,13602,1,2020-11-25
Metropolitana de Santiago,13,El Monte,13602,1,2020-12-02
Metropolitana de Santiago,13,El Monte,13602,1,2020-12-03
Metropolitana de Santiago,13,El Monte,13602,1,2020-12-04
Metropolitana de Santiago,13,El Monte,13602,1,2020-12-07
Metropolitana de Santiago,13,El Monte,13602,1,2020-12-09
Metropolitana de Santiago,13,El Monte,13602,1,2020-12-10
Metropolitana de Santiago,13,El Monte,13602,1,2020-12-14
Metropolitana de Santiago,13,El Monte,13602,1,2020-12-15
Metropolitana de Santiago,13,El Monte,13602,1,2020-12-27
Metropolitana de Santiago,13,El Monte,13602,1,2021-01-05
Metropolitana de Santiago,13,El Monte,13602,1,2021-01-06
Metropolitana de Santiago,13,Isla de Maipo,13603,1,2020-01-03
Metropolitana de Santiago,13,Isla de Maipo,13603,1,2020-01-07
Metropolitana de Santiago,13,Isla de Maipo,13603,1,2020-01-17
Metropolitana de Santiago,13,Isla de Maipo,13603,1,2020-01-20
Metropolitana de Santiago,13,Isla de Maipo,13603,1,2020-01-27
Metropolitana de Santiago,13,Isla de Maipo,13603,1,2020-01-31
Metropolitana de Santiago,13,Isla de Maipo,13603,1,2020-02-05
Metropolitana de Santiago,13,Isla de Maipo,13603,1,2020-02-12
Metropolitana de Santiago,13,Isla de Maipo,13603,1,2020-02-16
Metropolitana de Santiago,13,Isla de Maipo,13603,1,2020-02-17
Metropolitana de Santiago,13,Isla de Maipo,13603,1,2020-02-19
Metropolitana de Santiago,13,Isla de Maipo,13603,2,2020-02-20
Metropolitana de Santiago,13,Isla de Maipo,13603,1,2020-03-02
Metropolitana de Santiago,13,Isla de Maipo,13603,2,2020-03-13
Metropolitana de Santiago,13,Isla de Maipo,13603,1,2020-03-22
Metropolitana de Santiago,13,Isla de Maipo,13603,2,2020-03-23
Metropolitana de Santiago,13,Isla de Maipo,13603,1,2020-03-30
Metropolitana de Santiago,13,Isla de Maipo,13603,1,2020-04-01
Metropolitana de Santiago,13,Isla de Maipo,13603,1,2020-04-05
Metropolitana de Santiago,13,Isla de Maipo,13603,1,2020-04-20
Metropolitana de Santiago,13,Isla de Maipo,13603,2,2020-05-11
Metropolitana de Santiago,13,Isla de Maipo,13603,1,2020-05-13
Metropolitana de Santiago,13,Isla de Maipo,13603,1,2020-05-19
Metropolitana de Santiago,13,Isla de Maipo,13603,1,2020-05-20
Metropolitana de Santiago,13,Isla de Maipo,13603,2,2020-05-22
Metropolitana de Santiago,13,Isla de Maipo,13603,1,2020-05-25
Metropolitana de Santiago,13,Isla de Maipo,13603,1,2020-05-26
Metropolitana de Santiago,13,Isla de Maipo,13603,2,2020-06-03
Metropolitana de Santiago,13,Isla de Maipo,13603,1,2020-06-04
Metropolitana de Santiago,13,Isla de Maipo,13603,1,2020-06-05
Metropolitana de Santiago,13,Isla de Maipo,13603,1,2020-06-08
Metropolitana de Santiago,13,Isla de Maipo,13603,1,2020-06-10
Metropolitana de Santiago,13,Isla de Maipo,13603,1,2020-06-15
Metropolitana de Santiago,13,Isla de Maipo,13603,1,2020-06-17
Metropolitana de Santiago,13,Isla de Maipo,13603,1,2020-06-18
Metropolitana de Santiago,13,Isla de Maipo,13603,1,2020-06-19
Metropolitana de Santiago,13,Isla de Maipo,13603,1,2020-06-24
Metropolitana de Santiago,13,Isla de Maipo,13603,2,2020-06-30
Metropolitana de Santiago,13,Isla de Maipo,13603,1,2020-07-01
Metropolitana de Santiago,13,Isla de Maipo,13603,2,2020-07-03
Metropolitana de Santiago,13,Isla de Maipo,13603,2,2020-07-13
Metropolitana de Santiago,13,Isla de Maipo,13603,1,2020-07-18
Metropolitana de Santiago,13,Isla de Maipo,13603,1,2020-07-21
Metropolitana de Santiago,13,Isla de Maipo,13603,1,2020-07-27
Metropolitana de Santiago,13,Isla de Maipo,13603,1,2020-08-02
Metropolitana de Santiago,13,Isla de Maipo,13603,2,2020-08-06
Metropolitana de Santiago,13,Isla de Maipo,13603,1,2020-08-09
Metropolitana de Santiago,13,Isla de Maipo,13603,1,2020-08-10
Metropolitana de Santiago,13,Isla de Maipo,13603,2,2020-08-14
Metropolitana de Santiago,13,Isla de Maipo,13603,2,2020-08-20
Metropolitana de Santiago,13,Isla de Maipo,13603,1,2020-08-23
Metropolitana de Santiago,13,Isla de Maipo,13603,1,2020-08-24
Metropolitana de Santiago,13,Isla de Maipo,13603,2,2020-08-29
Metropolitana de Santiago,13,Isla de Maipo,13603,1,2020-08-31
Metropolitana de Santiago,13,Isla de Maipo,13603,2,2020-09-01
Metropolitana de Santiago,13,Isla de Maipo,13603,1,2020-09-06
Metropolitana de Santiago,13,Isla de Maipo,13603,2,2020-09-07
Metropolitana de Santiago,13,Isla de Maipo,13603,1,2020-09-12
Metropolitana de Santiago,13,Isla de Maipo,13603,2,2020-09-14
Metropolitana de Santiago,13,Isla de Maipo,13603,1,2020-09-17
Metropolitana de Santiago,13,Isla de Maipo,13603,1,2020-09-22
Metropolitana de Santiago,13,Isla de Maipo,13603,2,2020-09-28
Metropolitana de Santiago,13,Isla de Maipo,13603,1,2020-10-05
Metropolitana de Santiago,13,Isla de Maipo,13603,1,2020-10-07
Metropolitana de Santiago,13,Isla de Maipo,13603,2,2020-10-09
Metropolitana de Santiago,13,Isla de Maipo,13603,1,2020-10-12
Metropolitana de Santiago,13,Isla de Maipo,13603,1,2020-10-14
Metropolitana de Santiago,13,Isla de Maipo,13603,1,2020-10-19
Metropolitana de Santiago,13,Isla de Maipo,13603,1,2020-10-20
Metropolitana de Santiago,13,Isla de Maipo,13603,1,2020-10-30
Metropolitana de Santiago,13,Isla de Maipo,13603,3,2020-11-01
Metropolitana de Santiago,13,Isla de Maipo,13603,1,2020-11-12
Metropolitana de Santiago,13,Isla de Maipo,13603,2,2020-11-16
Metropolitana de Santiago,13,Isla de Maipo,13603,3,2020-11-17
Metropolitana de Santiago,13,Isla de Maipo,13603,2,2020-11-20
Metropolitana de Santiago,13,Isla de Maipo,13603,1,2020-11-30
Metropolitana de Santiago,13,Isla de Maipo,13603,1,2020-12-03
Metropolitana de Santiago,13,Isla de Maipo,13603,1,2020-12-07
Metropolitana de Santiago,13,Isla de Maipo,13603,2,2020-12-09
Metropolitana de Santiago,13,Isla de Maipo,13603,1,2020-12-11
Metropolitana de Santiago,13,Isla de Maipo,13603,1,2020-12-12
Metropolitana de Santiago,13,Isla de Maipo,13603,1,2020-12-16
Metropolitana de Santiago,13,Isla de Maipo,13603,1,2020-12-26
Metropolitana de Santiago,13,Isla de Maipo,13603,2,2020-12-28
Metropolitana de Santiago,13,Isla de Maipo,13603,1,2020-12-30
Metropolitana de Santiago,13,Isla de Maipo,13603,1,2021-01-02
Metropolitana de Santiago,13,Isla de Maipo,13603,2,2021-01-04
Metropolitana de Santiago,13,Isla de Maipo,13603,1,2021-01-12
Metropolitana de Santiago,13,Padre Hurtado,13604,1,2020-01-02
Metropolitana de Santiago,13,Padre Hurtado,13604,1,2020-01-05
Metropolitana de Santiago,13,Padre Hurtado,13604,1,2020-01-11
Metropolitana de Santiago,13,Padre Hurtado,13604,1,2020-01-12
Metropolitana de Santiago,13,Padre Hurtado,13604,2,2020-01-13
Metropolitana de Santiago,13,Padre Hurtado,13604,1,2020-01-16
Metropolitana de Santiago,13,Padre Hurtado,13604,2,2020-01-17
Metropolitana de Santiago,13,Padre Hurtado,13604,1,2020-01-18
Metropolitana de Santiago,13,Padre Hurtado,13604,1,2020-01-19
Metropolitana de Santiago,13,Padre Hurtado,13604,1,2020-01-20
Metropolitana de Santiago,13,Padre Hurtado,13604,2,2020-01-23
Metropolitana de Santiago,13,Padre Hurtado,13604,1,2020-01-26
Metropolitana de Santiago,13,Padre Hurtado,13604,1,2020-01-31
Metropolitana de Santiago,13,Padre Hurtado,13604,1,2020-02-03
Metropolitana de Santiago,13,Padre Hurtado,13604,1,2020-02-07
Metropolitana de Santiago,13,Padre Hurtado,13604,1,2020-02-12
Metropolitana de Santiago,13,Padre Hurtado,13604,1,2020-02-19
Metropolitana de Santiago,13,Padre Hurtado,13604,1,2020-02-20
Metropolitana de Santiago,13,Padre Hurtado,13604,1,2020-02-29
Metropolitana de Santiago,13,Padre Hurtado,13604,2,2020-03-01
Metropolitana de Santiago,13,Padre Hurtado,13604,1,2020-03-02
Metropolitana de Santiago,13,Padre Hurtado,13604,1,2020-03-08
Metropolitana de Santiago,13,Padre Hurtado,13604,1,2020-03-10
Metropolitana de Santiago,13,Padre Hurtado,13604,1,2020-03-17
Metropolitana de Santiago,13,Padre Hurtado,13604,1,2020-03-18
Metropolitana de Santiago,13,Padre Hurtado,13604,1,2020-03-25
Metropolitana de Santiago,13,Padre Hurtado,13604,1,2020-04-02
Metropolitana de Santiago,13,Padre Hurtado,13604,1,2020-04-05
Metropolitana de Santiago,13,Padre Hurtado,13604,2,2020-04-06
Metropolitana de Santiago,13,Padre Hurtado,13604,1,2020-04-11
Metropolitana de Santiago,13,Padre Hurtado,13604,1,2020-04-12
Metropolitana de Santiago,13,Padre Hurtado,13604,2,2020-04-14
Metropolitana de Santiago,13,Padre Hurtado,13604,2,2020-04-17
Metropolitana de Santiago,13,Padre Hurtado,13604,1,2020-04-19
Metropolitana de Santiago,13,Padre Hurtado,13604,1,2020-04-21
Metropolitana de Santiago,13,Padre Hurtado,13604,1,2020-04-30
Metropolitana de Santiago,13,Padre Hurtado,13604,1,2020-05-08
Metropolitana de Santiago,13,Padre Hurtado,13604,2,2020-05-11
Metropolitana de Santiago,13,Padre Hurtado,13604,2,2020-05-12
Metropolitana de Santiago,13,Padre Hurtado,13604,1,2020-05-17
Metropolitana de Santiago,13,Padre Hurtado,13604,1,2020-05-20
Metropolitana de Santiago,13,Padre Hurtado,13604,2,2020-05-22
Metropolitana de Santiago,13,Padre Hurtado,13604,0,2020-05-24
Metropolitana de Santiago,13,Padre Hurtado,13604,1,2020-05-25
Metropolitana de Santiago,13,Padre Hurtado,13604,2,2020-05-26
Metropolitana de Santiago,13,Padre Hurtado,13604,1,2020-05-27
Metropolitana de Santiago,13,Padre Hurtado,13604,1,2020-05-28
Metropolitana de Santiago,13,Padre Hurtado,13604,1,2020-05-30
Metropolitana de Santiago,13,Padre Hurtado,13604,1,2020-05-31
Metropolitana de Santiago,13,Padre Hurtado,13604,1,2020-06-01
Metropolitana de Santiago,13,Padre Hurtado,13604,2,2020-06-03
Metropolitana de Santiago,13,Padre Hurtado,13604,2,2020-06-05
Metropolitana de Santiago,13,Padre Hurtado,13604,1,2020-06-06
Metropolitana de Santiago,13,Padre Hurtado,13604,1,2020-06-08
Metropolitana de Santiago,13,Padre Hurtado,13604,1,2020-06-09
Metropolitana de Santiago,13,Padre Hurtado,13604,2,2020-06-10
Metropolitana de Santiago,13,Padre Hurtado,13604,3,2020-06-12
Metropolitana de Santiago,13,Padre Hurtado,13604,1,2020-06-15
Metropolitana de Santiago,13,Padre Hurtado,13604,1,2020-06-16
Metropolitana de Santiago,13,Padre Hurtado,13604,1,2020-06-17
Metropolitana de Santiago,13,Padre Hurtado,13604,2,2020-06-18
Metropolitana de Santiago,13,Padre Hurtado,13604,1,2020-06-19
Metropolitana de Santiago,13,Padre Hurtado,13604,1,2020-06-20
Metropolitana de Santiago,13,Padre Hurtado,13604,2,2020-06-21
Metropolitana de Santiago,13,Padre Hurtado,13604,1,2020-06-22
Metropolitana de Santiago,13,Padre Hurtado,13604,2,2020-06-24
Metropolitana de Santiago,13,Padre Hurtado,13604,1,2020-06-25
Metropolitana de Santiago,13,Padre Hurtado,13604,1,2020-06-26
Metropolitana de Santiago,13,Padre Hurtado,13604,1,2020-06-27
Metropolitana de Santiago,13,Padre Hurtado,13604,1,2020-06-28
Metropolitana de Santiago,13,Padre Hurtado,13604,1,2020-06-30
Metropolitana de Santiago,13,Padre Hurtado,13604,1,2020-07-01
Metropolitana de Santiago,13,Padre Hurtado,13604,1,2020-07-04
Metropolitana de Santiago,13,Padre Hurtado,13604,1,2020-07-05
Metropolitana de Santiago,13,Padre Hurtado,13604,2,2020-07-08
Metropolitana de Santiago,13,Padre Hurtado,13604,1,2020-07-09
Metropolitana de Santiago,13,Padre Hurtado,13604,1,2020-07-11
Metropolitana de Santiago,13,Padre Hurtado,13604,1,2020-07-13
Metropolitana de Santiago,13,Padre Hurtado,13604,1,2020-07-16
Metropolitana de Santiago,13,Padre Hurtado,13604,1,2020-07-18
Metropolitana de Santiago,13,Padre Hurtado,13604,1,2020-07-20
Metropolitana de Santiago,13,Padre Hurtado,13604,1,2020-07-21
Metropolitana de Santiago,13,Padre Hurtado,13604,1,2020-07-27
Metropolitana de Santiago,13,Padre Hurtado,13604,2,2020-07-29
Metropolitana de Santiago,13,Padre Hurtado,13604,1,2020-07-31
Metropolitana de Santiago,13,Padre Hurtado,13604,1,2020-08-02
Metropolitana de Santiago,13,Padre Hurtado,13604,1,2020-08-08
Metropolitana de Santiago,13,Padre Hurtado,13604,1,2020-08-14
Metropolitana de Santiago,13,Padre Hurtado,13604,1,2020-08-15
Metropolitana de Santiago,13,Padre Hurtado,13604,2,2020-08-18
Metropolitana de Santiago,13,Padre Hurtado,13604,1,2020-08-21
Metropolitana de Santiago,13,Padre Hurtado,13604,1,2020-08-22
Metropolitana de Santiago,13,Padre Hurtado,13604,1,2020-08-23
Metropolitana de Santiago,13,Padre Hurtado,13604,3,2020-08-24
Metropolitana de Santiago,13,Padre Hurtado,13604,2,2020-08-25
Metropolitana de Santiago,13,Padre Hurtado,13604,4,2020-08-26
Metropolitana de Santiago,13,Padre Hurtado,13604,2,2020-09-03
Metropolitana de Santiago,13,Padre Hurtado,13604,1,2020-09-04
Metropolitana de Santiago,13,Padre Hurtado,13604,2,2020-09-11
Metropolitana de Santiago,13,Padre Hurtado,13604,1,2020-09-15
Metropolitana de Santiago,13,Padre Hurtado,13604,1,2020-09-16
Metropolitana de Santiago,13,Padre Hurtado,13604,2,2020-09-18
Metropolitana de Santiago,13,Padre Hurtado,13604,1,2020-09-20
Metropolitana de Santiago,13,Padre Hurtado,13604,1,2020-09-21
Metropolitana de Santiago,13,Padre Hurtado,13604,2,2020-09-24
Metropolitana de Santiago,13,Padre Hurtado,13604,1,2020-09-27
Metropolitana de Santiago,13,Padre Hurtado,13604,1,2020-09-28
Metropolitana de Santiago,13,Padre Hurtado,13604,1,2020-09-30
Metropolitana de Santiago,13,Padre Hurtado,13604,1,2020-10-01
Metropolitana de Santiago,13,Padre Hurtado,13604,1,2020-10-04
Metropolitana de Santiago,13,Padre Hurtado,13604,1,2020-10-07
Metropolitana de Santiago,13,Padre Hurtado,13604,1,2020-10-13
Metropolitana de Santiago,13,Padre Hurtado,13604,1,2020-10-14
Metropolitana de Santiago,13,Padre Hurtado,13604,1,2020-10-15
Metropolitana de Santiago,13,Padre Hurtado,13604,1,2020-10-22
Metropolitana de Santiago,13,Padre Hurtado,13604,1,2020-10-27
Metropolitana de Santiago,13,Padre Hurtado,13604,1,2020-10-30
Metropolitana de Santiago,13,Padre Hurtado,13604,2,2020-11-02
Metropolitana de Santiago,13,Padre Hurtado,13604,1,2020-11-05
Metropolitana de Santiago,13,Padre Hurtado,13604,1,2020-11-06
Metropolitana de Santiago,13,Padre Hurtado,13604,1,2020-11-10
Metropolitana de Santiago,13,Padre Hurtado,13604,1,2020-11-11
Metropolitana de Santiago,13,Padre Hurtado,13604,1,2020-11-15
Metropolitana de Santiago,13,Padre Hurtado,13604,1,2020-11-22
Metropolitana de Santiago,13,Padre Hurtado,13604,2,2020-11-23
Metropolitana de Santiago,13,Padre Hurtado,13604,1,2020-11-27
Metropolitana de Santiago,13,Padre Hurtado,13604,2,2020-11-28
Metropolitana de Santiago,13,Padre Hurtado,13604,2,2020-11-30
Metropolitana de Santiago,13,Padre Hurtado,13604,1,2020-12-04
Metropolitana de Santiago,13,Padre Hurtado,13604,1,2020-12-05
Metropolitana de Santiago,13,Padre Hurtado,13604,1,2020-12-07
Metropolitana de Santiago,13,Padre Hurtado,13604,1,2020-12-11
Metropolitana de Santiago,13,Padre Hurtado,13604,1,2020-12-13
Metropolitana de Santiago,13,Padre Hurtado,13604,1,2020-12-16
Metropolitana de Santiago,13,Padre Hurtado,13604,1,2020-12-21
Metropolitana de Santiago,13,Padre Hurtado,13604,1,2020-12-26
Metropolitana de Santiago,13,Padre Hurtado,13604,1,2021-01-04
Metropolitana de Santiago,13,Padre Hurtado,13604,1,2021-01-05
Metropolitana de Santiago,13,Padre Hurtado,13604,1,2021-01-06
Metropolitana de Santiago,13,Padre Hurtado,13604,1,2021-01-10
Metropolitana de Santiago,13,Padre Hurtado,13604,1,2021-01-11
Metropolitana de Santiago,13,Peñaflor,13605,3,2020-01-02
Metropolitana de Santiago,13,Peñaflor,13605,4,2020-01-03
Metropolitana de Santiago,13,Peñaflor,13605,2,2020-01-06
Metropolitana de Santiago,13,Peñaflor,13605,1,2020-01-07
Metropolitana de Santiago,13,Peñaflor,13605,2,2020-01-08
Metropolitana de Santiago,13,Peñaflor,13605,3,2020-01-09
Metropolitana de Santiago,13,Peñaflor,13605,3,2020-01-13
Metropolitana de Santiago,13,Peñaflor,13605,2,2020-01-14
Metropolitana de Santiago,13,Peñaflor,13605,1,2020-01-17
Metropolitana de Santiago,13,Peñaflor,13605,2,2020-01-18
Metropolitana de Santiago,13,Peñaflor,13605,2,2020-01-20
Metropolitana de Santiago,13,Peñaflor,13605,1,2020-01-21
Metropolitana de Santiago,13,Peñaflor,13605,2,2020-01-23
Metropolitana de Santiago,13,Peñaflor,13605,3,2020-01-24
Metropolitana de Santiago,13,Peñaflor,13605,6,2020-01-27
Metropolitana de Santiago,13,Peñaflor,13605,3,2020-01-28
Metropolitana de Santiago,13,Peñaflor,13605,1,2020-01-30
Metropolitana de Santiago,13,Peñaflor,13605,2,2020-02-06
Metropolitana de Santiago,13,Peñaflor,13605,1,2020-02-07
Metropolitana de Santiago,13,Peñaflor,13605,1,2020-02-08
Metropolitana de Santiago,13,Peñaflor,13605,1,2020-02-10
Metropolitana de Santiago,13,Peñaflor,13605,1,2020-02-11
Metropolitana de Santiago,13,Peñaflor,13605,2,2020-02-12
Metropolitana de Santiago,13,Peñaflor,13605,1,2020-02-13
Metropolitana de Santiago,13,Peñaflor,13605,1,2020-02-15
Metropolitana de Santiago,13,Peñaflor,13605,3,2020-02-19
Metropolitana de Santiago,13,Peñaflor,13605,1,2020-02-20
Metropolitana de Santiago,13,Peñaflor,13605,2,2020-02-21
Metropolitana de Santiago,13,Peñaflor,13605,1,2020-02-22
Metropolitana de Santiago,13,Peñaflor,13605,1,2020-02-23
Metropolitana de Santiago,13,Peñaflor,13605,1,2020-02-25
Metropolitana de Santiago,13,Peñaflor,13605,1,2020-02-26
Metropolitana de Santiago,13,Peñaflor,13605,2,2020-02-27
Metropolitana de Santiago,13,Peñaflor,13605,1,2020-03-04
Metropolitana de Santiago,13,Peñaflor,13605,1,2020-03-10
Metropolitana de Santiago,13,Peñaflor,13605,2,2020-03-12
Metropolitana de Santiago,13,Peñaflor,13605,1,2020-03-14
Metropolitana de Santiago,13,Peñaflor,13605,2,2020-03-15
Metropolitana de Santiago,13,Peñaflor,13605,1,2020-03-16
Metropolitana de Santiago,13,Peñaflor,13605,1,2020-03-17
Metropolitana de Santiago,13,Peñaflor,13605,4,2020-03-18
Metropolitana de Santiago,13,Peñaflor,13605,1,2020-03-20
Metropolitana de Santiago,13,Peñaflor,13605,1,2020-03-21
Metropolitana de Santiago,13,Peñaflor,13605,2,2020-03-22
Metropolitana de Santiago,13,Peñaflor,13605,3,2020-03-23
Metropolitana de Santiago,13,Peñaflor,13605,1,2020-03-24
Metropolitana de Santiago,13,Peñaflor,13605,1,2020-03-25
Metropolitana de Santiago,13,Peñaflor,13605,2,2020-03-27
Metropolitana de Santiago,13,Peñaflor,13605,2,2020-03-28
Metropolitana de Santiago,13,Peñaflor,13605,1,2020-03-29
Metropolitana de Santiago,13,Peñaflor,13605,1,2020-03-31
Metropolitana de Santiago,13,Peñaflor,13605,2,2020-04-01
Metropolitana de Santiago,13,Peñaflor,13605,1,2020-04-02
Metropolitana de Santiago,13,Peñaflor,13605,3,2020-04-03
Metropolitana de Santiago,13,Peñaflor,13605,1,2020-04-06
Metropolitana de Santiago,13,Peñaflor,13605,1,2020-04-07
Metropolitana de Santiago,13,Peñaflor,13605,1,2020-04-08
Metropolitana de Santiago,13,Peñaflor,13605,1,2020-04-09
Metropolitana de Santiago,13,Peñaflor,13605,3,2020-04-10
Metropolitana de Santiago,13,Peñaflor,13605,1,2020-04-12
Metropolitana de Santiago,13,Peñaflor,13605,2,2020-04-13
Metropolitana de Santiago,13,Peñaflor,13605,2,2020-04-14
Metropolitana de Santiago,13,Peñaflor,13605,1,2020-04-17
Metropolitana de Santiago,13,Peñaflor,13605,4,2020-04-20
Metropolitana de Santiago,13,Peñaflor,13605,1,2020-04-21
Metropolitana de Santiago,13,Peñaflor,13605,1,2020-04-22
Metropolitana de Santiago,13,Peñaflor,13605,2,2020-04-23
Metropolitana de Santiago,13,Peñaflor,13605,2,2020-04-27
Metropolitana de Santiago,13,Peñaflor,13605,1,2020-04-29
Metropolitana de Santiago,13,Peñaflor,13605,6,2020-05-02
Metropolitana de Santiago,13,Peñaflor,13605,2,2020-05-03
Metropolitana de Santiago,13,Peñaflor,13605,5,2020-05-04
Metropolitana de Santiago,13,Peñaflor,13605,1,2020-05-05
Metropolitana de Santiago,13,Peñaflor,13605,1,2020-05-06
Metropolitana de Santiago,13,Peñaflor,13605,5,2020-05-07
Metropolitana de Santiago,13,Peñaflor,13605,4,2020-05-08
Metropolitana de Santiago,13,Peñaflor,13605,2,2020-05-11
Metropolitana de Santiago,13,Peñaflor,13605,2,2020-05-12
Metropolitana de Santiago,13,Peñaflor,13605,1,2020-05-14
Metropolitana de Santiago,13,Peñaflor,13605,1,2020-05-15
Metropolitana de Santiago,13,Peñaflor,13605,1,2020-05-16
Metropolitana de Santiago,13,Peñaflor,13605,4,2020-05-18
Metropolitana de Santiago,13,Peñaflor,13605,1,2020-05-20
Metropolitana de Santiago,13,Peñaflor,13605,2,2020-05-21
Metropolitana de Santiago,13,Peñaflor,13605,8,2020-05-22
Metropolitana de Santiago,13,Peñaflor,13605,3,2020-05-24
Metropolitana de Santiago,13,Peñaflor,13605,4,2020-05-25
Metropolitana de Santiago,13,Peñaflor,13605,2,2020-05-27
Metropolitana de Santiago,13,Peñaflor,13605,5,2020-05-28
Metropolitana de Santiago,13,Peñaflor,13605,5,2020-05-29
Metropolitana de Santiago,13,Peñaflor,13605,1,2020-05-30
Metropolitana de Santiago,13,Peñaflor,13605,2,2020-05-31
Metropolitana de Santiago,13,Peñaflor,13605,4,2020-06-01
Metropolitana de Santiago,13,Peñaflor,13605,3,2020-06-02
Metropolitana de Santiago,13,Peñaflor,13605,3,2020-06-03
Metropolitana de Santiago,13,Peñaflor,13605,4,2020-06-04
Metropolitana de Santiago,13,Peñaflor,13605,1,2020-06-05
Metropolitana de Santiago,13,Peñaflor,13605,3,2020-06-07
Metropolitana de Santiago,13,Peñaflor,13605,2,2020-06-08
Metropolitana de Santiago,13,Peñaflor,13605,3,2020-06-09
Metropolitana de Santiago,13,Peñaflor,13605,4,2020-06-10
Metropolitana de Santiago,13,Peñaflor,13605,8,2020-06-11
Metropolitana de Santiago,13,Peñaflor,13605,3,2020-06-12
Metropolitana de Santiago,13,Peñaflor,13605,1,2020-06-13
Metropolitana de Santiago,13,Peñaflor,13605,1,2020-06-14
Metropolitana de Santiago,13,Peñaflor,13605,10,2020-06-15
Metropolitana de Santiago,13,Peñaflor,13605,4,2020-06-16
Metropolitana de Santiago,13,Peñaflor,13605,3,2020-06-17
Metropolitana de Santiago,13,Peñaflor,13605,1,2020-06-18
Metropolitana de Santiago,13,Peñaflor,13605,2,2020-06-19
Metropolitana de Santiago,13,Peñaflor,13605,3,2020-06-20
Metropolitana de Santiago,13,Peñaflor,13605,1,2020-06-21
Metropolitana de Santiago,13,Peñaflor,13605,14,2020-06-22
Metropolitana de Santiago,13,Peñaflor,13605,5,2020-06-23
Metropolitana de Santiago,13,Peñaflor,13605,4,2020-06-24
Metropolitana de Santiago,13,Peñaflor,13605,2,2020-06-25
Metropolitana de Santiago,13,Peñaflor,13605,5,2020-06-26
Metropolitana de Santiago,13,Peñaflor,13605,2,2020-06-28
Metropolitana de Santiago,13,Peñaflor,13605,2,2020-06-29
Metropolitana de Santiago,13,Peñaflor,13605,3,2020-06-30
Metropolitana de Santiago,13,Peñaflor,13605,3,2020-07-01
Metropolitana de Santiago,13,Peñaflor,13605,5,2020-07-02
Metropolitana de Santiago,13,Peñaflor,13605,4,2020-07-03
Metropolitana de Santiago,13,Peñaflor,13605,2,2020-07-04
Metropolitana de Santiago,13,Peñaflor,13605,1,2020-07-05
Metropolitana de Santiago,13,Peñaflor,13605,3,2020-07-06
Metropolitana de Santiago,13,Peñaflor,13605,1,2020-07-07
Metropolitana de Santiago,13,Peñaflor,13605,1,2020-07-08
Metropolitana de Santiago,13,Peñaflor,13605,2,2020-07-09
Metropolitana de Santiago,13,Peñaflor,13605,1,2020-07-10
Metropolitana de Santiago,13,Peñaflor,13605,4,2020-07-12
Metropolitana de Santiago,13,Peñaflor,13605,1,2020-07-13
Metropolitana de Santiago,13,Peñaflor,13605,3,2020-07-14
Metropolitana de Santiago,13,Peñaflor,13605,1,2020-07-15
Metropolitana de Santiago,13,Peñaflor,13605,4,2020-07-17
Metropolitana de Santiago,13,Peñaflor,13605,1,2020-07-19
Metropolitana de Santiago,13,Peñaflor,13605,7,2020-07-20
Metropolitana de Santiago,13,Peñaflor,13605,3,2020-07-21
Metropolitana de Santiago,13,Peñaflor,13605,1,2020-07-25
Metropolitana de Santiago,13,Peñaflor,13605,1,2020-07-26
Metropolitana de Santiago,13,Peñaflor,13605,2,2020-07-27
Metropolitana de Santiago,13,Peñaflor,13605,1,2020-07-28
Metropolitana de Santiago,13,Peñaflor,13605,1,2020-07-30
Metropolitana de Santiago,13,Peñaflor,13605,2,2020-07-31
Metropolitana de Santiago,13,Peñaflor,13605,4,2020-08-02
Metropolitana de Santiago,13,Peñaflor,13605,5,2020-08-03
Metropolitana de Santiago,13,Peñaflor,13605,3,2020-08-06
Metropolitana de Santiago,13,Peñaflor,13605,3,2020-08-08
Metropolitana de Santiago,13,Peñaflor,13605,2,2020-08-09
Metropolitana de Santiago,13,Peñaflor,13605,3,2020-08-10
Metropolitana de Santiago,13,Peñaflor,13605,1,2020-08-11
Metropolitana de Santiago,13,Peñaflor,13605,1,2020-08-12
Metropolitana de Santiago,13,Peñaflor,13605,1,2020-08-13
Metropolitana de Santiago,13,Peñaflor,13605,3,2020-08-14
Metropolitana de Santiago,13,Peñaflor,13605,3,2020-08-15
Metropolitana de Santiago,13,Peñaflor,13605,2,2020-08-16
Metropolitana de Santiago,13,Peñaflor,13605,4,2020-08-17
Metropolitana de Santiago,13,Peñaflor,13605,5,2020-08-18
Metropolitana de Santiago,13,Peñaflor,13605,3,2020-08-19
Metropolitana de Santiago,13,Peñaflor,13605,1,2020-08-20
Metropolitana de Santiago,13,Peñaflor,13605,2,2020-08-21
Metropolitana de Santiago,13,Peñaflor,13605,1,2020-08-22
Metropolitana de Santiago,13,Peñaflor,13605,4,2020-08-23
Metropolitana de Santiago,13,Peñaflor,13605,4,2020-08-24
Metropolitana de Santiago,13,Peñaflor,13605,3,2020-08-25
Metropolitana de Santiago,13,Peñaflor,13605,2,2020-08-26
Metropolitana de Santiago,13,Peñaflor,13605,1,2020-08-27
Metropolitana de Santiago,13,Peñaflor,13605,2,2020-08-28
Metropolitana de Santiago,13,Peñaflor,13605,1,2020-08-30
Metropolitana de Santiago,13,Peñaflor,13605,3,2020-08-31
Metropolitana de Santiago,13,Peñaflor,13605,3,2020-09-01
Metropolitana de Santiago,13,Peñaflor,13605,5,2020-09-02
Metropolitana de Santiago,13,Peñaflor,13605,2,2020-09-03
Metropolitana de Santiago,13,Peñaflor,13605,1,2020-09-04
Metropolitana de Santiago,13,Peñaflor,13605,1,2020-09-05
Metropolitana de Santiago,13,Peñaflor,13605,1,2020-09-06
Metropolitana de Santiago,13,Peñaflor,13605,4,2020-09-07
Metropolitana de Santiago,13,Peñaflor,13605,3,2020-09-08
Metropolitana de Santiago,13,Peñaflor,13605,1,2020-09-09
Metropolitana de Santiago,13,Peñaflor,13605,1,2020-09-10
Metropolitana de Santiago,13,Peñaflor,13605,1,2020-09-11
Metropolitana de Santiago,13,Peñaflor,13605,1,2020-09-12
Metropolitana de Santiago,13,Peñaflor,13605,3,2020-09-14
Metropolitana de Santiago,13,Peñaflor,13605,2,2020-09-15
Metropolitana de Santiago,13,Peñaflor,13605,2,2020-09-18
Metropolitana de Santiago,13,Peñaflor,13605,5,2020-09-19
Metropolitana de Santiago,13,Peñaflor,13605,4,2020-09-21
Metropolitana de Santiago,13,Peñaflor,13605,1,2020-09-22
Metropolitana de Santiago,13,Peñaflor,13605,1,2020-09-23
Metropolitana de Santiago,13,Peñaflor,13605,3,2020-09-24
Metropolitana de Santiago,13,Peñaflor,13605,1,2020-09-25
Metropolitana de Santiago,13,Peñaflor,13605,2,2020-09-28
Metropolitana de Santiago,13,Peñaflor,13605,1,2020-09-29
Metropolitana de Santiago,13,Peñaflor,13605,1,2020-09-30
Metropolitana de Santiago,13,Peñaflor,13605,1,2020-10-02
Metropolitana de Santiago,13,Peñaflor,13605,4,2020-10-03
Metropolitana de Santiago,13,Peñaflor,13605,1,2020-10-05
Metropolitana de Santiago,13,Peñaflor,13605,1,2020-10-06
Metropolitana de Santiago,13,Peñaflor,13605,1,2020-10-07
Metropolitana de Santiago,13,Peñaflor,13605,4,2020-10-08
Metropolitana de Santiago,13,Peñaflor,13605,1,2020-10-09
Metropolitana de Santiago,13,Peñaflor,13605,3,2020-10-10
Metropolitana de Santiago,13,Peñaflor,13605,3,2020-10-11
Metropolitana de Santiago,13,Peñaflor,13605,4,2020-10-13
Metropolitana de Santiago,13,Peñaflor,13605,1,2020-10-15
Metropolitana de Santiago,13,Peñaflor,13605,3,2020-10-16
Metropolitana de Santiago,13,Peñaflor,13605,1,2020-10-17
Metropolitana de Santiago,13,Peñaflor,13605,2,2020-10-19
Metropolitana de Santiago,13,Peñaflor,13605,1,2020-10-20
Metropolitana de Santiago,13,Peñaflor,13605,3,2020-10-21
Metropolitana de Santiago,13,Peñaflor,13605,1,2020-10-22
Metropolitana de Santiago,13,Peñaflor,13605,4,2020-10-23
Metropolitana de Santiago,13,Peñaflor,13605,2,2020-10-26
Metropolitana de Santiago,13,Peñaflor,13605,1,2020-10-28
Metropolitana de Santiago,13,Peñaflor,13605,1,2020-10-30
Metropolitana de Santiago,13,Peñaflor,13605,2,2020-10-31
Metropolitana de Santiago,13,Peñaflor,13605,1,2020-11-02
Metropolitana de Santiago,13,Peñaflor,13605,1,2020-11-05
Metropolitana de Santiago,13,Peñaflor,13605,1,2020-11-07
Metropolitana de Santiago,13,Peñaflor,13605,2,2020-11-09
Metropolitana de Santiago,13,Peñaflor,13605,2,2020-11-10
Metropolitana de Santiago,13,Peñaflor,13605,1,2020-11-11
Metropolitana de Santiago,13,Peñaflor,13605,1,2020-11-12
Metropolitana de Santiago,13,Peñaflor,13605,1,2020-11-13
Metropolitana de Santiago,13,Peñaflor,13605,1,2020-11-16
Metropolitana de Santiago,13,Peñaflor,13605,1,2020-11-17
Metropolitana de Santiago,13,Peñaflor,13605,1,2020-11-18
Metropolitana de Santiago,13,Peñaflor,13605,1,2020-11-19
Metropolitana de Santiago,13,Peñaflor,13605,1,2020-11-20
Metropolitana de Santiago,13,Peñaflor,13605,1,2020-11-21
Metropolitana de Santiago,13,Peñaflor,13605,1,2020-11-22
Metropolitana de Santiago,13,Peñaflor,13605,2,2020-11-23
Metropolitana de Santiago,13,Peñaflor,13605,2,2020-11-24
Metropolitana de Santiago,13,Peñaflor,13605,1,2020-11-25
Metropolitana de Santiago,13,Peñaflor,13605,1,2020-11-26
Metropolitana de Santiago,13,Peñaflor,13605,1,2020-11-27
Metropolitana de Santiago,13,Peñaflor,13605,3,2020-11-30
Metropolitana de Santiago,13,Peñaflor,13605,1,2020-12-01
Metropolitana de Santiago,13,Peñaflor,13605,2,2020-12-03
Metropolitana de Santiago,13,Peñaflor,13605,1,2020-12-09
Metropolitana de Santiago,13,Peñaflor,13605,1,2020-12-10
Metropolitana de Santiago,13,Peñaflor,13605,1,2020-12-11
Metropolitana de Santiago,13,Peñaflor,13605,4,2020-12-14
Metropolitana de Santiago,13,Peñaflor,13605,2,2020-12-16
Metropolitana de Santiago,13,Peñaflor,13605,2,2020-12-17
Metropolitana de Santiago,13,Peñaflor,13605,1,2020-12-18
Metropolitana de Santiago,13,Peñaflor,13605,1,2020-12-19
Metropolitana de Santiago,13,Peñaflor,13605,1,2020-12-21
Metropolitana de Santiago,13,Peñaflor,13605,1,2020-12-22
Metropolitana de Santiago,13,Peñaflor,13605,1,2020-12-23
Metropolitana de Santiago,13,Peñaflor,13605,1,2020-12-24
Metropolitana de Santiago,13,Peñaflor,13605,4,2020-12-26
Metropolitana de Santiago,13,Peñaflor,13605,1,2020-12-27
Metropolitana de Santiago,13,Peñaflor,13605,4,2020-12-28
Metropolitana de Santiago,13,Peñaflor,13605,2,2020-12-29
Metropolitana de Santiago,13,Peñaflor,13605,1,2020-12-30
Metropolitana de Santiago,13,Peñaflor,13605,6,2021-01-02
Metropolitana de Santiago,13,Peñaflor,13605,1,2021-01-05
Metropolitana de Santiago,13,Peñaflor,13605,1,2021-01-07
Metropolitana de Santiago,13,Peñaflor,13605,3,2021-01-08
Metropolitana de Santiago,13,Peñaflor,13605,1,2021-01-09
Metropolitana de Santiago,13,Peñaflor,13605,1,2021-01-10
Metropolitana de Santiago,13,Peñaflor,13605,3,2021-01-11
Metropolitana de Santiago,13,Peñaflor,13605,2,2021-01-13
Metropolitana de Santiago,13,Peñaflor,13605,1,2021-01-14
Los Ríos,14,Valdivia,14101,10,2020-01-02
Los Ríos,14,Valdivia,14101,8,2020-01-03
Los Ríos,14,Valdivia,14101,1,2020-01-04
Los Ríos,14,Valdivia,14101,12,2020-01-06
Los Ríos,14,Valdivia,14101,5,2020-01-07
Los Ríos,14,Valdivia,14101,7,2020-01-08
Los Ríos,14,Valdivia,14101,5,2020-01-09
Los Ríos,14,Valdivia,14101,6,2020-01-10
Los Ríos,14,Valdivia,14101,10,2020-01-13
Los Ríos,14,Valdivia,14101,7,2020-01-14
Los Ríos,14,Valdivia,14101,2,2020-01-15
Los Ríos,14,Valdivia,14101,7,2020-01-16
Los Ríos,14,Valdivia,14101,5,2020-01-17
Los Ríos,14,Valdivia,14101,9,2020-01-20
Los Ríos,14,Valdivia,14101,3,2020-01-21
Los Ríos,14,Valdivia,14101,9,2020-01-22
Los Ríos,14,Valdivia,14101,5,2020-01-23
Los Ríos,14,Valdivia,14101,4,2020-01-24
Los Ríos,14,Valdivia,14101,13,2020-01-27
Los Ríos,14,Valdivia,14101,7,2020-01-28
Los Ríos,14,Valdivia,14101,9,2020-01-29
Los Ríos,14,Valdivia,14101,4,2020-01-30
Los Ríos,14,Valdivia,14101,6,2020-01-31
Los Ríos,14,Valdivia,14101,10,2020-02-03
Los Ríos,14,Valdivia,14101,10,2020-02-04
Los Ríos,14,Valdivia,14101,3,2020-02-05
Los Ríos,14,Valdivia,14101,3,2020-02-06
Los Ríos,14,Valdivia,14101,3,2020-02-07
Los Ríos,14,Valdivia,14101,11,2020-02-10
Los Ríos,14,Valdivia,14101,7,2020-02-11
Los Ríos,14,Valdivia,14101,9,2020-02-12
Los Ríos,14,Valdivia,14101,3,2020-02-13
Los Ríos,14,Valdivia,14101,3,2020-02-14
Los Ríos,14,Valdivia,14101,1,2020-02-15
Los Ríos,14,Valdivia,14101,6,2020-02-17
Los Ríos,14,Valdivia,14101,7,2020-02-18
Los Ríos,14,Valdivia,14101,2,2020-02-19
Los Ríos,14,Valdivia,14101,1,2020-02-20
Los Ríos,14,Valdivia,14101,1,2020-02-21
Los Ríos,14,Valdivia,14101,8,2020-02-24
Los Ríos,14,Valdivia,14101,5,2020-02-25
Los Ríos,14,Valdivia,14101,4,2020-02-26
Los Ríos,14,Valdivia,14101,6,2020-02-27
Los Ríos,14,Valdivia,14101,6,2020-02-28
Los Ríos,14,Valdivia,14101,8,2020-03-02
Los Ríos,14,Valdivia,14101,4,2020-03-03
Los Ríos,14,Valdivia,14101,2,2020-03-04
Los Ríos,14,Valdivia,14101,6,2020-03-05
Los Ríos,14,Valdivia,14101,3,2020-03-06
Los Ríos,14,Valdivia,14101,10,2020-03-09
Los Ríos,14,Valdivia,14101,3,2020-03-10
Los Ríos,14,Valdivia,14101,5,2020-03-11
Los Ríos,14,Valdivia,14101,6,2020-03-12
Los Ríos,14,Valdivia,14101,5,2020-03-13
Los Ríos,14,Valdivia,14101,1,2020-03-14
Los Ríos,14,Valdivia,14101,10,2020-03-16
Los Ríos,14,Valdivia,14101,11,2020-03-17
Los Ríos,14,Valdivia,14101,6,2020-03-18
Los Ríos,14,Valdivia,14101,5,2020-03-19
Los Ríos,14,Valdivia,14101,6,2020-03-20
Los Ríos,14,Valdivia,14101,10,2020-03-23
Los Ríos,14,Valdivia,14101,4,2020-03-24
Los Ríos,14,Valdivia,14101,5,2020-03-25
Los Ríos,14,Valdivia,14101,6,2020-03-26
Los Ríos,14,Valdivia,14101,4,2020-03-27
Los Ríos,14,Valdivia,14101,8,2020-03-30
Los Ríos,14,Valdivia,14101,5,2020-03-31
Los Ríos,14,Valdivia,14101,5,2020-04-01
Los Ríos,14,Valdivia,14101,5,2020-04-02
Los Ríos,14,Valdivia,14101,3,2020-04-03
Los Ríos,14,Valdivia,14101,4,2020-04-06
Los Ríos,14,Valdivia,14101,3,2020-04-07
Los Ríos,14,Valdivia,14101,7,2020-04-09
Los Ríos,14,Valdivia,14101,2,2020-04-10
Los Ríos,14,Valdivia,14101,11,2020-04-13
Los Ríos,14,Valdivia,14101,6,2020-04-14
Los Ríos,14,Valdivia,14101,3,2020-04-15
Los Ríos,14,Valdivia,14101,2,2020-04-16
Los Ríos,14,Valdivia,14101,2,2020-04-17
Los Ríos,14,Valdivia,14101,1,2020-04-19
Los Ríos,14,Valdivia,14101,8,2020-04-20
Los Ríos,14,Valdivia,14101,7,2020-04-21
Los Ríos,14,Valdivia,14101,4,2020-04-22
Los Ríos,14,Valdivia,14101,7,2020-04-23
Los Ríos,14,Valdivia,14101,2,2020-04-24
Los Ríos,14,Valdivia,14101,1,2020-04-25
Los Ríos,14,Valdivia,14101,10,2020-04-27
Los Ríos,14,Valdivia,14101,3,2020-04-28
Los Ríos,14,Valdivia,14101,6,2020-04-29
Los Ríos,14,Valdivia,14101,4,2020-04-30
Los Ríos,14,Valdivia,14101,2,2020-05-02
Los Ríos,14,Valdivia,14101,15,2020-05-04
Los Ríos,14,Valdivia,14101,2,2020-05-05
Los Ríos,14,Valdivia,14101,3,2020-05-06
Los Ríos,14,Valdivia,14101,7,2020-05-07
Los Ríos,14,Valdivia,14101,5,2020-05-08
Los Ríos,14,Valdivia,14101,11,2020-05-11
Los Ríos,14,Valdivia,14101,7,2020-05-12
Los Ríos,14,Valdivia,14101,0,2020-05-13
Los Ríos,14,Valdivia,14101,6,2020-05-14
Los Ríos,14,Valdivia,14101,5,2020-05-15
Los Ríos,14,Valdivia,14101,8,2020-05-18
Los Ríos,14,Valdivia,14101,4,2020-05-19
Los Ríos,14,Valdivia,14101,7,2020-05-20
Los Ríos,14,Valdivia,14101,12,2020-05-22
Los Ríos,14,Valdivia,14101,7,2020-05-25
Los Ríos,14,Valdivia,14101,5,2020-05-26
Los Ríos,14,Valdivia,14101,4,2020-05-27
Los Ríos,14,Valdivia,14101,7,2020-05-28
Los Ríos,14,Valdivia,14101,4,2020-05-29
Los Ríos,14,Valdivia,14101,1,2020-05-30
Los Ríos,14,Valdivia,14101,2,2020-05-31
Los Ríos,14,Valdivia,14101,11,2020-06-01
Los Ríos,14,Valdivia,14101,10,2020-06-02
Los Ríos,14,Valdivia,14101,7,2020-06-03
Los Ríos,14,Valdivia,14101,4,2020-06-04
Los Ríos,14,Valdivia,14101,2,2020-06-05
Los Ríos,14,Valdivia,14101,11,2020-06-08
Los Ríos,14,Valdivia,14101,6,2020-06-09
Los Ríos,14,Valdivia,14101,5,2020-06-10
Los Ríos,14,Valdivia,14101,4,2020-06-11
Los Ríos,14,Valdivia,14101,6,2020-06-12
Los Ríos,14,Valdivia,14101,8,2020-06-15
Los Ríos,14,Valdivia,14101,4,2020-06-16
Los Ríos,14,Valdivia,14101,5,2020-06-17
Los Ríos,14,Valdivia,14101,4,2020-06-18
Los Ríos,14,Valdivia,14101,6,2020-06-19
Los Ríos,14,Valdivia,14101,7,2020-06-22
Los Ríos,14,Valdivia,14101,4,2020-06-23
Los Ríos,14,Valdivia,14101,5,2020-06-24
Los Ríos,14,Valdivia,14101,3,2020-06-25
Los Ríos,14,Valdivia,14101,6,2020-06-26
Los Ríos,14,Valdivia,14101,3,2020-06-28
Los Ríos,14,Valdivia,14101,11,2020-06-30
Los Ríos,14,Valdivia,14101,2,2020-07-01
Los Ríos,14,Valdivia,14101,4,2020-07-02
Los Ríos,14,Valdivia,14101,11,2020-07-03
Los Ríos,14,Valdivia,14101,2,2020-07-04
Los Ríos,14,Valdivia,14101,9,2020-07-06
Los Ríos,14,Valdivia,14101,3,2020-07-07
Los Ríos,14,Valdivia,14101,6,2020-07-08
Los Ríos,14,Valdivia,14101,6,2020-07-09
Los Ríos,14,Valdivia,14101,5,2020-07-10
Los Ríos,14,Valdivia,14101,6,2020-07-13
Los Ríos,14,Valdivia,14101,4,2020-07-14
Los Ríos,14,Valdivia,14101,3,2020-07-15
Los Ríos,14,Valdivia,14101,9,2020-07-17
Los Ríos,14,Valdivia,14101,12,2020-07-20
Los Ríos,14,Valdivia,14101,7,2020-07-21
Los Ríos,14,Valdivia,14101,3,2020-07-22
Los Ríos,14,Valdivia,14101,5,2020-07-23
Los Ríos,14,Valdivia,14101,3,2020-07-24
Los Ríos,14,Valdivia,14101,7,2020-07-27
Los Ríos,14,Valdivia,14101,5,2020-07-28
Los Ríos,14,Valdivia,14101,6,2020-07-29
Los Ríos,14,Valdivia,14101,1,2020-07-30
Los Ríos,14,Valdivia,14101,1,2020-07-31
Los Ríos,14,Valdivia,14101,1,2020-08-02
Los Ríos,14,Valdivia,14101,5,2020-08-03
Los Ríos,14,Valdivia,14101,9,2020-08-04
Los Ríos,14,Valdivia,14101,5,2020-08-05
Los Ríos,14,Valdivia,14101,2,2020-08-06
Los Ríos,14,Valdivia,14101,3,2020-08-07
Los Ríos,14,Valdivia,14101,1,2020-08-08
Los Ríos,14,Valdivia,14101,15,2020-08-10
Los Ríos,14,Valdivia,14101,3,2020-08-11
Los Ríos,14,Valdivia,14101,5,2020-08-12
Los Ríos,14,Valdivia,14101,3,2020-08-13
Los Ríos,14,Valdivia,14101,6,2020-08-14
Los Ríos,14,Valdivia,14101,9,2020-08-17
Los Ríos,14,Valdivia,14101,5,2020-08-19
Los Ríos,14,Valdivia,14101,2,2020-08-20
Los Ríos,14,Valdivia,14101,5,2020-08-21
Los Ríos,14,Valdivia,14101,1,2020-08-22
Los Ríos,14,Valdivia,14101,10,2020-08-24
Los Ríos,14,Valdivia,14101,7,2020-08-25
Los Ríos,14,Valdivia,14101,6,2020-08-26
Los Ríos,14,Valdivia,14101,5,2020-08-27
Los Ríos,14,Valdivia,14101,5,2020-08-28
Los Ríos,14,Valdivia,14101,2,2020-08-29
Los Ríos,14,Valdivia,14101,8,2020-08-31
Los Ríos,14,Valdivia,14101,3,2020-09-01
Los Ríos,14,Valdivia,14101,4,2020-09-02
Los Ríos,14,Valdivia,14101,3,2020-09-03
Los Ríos,14,Valdivia,14101,5,2020-09-04
Los Ríos,14,Valdivia,14101,12,2020-09-07
Los Ríos,14,Valdivia,14101,7,2020-09-08
Los Ríos,14,Valdivia,14101,3,2020-09-09
Los Ríos,14,Valdivia,14101,7,2020-09-10
Los Ríos,14,Valdivia,14101,6,2020-09-11
Los Ríos,14,Valdivia,14101,8,2020-09-14
Los Ríos,14,Valdivia,14101,2,2020-09-15
Los Ríos,14,Valdivia,14101,11,2020-09-16
Los Ríos,14,Valdivia,14101,5,2020-09-17
Los Ríos,14,Valdivia,14101,1,2020-09-18
Los Ríos,14,Valdivia,14101,2,2020-09-19
Los Ríos,14,Valdivia,14101,17,2020-09-21
Los Ríos,14,Valdivia,14101,5,2020-09-22
Los Ríos,14,Valdivia,14101,5,2020-09-23
Los Ríos,14,Valdivia,14101,5,2020-09-24
Los Ríos,14,Valdivia,14101,4,2020-09-25
Los Ríos,14,Valdivia,14101,1,2020-09-26
Los Ríos,14,Valdivia,14101,13,2020-09-28
Los Ríos,14,Valdivia,14101,1,2020-09-29
Los Ríos,14,Valdivia,14101,4,2020-09-30
Los Ríos,14,Valdivia,14101,6,2020-10-01
Los Ríos,14,Valdivia,14101,5,2020-10-02
Los Ríos,14,Valdivia,14101,11,2020-10-05
Los Ríos,14,Valdivia,14101,6,2020-10-06
Los Ríos,14,Valdivia,14101,1,2020-10-07
Los Ríos,14,Valdivia,14101,6,2020-10-08
Los Ríos,14,Valdivia,14101,7,2020-10-09
Los Ríos,14,Valdivia,14101,3,2020-10-11
Los Ríos,14,Valdivia,14101,1,2020-10-12
Los Ríos,14,Valdivia,14101,12,2020-10-13
Los Ríos,14,Valdivia,14101,4,2020-10-14
Los Ríos,14,Valdivia,14101,4,2020-10-15
Los Ríos,14,Valdivia,14101,5,2020-10-16
Los Ríos,14,Valdivia,14101,2,2020-10-17
Los Ríos,14,Valdivia,14101,4,2020-10-19
Los Ríos,14,Valdivia,14101,7,2020-10-20
Los Ríos,14,Valdivia,14101,2,2020-10-21
Los Ríos,14,Valdivia,14101,3,2020-10-22
Los Ríos,14,Valdivia,14101,3,2020-10-23
Los Ríos,14,Valdivia,14101,1,2020-10-24
Los Ríos,14,Valdivia,14101,14,2020-10-26
Los Ríos,14,Valdivia,14101,4,2020-10-27
Los Ríos,14,Valdivia,14101,3,2020-10-28
Los Ríos,14,Valdivia,14101,3,2020-10-29
Los Ríos,14,Valdivia,14101,4,2020-10-30
Los Ríos,14,Valdivia,14101,16,2020-11-02
Los Ríos,14,Valdivia,14101,5,2020-11-03
Los Ríos,14,Valdivia,14101,5,2020-11-04
Los Ríos,14,Valdivia,14101,5,2020-11-05
Los Ríos,14,Valdivia,14101,7,2020-11-06
Los Ríos,14,Valdivia,14101,2,2020-11-07
Los Ríos,14,Valdivia,14101,8,2020-11-09
Los Ríos,14,Valdivia,14101,7,2020-11-10
Los Ríos,14,Valdivia,14101,8,2020-11-11
Los Ríos,14,Valdivia,14101,2,2020-11-12
Los Ríos,14,Valdivia,14101,4,2020-11-13
Los Ríos,14,Valdivia,14101,8,2020-11-16
Los Ríos,14,Valdivia,14101,6,2020-11-17
Los Ríos,14,Valdivia,14101,1,2020-11-18
Los Ríos,14,Valdivia,14101,5,2020-11-19
Los Ríos,14,Valdivia,14101,4,2020-11-20
Los Ríos,14,Valdivia,14101,1,2020-11-22
Los Ríos,14,Valdivia,14101,14,2020-11-23
Los Ríos,14,Valdivia,14101,4,2020-11-24
Los Ríos,14,Valdivia,14101,6,2020-11-25
Los Ríos,14,Valdivia,14101,3,2020-11-26
Los Ríos,14,Valdivia,14101,7,2020-11-27
Los Ríos,14,Valdivia,14101,13,2020-11-30
Los Ríos,14,Valdivia,14101,3,2020-12-01
Los Ríos,14,Valdivia,14101,2,2020-12-02
Los Ríos,14,Valdivia,14101,4,2020-12-03
Los Ríos,14,Valdivia,14101,7,2020-12-04
Los Ríos,14,Valdivia,14101,13,2020-12-07
Los Ríos,14,Valdivia,14101,11,2020-12-09
Los Ríos,14,Valdivia,14101,5,2020-12-10
Los Ríos,14,Valdivia,14101,5,2020-12-11
Los Ríos,14,Valdivia,14101,1,2020-12-13
Los Ríos,14,Valdivia,14101,9,2020-12-14
Los Ríos,14,Valdivia,14101,3,2020-12-15
Los Ríos,14,Valdivia,14101,6,2020-12-16
Los Ríos,14,Valdivia,14101,5,2020-12-17
Los Ríos,14,Valdivia,14101,4,2020-12-18
Los Ríos,14,Valdivia,14101,12,2020-12-21
Los Ríos,14,Valdivia,14101,8,2020-12-22
Los Ríos,14,Valdivia,14101,10,2020-12-23
Los Ríos,14,Valdivia,14101,3,2020-12-24
Los Ríos,14,Valdivia,14101,23,2020-12-28
Los Ríos,14,Valdivia,14101,8,2020-12-29
Los Ríos,14,Valdivia,14101,11,2020-12-30
Los Ríos,14,Valdivia,14101,10,2020-12-31
Los Ríos,14,Valdivia,14101,2,2021-01-02
Los Ríos,14,Valdivia,14101,17,2021-01-04
Los Ríos,14,Valdivia,14101,4,2021-01-05
Los Ríos,14,Valdivia,14101,6,2021-01-06
Los Ríos,14,Valdivia,14101,4,2021-01-07
Los Ríos,14,Valdivia,14101,6,2021-01-08
Los Ríos,14,Valdivia,14101,1,2021-01-10
Los Ríos,14,Valdivia,14101,13,2021-01-11
Los Ríos,14,Valdivia,14101,5,2021-01-12
Los Ríos,14,Valdivia,14101,3,2021-01-13
Los Ríos,14,Valdivia,14101,3,2021-01-14
Los Ríos,14,Corral,14102,1,2020-01-09
Los Ríos,14,Corral,14102,1,2020-01-14
Los Ríos,14,Corral,14102,1,2020-01-20
Los Ríos,14,Corral,14102,1,2020-01-27
Los Ríos,14,Corral,14102,1,2020-02-04
Los Ríos,14,Corral,14102,1,2020-02-11
Los Ríos,14,Corral,14102,1,2020-02-12
Los Ríos,14,Corral,14102,1,2020-02-28
Los Ríos,14,Corral,14102,1,2020-03-12
Los Ríos,14,Corral,14102,1,2020-03-27
Los Ríos,14,Corral,14102,1,2020-05-04
Los Ríos,14,Corral,14102,1,2020-05-26
Los Ríos,14,Corral,14102,1,2020-06-08
Los Ríos,14,Corral,14102,1,2020-06-10
Los Ríos,14,Corral,14102,1,2020-06-22
Los Ríos,14,Corral,14102,1,2020-07-06
Los Ríos,14,Corral,14102,1,2020-07-20
Los Ríos,14,Corral,14102,1,2020-07-24
Los Ríos,14,Corral,14102,1,2020-07-27
Los Ríos,14,Corral,14102,1,2020-08-07
Los Ríos,14,Corral,14102,1,2020-08-12
Los Ríos,14,Corral,14102,1,2020-08-17
Los Ríos,14,Corral,14102,3,2020-08-24
Los Ríos,14,Corral,14102,1,2020-08-29
Los Ríos,14,Corral,14102,1,2020-09-07
Los Ríos,14,Corral,14102,2,2020-10-05
Los Ríos,14,Corral,14102,1,2020-10-09
Los Ríos,14,Corral,14102,1,2020-10-19
Los Ríos,14,Corral,14102,1,2020-10-30
Los Ríos,14,Corral,14102,1,2020-11-02
Los Ríos,14,Corral,14102,1,2020-11-23
Los Ríos,14,Corral,14102,1,2020-11-25
Los Ríos,14,Corral,14102,1,2020-11-27
Los Ríos,14,Corral,14102,1,2020-11-30
Los Ríos,14,Corral,14102,2,2020-12-14
Los Ríos,14,Corral,14102,2,2020-12-16
Los Ríos,14,Corral,14102,1,2020-12-18
Los Ríos,14,Corral,14102,1,2021-01-04
Los Ríos,14,Corral,14102,1,2021-01-05
Los Ríos,14,Lanco,14103,3,2020-01-02
Los Ríos,14,Lanco,14103,1,2020-01-09
Los Ríos,14,Lanco,14103,1,2020-02-06
Los Ríos,14,Lanco,14103,2,2020-02-11
Los Ríos,14,Lanco,14103,1,2020-02-13
Los Ríos,14,Lanco,14103,1,2020-02-17
Los Ríos,14,Lanco,14103,1,2020-02-26
Los Ríos,14,Lanco,14103,1,2020-02-28
Los Ríos,14,Lanco,14103,1,2020-03-02
Los Ríos,14,Lanco,14103,3,2020-03-09
Los Ríos,14,Lanco,14103,1,2020-03-11
Los Ríos,14,Lanco,14103,2,2020-03-17
Los Ríos,14,Lanco,14103,1,2020-03-19
Los Ríos,14,Lanco,14103,1,2020-03-26
Los Ríos,14,Lanco,14103,1,2020-03-30
Los Ríos,14,Lanco,14103,2,2020-04-01
Los Ríos,14,Lanco,14103,2,2020-04-06
Los Ríos,14,Lanco,14103,3,2020-04-15
Los Ríos,14,Lanco,14103,1,2020-04-16
Los Ríos,14,Lanco,14103,1,2020-04-21
Los Ríos,14,Lanco,14103,1,2020-04-22
Los Ríos,14,Lanco,14103,1,2020-04-23
Los Ríos,14,Lanco,14103,1,2020-04-27
Los Ríos,14,Lanco,14103,1,2020-05-04
Los Ríos,14,Lanco,14103,1,2020-05-11
Los Ríos,14,Lanco,14103,1,2020-05-18
Los Ríos,14,Lanco,14103,1,2020-05-29
Los Ríos,14,Lanco,14103,1,2020-06-03
Los Ríos,14,Lanco,14103,2,2020-06-05
Los Ríos,14,Lanco,14103,2,2020-06-10
Los Ríos,14,Lanco,14103,1,2020-06-17
Los Ríos,14,Lanco,14103,1,2020-06-22
Los Ríos,14,Lanco,14103,3,2020-06-26
Los Ríos,14,Lanco,14103,2,2020-06-30
Los Ríos,14,Lanco,14103,1,2020-07-02
Los Ríos,14,Lanco,14103,1,2020-07-06
Los Ríos,14,Lanco,14103,1,2020-07-13
Los Ríos,14,Lanco,14103,1,2020-07-17
Los Ríos,14,Lanco,14103,1,2020-07-20
Los Ríos,14,Lanco,14103,1,2020-07-24
Los Ríos,14,Lanco,14103,1,2020-07-27
Los Ríos,14,Lanco,14103,2,2020-08-17
Los Ríos,14,Lanco,14103,1,2020-08-21
Los Ríos,14,Lanco,14103,2,2020-08-24
Los Ríos,14,Lanco,14103,1,2020-09-02
Los Ríos,14,Lanco,14103,1,2020-09-07
Los Ríos,14,Lanco,14103,1,2020-09-10
Los Ríos,14,Lanco,14103,1,2020-09-16
Los Ríos,14,Lanco,14103,1,2020-09-23
Los Ríos,14,Lanco,14103,3,2020-09-28
Los Ríos,14,Lanco,14103,1,2020-10-02
Los Ríos,14,Lanco,14103,1,2020-10-07
Los Ríos,14,Lanco,14103,1,2020-10-10
Los Ríos,14,Lanco,14103,3,2020-10-13
Los Ríos,14,Lanco,14103,1,2020-10-20
Los Ríos,14,Lanco,14103,1,2020-10-26
Los Ríos,14,Lanco,14103,2,2020-11-02
Los Ríos,14,Lanco,14103,1,2020-11-03
Los Ríos,14,Lanco,14103,3,2020-11-09
Los Ríos,14,Lanco,14103,1,2020-11-12
Los Ríos,14,Lanco,14103,2,2020-11-16
Los Ríos,14,Lanco,14103,1,2020-11-17
Los Ríos,14,Lanco,14103,1,2020-11-19
Los Ríos,14,Lanco,14103,1,2020-11-23
Los Ríos,14,Lanco,14103,1,2020-11-26
Los Ríos,14,Lanco,14103,1,2020-12-02
Los Ríos,14,Lanco,14103,1,2020-12-07
Los Ríos,14,Lanco,14103,1,2020-12-09
Los Ríos,14,Lanco,14103,1,2020-12-10
Los Ríos,14,Lanco,14103,1,2020-12-14
Los Ríos,14,Lanco,14103,1,2020-12-16
Los Ríos,14,Lanco,14103,1,2020-12-21
Los Ríos,14,Lanco,14103,1,2020-12-22
Los Ríos,14,Lanco,14103,2,2020-12-28
Los Ríos,14,Lanco,14103,1,2021-01-06
Los Ríos,14,Lanco,14103,3,2021-01-11
Los Ríos,14,Los Lagos,14104,1,2020-01-03
Los Ríos,14,Los Lagos,14104,1,2020-01-07
Los Ríos,14,Los Lagos,14104,2,2020-01-10
Los Ríos,14,Los Lagos,14104,1,2020-01-13
Los Ríos,14,Los Lagos,14104,1,2020-01-14
Los Ríos,14,Los Lagos,14104,1,2020-01-21
Los Ríos,14,Los Lagos,14104,1,2020-01-22
Los Ríos,14,Los Lagos,14104,1,2020-01-23
Los Ríos,14,Los Lagos,14104,1,2020-01-29
Los Ríos,14,Los Lagos,14104,1,2020-02-10
Los Ríos,14,Los Lagos,14104,1,2020-02-12
Los Ríos,14,Los Lagos,14104,1,2020-02-17
Los Ríos,14,Los Lagos,14104,1,2020-02-19
Los Ríos,14,Los Lagos,14104,1,2020-02-21
Los Ríos,14,Los Lagos,14104,1,2020-02-27
Los Ríos,14,Los Lagos,14104,2,2020-03-05
Los Ríos,14,Los Lagos,14104,1,2020-03-09
Los Ríos,14,Los Lagos,14104,1,2020-03-12
Los Ríos,14,Los Lagos,14104,2,2020-03-13
Los Ríos,14,Los Lagos,14104,1,2020-03-18
Los Ríos,14,Los Lagos,14104,1,2020-03-19
Los Ríos,14,Los Lagos,14104,3,2020-03-23
Los Ríos,14,Los Lagos,14104,1,2020-03-25
Los Ríos,14,Los Lagos,14104,1,2020-03-30
Los Ríos,14,Los Lagos,14104,2,2020-03-31
Los Ríos,14,Los Lagos,14104,1,2020-04-06
Los Ríos,14,Los Lagos,14104,1,2020-04-07
Los Ríos,14,Los Lagos,14104,1,2020-04-08
Los Ríos,14,Los Lagos,14104,1,2020-04-09
Los Ríos,14,Los Lagos,14104,1,2020-04-14
Los Ríos,14,Los Lagos,14104,2,2020-04-24
Los Ríos,14,Los Lagos,14104,1,2020-04-27
Los Ríos,14,Los Lagos,14104,1,2020-04-29
Los Ríos,14,Los Lagos,14104,1,2020-05-05
Los Ríos,14,Los Lagos,14104,2,2020-05-11
Los Ríos,14,Los Lagos,14104,1,2020-05-12
Los Ríos,14,Los Lagos,14104,2,2020-05-25
Los Ríos,14,Los Lagos,14104,1,2020-05-28
Los Ríos,14,Los Lagos,14104,1,2020-05-31
Los Ríos,14,Los Lagos,14104,1,2020-06-04
Los Ríos,14,Los Lagos,14104,1,2020-06-08
Los Ríos,14,Los Lagos,14104,1,2020-06-10
Los Ríos,14,Los Lagos,14104,1,2020-06-12
Los Ríos,14,Los Lagos,14104,2,2020-06-15
Los Ríos,14,Los Lagos,14104,1,2020-06-21
Los Ríos,14,Los Lagos,14104,4,2020-06-26
Los Ríos,14,Los Lagos,14104,1,2020-06-28
Los Ríos,14,Los Lagos,14104,0,2020-06-30
Los Ríos,14,Los Lagos,14104,1,2020-07-02
Los Ríos,14,Los Lagos,14104,1,2020-07-06
Los Ríos,14,Los Lagos,14104,2,2020-07-17
Los Ríos,14,Los Lagos,14104,2,2020-07-20
Los Ríos,14,Los Lagos,14104,1,2020-07-24
Los Ríos,14,Los Lagos,14104,1,2020-07-27
Los Ríos,14,Los Lagos,14104,1,2020-08-02
Los Ríos,14,Los Lagos,14104,1,2020-08-04
Los Ríos,14,Los Lagos,14104,2,2020-08-05
Los Ríos,14,Los Lagos,14104,2,2020-08-10
Los Ríos,14,Los Lagos,14104,1,2020-08-11
Los Ríos,14,Los Lagos,14104,1,2020-08-12
Los Ríos,14,Los Lagos,14104,1,2020-08-19
Los Ríos,14,Los Lagos,14104,1,2020-08-20
Los Ríos,14,Los Lagos,14104,2,2020-08-24
Los Ríos,14,Los Lagos,14104,1,2020-09-02
Los Ríos,14,Los Lagos,14104,3,2020-09-11
Los Ríos,14,Los Lagos,14104,1,2020-09-14
Los Ríos,14,Los Lagos,14104,2,2020-09-16
Los Ríos,14,Los Lagos,14104,1,2020-09-19
Los Ríos,14,Los Lagos,14104,2,2020-09-21
Los Ríos,14,Los Lagos,14104,1,2020-09-24
Los Ríos,14,Los Lagos,14104,1,2020-09-30
Los Ríos,14,Los Lagos,14104,1,2020-10-06
Los Ríos,14,Los Lagos,14104,2,2020-10-07
Los Ríos,14,Los Lagos,14104,1,2020-10-13
Los Ríos,14,Los Lagos,14104,1,2020-10-22
Los Ríos,14,Los Lagos,14104,3,2020-10-23
Los Ríos,14,Los Lagos,14104,1,2020-10-26
Los Ríos,14,Los Lagos,14104,1,2020-10-29
Los Ríos,14,Los Lagos,14104,1,2020-11-02
Los Ríos,14,Los Lagos,14104,2,2020-11-05
Los Ríos,14,Los Lagos,14104,1,2020-11-10
Los Ríos,14,Los Lagos,14104,1,2020-11-11
Los Ríos,14,Los Lagos,14104,2,2020-11-12
Los Ríos,14,Los Lagos,14104,1,2020-11-21
Los Ríos,14,Los Lagos,14104,4,2020-11-30
Los Ríos,14,Los Lagos,14104,1,2020-12-03
Los Ríos,14,Los Lagos,14104,1,2020-12-04
Los Ríos,14,Los Lagos,14104,1,2020-12-09
Los Ríos,14,Los Lagos,14104,3,2020-12-10
Los Ríos,14,Los Lagos,14104,2,2020-12-11
Los Ríos,14,Los Lagos,14104,2,2020-12-14
Los Ríos,14,Los Lagos,14104,1,2020-12-18
Los Ríos,14,Los Lagos,14104,1,2020-12-21
Los Ríos,14,Los Lagos,14104,1,2020-12-24
Los Ríos,14,Los Lagos,14104,1,2020-12-29
Los Ríos,14,Los Lagos,14104,1,2021-01-03
Los Ríos,14,Los Lagos,14104,1,2021-01-04
Los Ríos,14,Los Lagos,14104,1,2021-01-08
Los Ríos,14,Los Lagos,14104,1,2021-01-11
Los Ríos,14,Los Lagos,14104,1,2021-01-13
Los Ríos,14,Máfil,14105,1,2020-01-22
Los Ríos,14,Máfil,14105,1,2020-01-29
Los Ríos,14,Máfil,14105,1,2020-02-10
Los Ríos,14,Máfil,14105,1,2020-02-25
Los Ríos,14,Máfil,14105,1,2020-03-02
Los Ríos,14,Máfil,14105,1,2020-03-30
Los Ríos,14,Máfil,14105,1,2020-04-20
Los Ríos,14,Máfil,14105,2,2020-04-24
Los Ríos,14,Máfil,14105,1,2020-05-14
Los Ríos,14,Máfil,14105,1,2020-05-19
Los Ríos,14,Máfil,14105,1,2020-06-08
Los Ríos,14,Máfil,14105,1,2020-06-17
Los Ríos,14,Máfil,14105,1,2020-07-08
Los Ríos,14,Máfil,14105,1,2020-07-21
Los Ríos,14,Máfil,14105,1,2020-07-24
Los Ríos,14,Máfil,14105,1,2020-08-21
Los Ríos,14,Máfil,14105,1,2020-08-24
Los Ríos,14,Máfil,14105,1,2020-08-25
Los Ríos,14,Máfil,14105,1,2020-09-08
Los Ríos,14,Máfil,14105,1,2020-09-11
Los Ríos,14,Máfil,14105,1,2020-09-24
Los Ríos,14,Máfil,14105,1,2020-09-29
Los Ríos,14,Máfil,14105,1,2020-10-02
Los Ríos,14,Máfil,14105,1,2020-10-06
Los Ríos,14,Máfil,14105,1,2020-10-20
Los Ríos,14,Máfil,14105,1,2020-11-19
Los Ríos,14,Máfil,14105,1,2020-11-23
Los Ríos,14,Máfil,14105,1,2020-12-01
Los Ríos,14,Máfil,14105,1,2020-12-28
Los Ríos,14,Mariquina,14106,1,2020-01-06
Los Ríos,14,Mariquina,14106,1,2020-01-08
Los Ríos,14,Mariquina,14106,2,2020-01-15
Los Ríos,14,Mariquina,14106,1,2020-01-16
Los Ríos,14,Mariquina,14106,1,2020-01-21
Los Ríos,14,Mariquina,14106,1,2020-01-22
Los Ríos,14,Mariquina,14106,1,2020-01-24
Los Ríos,14,Mariquina,14106,3,2020-01-27
Los Ríos,14,Mariquina,14106,1,2020-01-31
Los Ríos,14,Mariquina,14106,2,2020-02-03
Los Ríos,14,Mariquina,14106,1,2020-02-10
Los Ríos,14,Mariquina,14106,1,2020-02-12
Los Ríos,14,Mariquina,14106,1,2020-02-13
Los Ríos,14,Mariquina,14106,1,2020-02-17
Los Ríos,14,Mariquina,14106,1,2020-02-20
Los Ríos,14,Mariquina,14106,2,2020-02-24
Los Ríos,14,Mariquina,14106,1,2020-02-25
Los Ríos,14,Mariquina,14106,1,2020-03-02
Los Ríos,14,Mariquina,14106,2,2020-03-09
Los Ríos,14,Mariquina,14106,1,2020-03-27
Los Ríos,14,Mariquina,14106,2,2020-03-30
Los Ríos,14,Mariquina,14106,1,2020-04-06
Los Ríos,14,Mariquina,14106,1,2020-04-13
Los Ríos,14,Mariquina,14106,1,2020-04-17
Los Ríos,14,Mariquina,14106,3,2020-04-21
Los Ríos,14,Mariquina,14106,1,2020-04-22
Los Ríos,14,Mariquina,14106,3,2020-04-24
Los Ríos,14,Mariquina,14106,1,2020-04-28
Los Ríos,14,Mariquina,14106,1,2020-04-29
Los Ríos,14,Mariquina,14106,1,2020-04-30
Los Ríos,14,Mariquina,14106,1,2020-05-05
Los Ríos,14,Mariquina,14106,1,2020-05-08
Los Ríos,14,Mariquina,14106,2,2020-05-22
Los Ríos,14,Mariquina,14106,1,2020-05-25
Los Ríos,14,Mariquina,14106,1,2020-05-26
Los Ríos,14,Mariquina,14106,0,2020-05-28
Los Ríos,14,Mariquina,14106,1,2020-06-01
Los Ríos,14,Mariquina,14106,2,2020-06-09
Los Ríos,14,Mariquina,14106,1,2020-06-10
Los Ríos,14,Mariquina,14106,2,2020-06-11
Los Ríos,14,Mariquina,14106,2,2020-06-18
Los Ríos,14,Mariquina,14106,2,2020-06-19
Los Ríos,14,Mariquina,14106,1,2020-06-23
Los Ríos,14,Mariquina,14106,1,2020-06-26
Los Ríos,14,Mariquina,14106,2,2020-06-30
Los Ríos,14,Mariquina,14106,2,2020-07-06
Los Ríos,14,Mariquina,14106,3,2020-07-07
Los Ríos,14,Mariquina,14106,1,2020-07-08
Los Ríos,14,Mariquina,14106,2,2020-07-13
Los Ríos,14,Mariquina,14106,1,2020-07-15
Los Ríos,14,Mariquina,14106,1,2020-07-17
Los Ríos,14,Mariquina,14106,1,2020-07-21
Los Ríos,14,Mariquina,14106,1,2020-07-24
Los Ríos,14,Mariquina,14106,1,2020-07-27
Los Ríos,14,Mariquina,14106,1,2020-07-30
Los Ríos,14,Mariquina,14106,4,2020-08-03
Los Ríos,14,Mariquina,14106,2,2020-08-04
Los Ríos,14,Mariquina,14106,1,2020-08-06
Los Ríos,14,Mariquina,14106,2,2020-08-10
Los Ríos,14,Mariquina,14106,1,2020-08-12
Los Ríos,14,Mariquina,14106,1,2020-08-13
Los Ríos,14,Mariquina,14106,4,2020-08-17
Los Ríos,14,Mariquina,14106,1,2020-08-20
Los Ríos,14,Mariquina,14106,1,2020-08-24
Los Ríos,14,Mariquina,14106,1,2020-08-28
Los Ríos,14,Mariquina,14106,1,2020-09-02
Los Ríos,14,Mariquina,14106,1,2020-09-04
Los Ríos,14,Mariquina,14106,1,2020-09-14
Los Ríos,14,Mariquina,14106,1,2020-09-17
Los Ríos,14,Mariquina,14106,1,2020-09-21
Los Ríos,14,Mariquina,14106,1,2020-09-22
Los Ríos,14,Mariquina,14106,1,2020-09-24
Los Ríos,14,Mariquina,14106,2,2020-09-28
Los Ríos,14,Mariquina,14106,1,2020-10-01
Los Ríos,14,Mariquina,14106,1,2020-10-05
Los Ríos,14,Mariquina,14106,1,2020-10-08
Los Ríos,14,Mariquina,14106,1,2020-10-09
Los Ríos,14,Mariquina,14106,4,2020-10-13
Los Ríos,14,Mariquina,14106,2,2020-10-15
Los Ríos,14,Mariquina,14106,1,2020-10-21
Los Ríos,14,Mariquina,14106,1,2020-10-22
Los Ríos,14,Mariquina,14106,1,2020-10-23
Los Ríos,14,Mariquina,14106,2,2020-10-26
Los Ríos,14,Mariquina,14106,1,2020-10-27
Los Ríos,14,Mariquina,14106,1,2020-10-30
Los Ríos,14,Mariquina,14106,2,2020-11-02
Los Ríos,14,Mariquina,14106,2,2020-11-16
Los Ríos,14,Mariquina,14106,1,2020-11-17
Los Ríos,14,Mariquina,14106,2,2020-11-18
Los Ríos,14,Mariquina,14106,1,2020-11-19
Los Ríos,14,Mariquina,14106,1,2020-11-20
Los Ríos,14,Mariquina,14106,1,2020-11-23
Los Ríos,14,Mariquina,14106,2,2020-11-24
Los Ríos,14,Mariquina,14106,1,2020-11-25
Los Ríos,14,Mariquina,14106,1,2020-11-26
Los Ríos,14,Mariquina,14106,1,2020-11-30
Los Ríos,14,Mariquina,14106,1,2020-12-09
Los Ríos,14,Mariquina,14106,1,2020-12-21
Los Ríos,14,Mariquina,14106,1,2020-12-29
Los Ríos,14,Mariquina,14106,1,2021-01-04
Los Ríos,14,Mariquina,14106,1,2021-01-05
Los Ríos,14,Mariquina,14106,2,2021-01-11
Los Ríos,14,Paillaco,14107,1,2020-01-02
Los Ríos,14,Paillaco,14107,1,2020-01-07
Los Ríos,14,Paillaco,14107,1,2020-01-14
Los Ríos,14,Paillaco,14107,1,2020-01-15
Los Ríos,14,Paillaco,14107,1,2020-01-17
Los Ríos,14,Paillaco,14107,1,2020-01-20
Los Ríos,14,Paillaco,14107,1,2020-01-23
Los Ríos,14,Paillaco,14107,1,2020-01-24
Los Ríos,14,Paillaco,14107,1,2020-01-30
Los Ríos,14,Paillaco,14107,2,2020-02-05
Los Ríos,14,Paillaco,14107,1,2020-02-06
Los Ríos,14,Paillaco,14107,1,2020-02-17
Los Ríos,14,Paillaco,14107,1,2020-02-21
Los Ríos,14,Paillaco,14107,2,2020-03-02
Los Ríos,14,Paillaco,14107,1,2020-03-03
Los Ríos,14,Paillaco,14107,1,2020-03-04
Los Ríos,14,Paillaco,14107,1,2020-03-05
Los Ríos,14,Paillaco,14107,1,2020-03-09
Los Ríos,14,Paillaco,14107,2,2020-03-10
Los Ríos,14,Paillaco,14107,1,2020-03-20
Los Ríos,14,Paillaco,14107,1,2020-03-26
Los Ríos,14,Paillaco,14107,2,2020-04-02
Los Ríos,14,Paillaco,14107,2,2020-04-06
Los Ríos,14,Paillaco,14107,2,2020-04-09
Los Ríos,14,Paillaco,14107,1,2020-04-20
Los Ríos,14,Paillaco,14107,1,2020-04-24
Los Ríos,14,Paillaco,14107,3,2020-04-27
Los Ríos,14,Paillaco,14107,1,2020-05-25
Los Ríos,14,Paillaco,14107,1,2020-05-27
Los Ríos,14,Paillaco,14107,1,2020-06-02
Los Ríos,14,Paillaco,14107,1,2020-06-03
Los Ríos,14,Paillaco,14107,1,2020-06-05
Los Ríos,14,Paillaco,14107,1,2020-06-08
Los Ríos,14,Paillaco,14107,1,2020-06-10
Los Ríos,14,Paillaco,14107,1,2020-06-11
Los Ríos,14,Paillaco,14107,3,2020-06-17
Los Ríos,14,Paillaco,14107,1,2020-06-19
Los Ríos,14,Paillaco,14107,2,2020-06-25
Los Ríos,14,Paillaco,14107,1,2020-06-30
Los Ríos,14,Paillaco,14107,3,2020-07-02
Los Ríos,14,Paillaco,14107,1,2020-07-06
Los Ríos,14,Paillaco,14107,1,2020-07-07
Los Ríos,14,Paillaco,14107,1,2020-07-08
Los Ríos,14,Paillaco,14107,1,2020-07-09
Los Ríos,14,Paillaco,14107,1,2020-07-10
Los Ríos,14,Paillaco,14107,2,2020-07-13
Los Ríos,14,Paillaco,14107,1,2020-07-15
Los Ríos,14,Paillaco,14107,3,2020-07-22
Los Ríos,14,Paillaco,14107,1,2020-07-24
Los Ríos,14,Paillaco,14107,3,2020-07-27
Los Ríos,14,Paillaco,14107,2,2020-07-29
Los Ríos,14,Paillaco,14107,3,2020-07-31
Los Ríos,14,Paillaco,14107,3,2020-08-03
Los Ríos,14,Paillaco,14107,1,2020-08-05
Los Ríos,14,Paillaco,14107,1,2020-08-06
Los Ríos,14,Paillaco,14107,1,2020-08-07
Los Ríos,14,Paillaco,14107,1,2020-08-10
Los Ríos,14,Paillaco,14107,1,2020-08-12
Los Ríos,14,Paillaco,14107,1,2020-08-18
Los Ríos,14,Paillaco,14107,1,2020-08-20
Los Ríos,14,Paillaco,14107,1,2020-08-21
Los Ríos,14,Paillaco,14107,1,2020-08-24
Los Ríos,14,Paillaco,14107,3,2020-08-28
Los Ríos,14,Paillaco,14107,2,2020-08-31
Los Ríos,14,Paillaco,14107,1,2020-09-01
Los Ríos,14,Paillaco,14107,2,2020-09-02
Los Ríos,14,Paillaco,14107,1,2020-09-04
Los Ríos,14,Paillaco,14107,1,2020-09-07
Los Ríos,14,Paillaco,14107,1,2020-09-11
Los Ríos,14,Paillaco,14107,1,2020-09-14
Los Ríos,14,Paillaco,14107,2,2020-09-15
Los Ríos,14,Paillaco,14107,1,2020-09-17
Los Ríos,14,Paillaco,14107,1,2020-09-23
Los Ríos,14,Paillaco,14107,3,2020-09-24
Los Ríos,14,Paillaco,14107,3,2020-09-28
Los Ríos,14,Paillaco,14107,4,2020-10-05
Los Ríos,14,Paillaco,14107,1,2020-10-06
Los Ríos,14,Paillaco,14107,1,2020-10-10
Los Ríos,14,Paillaco,14107,1,2020-10-13
Los Ríos,14,Paillaco,14107,1,2020-10-14
Los Ríos,14,Paillaco,14107,1,2020-10-20
Los Ríos,14,Paillaco,14107,1,2020-10-21
Los Ríos,14,Paillaco,14107,1,2020-10-22
Los Ríos,14,Paillaco,14107,2,2020-10-26
Los Ríos,14,Paillaco,14107,2,2020-10-27
Los Ríos,14,Paillaco,14107,1,2020-11-02
Los Ríos,14,Paillaco,14107,3,2020-11-09
Los Ríos,14,Paillaco,14107,1,2020-11-11
Los Ríos,14,Paillaco,14107,1,2020-11-12
Los Ríos,14,Paillaco,14107,1,2020-11-13
Los Ríos,14,Paillaco,14107,1,2020-11-14
Los Ríos,14,Paillaco,14107,2,2020-11-16
Los Ríos,14,Paillaco,14107,2,2020-11-19
Los Ríos,14,Paillaco,14107,1,2020-11-20
Los Ríos,14,Paillaco,14107,1,2020-11-23
Los Ríos,14,Paillaco,14107,2,2020-11-24
Los Ríos,14,Paillaco,14107,1,2020-11-26
Los Ríos,14,Paillaco,14107,1,2020-11-30
Los Ríos,14,Paillaco,14107,1,2020-12-01
Los Ríos,14,Paillaco,14107,1,2020-12-07
Los Ríos,14,Paillaco,14107,1,2020-12-09
Los Ríos,14,Paillaco,14107,1,2020-12-11
Los Ríos,14,Paillaco,14107,1,2020-12-16
Los Ríos,14,Paillaco,14107,1,2020-12-21
Los Ríos,14,Paillaco,14107,2,2020-12-28
Los Ríos,14,Paillaco,14107,1,2020-12-30
Los Ríos,14,Paillaco,14107,2,2021-01-04
Los Ríos,14,Paillaco,14107,1,2021-01-06
Los Ríos,14,Paillaco,14107,3,2021-01-07
Los Ríos,14,Paillaco,14107,2,2021-01-11
Los Ríos,14,Paillaco,14107,1,2021-01-13
Los Ríos,14,Paillaco,14107,1,2021-01-14
Los Ríos,14,Panguipulli,14108,1,2020-01-03
Los Ríos,14,Panguipulli,14108,1,2020-01-06
Los Ríos,14,Panguipulli,14108,1,2020-01-07
Los Ríos,14,Panguipulli,14108,1,2020-01-13
Los Ríos,14,Panguipulli,14108,1,2020-01-20
Los Ríos,14,Panguipulli,14108,1,2020-01-22
Los Ríos,14,Panguipulli,14108,1,2020-01-23
Los Ríos,14,Panguipulli,14108,2,2020-01-27
Los Ríos,14,Panguipulli,14108,1,2020-01-28
Los Ríos,14,Panguipulli,14108,1,2020-01-29
Los Ríos,14,Panguipulli,14108,2,2020-01-30
Los Ríos,14,Panguipulli,14108,1,2020-02-05
Los Ríos,14,Panguipulli,14108,1,2020-02-10
Los Ríos,14,Panguipulli,14108,1,2020-02-11
Los Ríos,14,Panguipulli,14108,1,2020-02-14
Los Ríos,14,Panguipulli,14108,1,2020-02-17
Los Ríos,14,Panguipulli,14108,1,2020-02-24
Los Ríos,14,Panguipulli,14108,1,2020-02-27
Los Ríos,14,Panguipulli,14108,1,2020-03-02
Los Ríos,14,Panguipulli,14108,1,2020-03-05
Los Ríos,14,Panguipulli,14108,1,2020-03-06
Los Ríos,14,Panguipulli,14108,2,2020-03-09
Los Ríos,14,Panguipulli,14108,1,2020-03-11
Los Ríos,14,Panguipulli,14108,1,2020-03-13
Los Ríos,14,Panguipulli,14108,2,2020-03-17
Los Ríos,14,Panguipulli,14108,1,2020-03-18
Los Ríos,14,Panguipulli,14108,1,2020-03-20
Los Ríos,14,Panguipulli,14108,1,2020-03-24
Los Ríos,14,Panguipulli,14108,1,2020-03-26
Los Ríos,14,Panguipulli,14108,1,2020-03-27
Los Ríos,14,Panguipulli,14108,1,2020-04-03
Los Ríos,14,Panguipulli,14108,1,2020-04-07
Los Ríos,14,Panguipulli,14108,1,2020-04-13
Los Ríos,14,Panguipulli,14108,1,2020-04-16
Los Ríos,14,Panguipulli,14108,1,2020-04-17
Los Ríos,14,Panguipulli,14108,1,2020-04-21
Los Ríos,14,Panguipulli,14108,2,2020-04-23
Los Ríos,14,Panguipulli,14108,1,2020-04-24
Los Ríos,14,Panguipulli,14108,1,2020-04-27
Los Ríos,14,Panguipulli,14108,4,2020-04-28
Los Ríos,14,Panguipulli,14108,1,2020-04-30
Los Ríos,14,Panguipulli,14108,2,2020-05-04
Los Ríos,14,Panguipulli,14108,1,2020-05-06
Los Ríos,14,Panguipulli,14108,2,2020-05-07
Los Ríos,14,Panguipulli,14108,2,2020-05-15
Los Ríos,14,Panguipulli,14108,1,2020-05-22
Los Ríos,14,Panguipulli,14108,1,2020-05-25
Los Ríos,14,Panguipulli,14108,1,2020-05-27
Los Ríos,14,Panguipulli,14108,1,2020-06-02
Los Ríos,14,Panguipulli,14108,1,2020-06-08
Los Ríos,14,Panguipulli,14108,1,2020-06-10
Los Ríos,14,Panguipulli,14108,1,2020-06-12
Los Ríos,14,Panguipulli,14108,1,2020-06-17
Los Ríos,14,Panguipulli,14108,1,2020-06-24
Los Ríos,14,Panguipulli,14108,1,2020-07-01
Los Ríos,14,Panguipulli,14108,2,2020-07-03
Los Ríos,14,Panguipulli,14108,2,2020-07-06
Los Ríos,14,Panguipulli,14108,2,2020-07-08
Los Ríos,14,Panguipulli,14108,1,2020-07-10
Los Ríos,14,Panguipulli,14108,1,2020-07-13
Los Ríos,14,Panguipulli,14108,2,2020-07-14
Los Ríos,14,Panguipulli,14108,2,2020-07-15
Los Ríos,14,Panguipulli,14108,1,2020-07-17
Los Ríos,14,Panguipulli,14108,1,2020-07-20
Los Ríos,14,Panguipulli,14108,1,2020-07-21
Los Ríos,14,Panguipulli,14108,2,2020-07-23
Los Ríos,14,Panguipulli,14108,2,2020-07-24
Los Ríos,14,Panguipulli,14108,1,2020-07-27
Los Ríos,14,Panguipulli,14108,1,2020-07-28
Los Ríos,14,Panguipulli,14108,1,2020-07-30
Los Ríos,14,Panguipulli,14108,3,2020-07-31
Los Ríos,14,Panguipulli,14108,4,2020-08-03
Los Ríos,14,Panguipulli,14108,1,2020-08-10
Los Ríos,14,Panguipulli,14108,1,2020-08-13
Los Ríos,14,Panguipulli,14108,5,2020-08-17
Los Ríos,14,Panguipulli,14108,2,2020-08-19
Los Ríos,14,Panguipulli,14108,2,2020-08-21
Los Ríos,14,Panguipulli,14108,1,2020-08-25
Los Ríos,14,Panguipulli,14108,1,2020-08-26
Los Ríos,14,Panguipulli,14108,1,2020-08-27
Los Ríos,14,Panguipulli,14108,1,2020-08-31
Los Ríos,14,Panguipulli,14108,1,2020-09-01
Los Ríos,14,Panguipulli,14108,1,2020-09-02
Los Ríos,14,Panguipulli,14108,2,2020-09-03
Los Ríos,14,Panguipulli,14108,3,2020-09-07
Los Ríos,14,Panguipulli,14108,1,2020-09-08
Los Ríos,14,Panguipulli,14108,1,2020-09-09
Los Ríos,14,Panguipulli,14108,1,2020-09-11
Los Ríos,14,Panguipulli,14108,4,2020-09-14
Los Ríos,14,Panguipulli,14108,1,2020-09-15
Los Ríos,14,Panguipulli,14108,2,2020-09-16
Los Ríos,14,Panguipulli,14108,2,2020-09-21
Los Ríos,14,Panguipulli,14108,2,2020-09-22
Los Ríos,14,Panguipulli,14108,2,2020-09-23
Los Ríos,14,Panguipulli,14108,5,2020-09-28
Los Ríos,14,Panguipulli,14108,1,2020-09-30
Los Ríos,14,Panguipulli,14108,2,2020-10-02
Los Ríos,14,Panguipulli,14108,2,2020-10-05
Los Ríos,14,Panguipulli,14108,1,2020-10-06
Los Ríos,14,Panguipulli,14108,1,2020-10-07
Los Ríos,14,Panguipulli,14108,2,2020-10-13
Los Ríos,14,Panguipulli,14108,2,2020-10-16
Los Ríos,14,Panguipulli,14108,4,2020-10-20
Los Ríos,14,Panguipulli,14108,1,2020-10-22
Los Ríos,14,Panguipulli,14108,2,2020-10-23
Los Ríos,14,Panguipulli,14108,2,2020-10-27
Los Ríos,14,Panguipulli,14108,1,2020-10-28
Los Ríos,14,Panguipulli,14108,1,2020-10-30
Los Ríos,14,Panguipulli,14108,2,2020-11-02
Los Ríos,14,Panguipulli,14108,1,2020-11-03
Los Ríos,14,Panguipulli,14108,1,2020-11-04
Los Ríos,14,Panguipulli,14108,2,2020-11-05
Los Ríos,14,Panguipulli,14108,2,2020-11-09
Los Ríos,14,Panguipulli,14108,1,2020-11-10
Los Ríos,14,Panguipulli,14108,1,2020-11-12
Los Ríos,14,Panguipulli,14108,1,2020-11-16
Los Ríos,14,Panguipulli,14108,1,2020-11-21
Los Ríos,14,Panguipulli,14108,1,2020-11-24
Los Ríos,14,Panguipulli,14108,2,2020-11-27
Los Ríos,14,Panguipulli,14108,2,2020-11-30
Los Ríos,14,Panguipulli,14108,1,2020-12-01
Los Ríos,14,Panguipulli,14108,1,2020-12-02
Los Ríos,14,Panguipulli,14108,2,2020-12-04
Los Ríos,14,Panguipulli,14108,1,2020-12-09
Los Ríos,14,Panguipulli,14108,2,2020-12-11
Los Ríos,14,Panguipulli,14108,2,2020-12-15
Los Ríos,14,Panguipulli,14108,2,2020-12-17
Los Ríos,14,Panguipulli,14108,4,2020-12-21
Los Ríos,14,Panguipulli,14108,1,2020-12-22
Los Ríos,14,Panguipulli,14108,1,2020-12-23
Los Ríos,14,Panguipulli,14108,1,2020-12-24
Los Ríos,14,Panguipulli,14108,3,2020-12-28
Los Ríos,14,Panguipulli,14108,1,2020-12-29
Los Ríos,14,Panguipulli,14108,1,2020-12-30
Los Ríos,14,Panguipulli,14108,1,2020-12-31
Los Ríos,14,Panguipulli,14108,4,2021-01-04
Los Ríos,14,Panguipulli,14108,1,2021-01-05
Los Ríos,14,Panguipulli,14108,2,2021-01-11
Los Ríos,14,Panguipulli,14108,1,2021-01-12
Los Ríos,14,Panguipulli,14108,1,2021-01-13
Los Ríos,14,Panguipulli,14108,1,2021-01-14
Los Ríos,14,La Unión,14201,2,2020-01-02
Los Ríos,14,La Unión,14201,2,2020-01-06
Los Ríos,14,La Unión,14201,1,2020-01-07
Los Ríos,14,La Unión,14201,1,2020-01-10
Los Ríos,14,La Unión,14201,1,2020-01-13
Los Ríos,14,La Unión,14201,1,2020-01-14
Los Ríos,14,La Unión,14201,1,2020-01-15
Los Ríos,14,La Unión,14201,1,2020-01-16
Los Ríos,14,La Unión,14201,1,2020-01-22
Los Ríos,14,La Unión,14201,1,2020-01-23
Los Ríos,14,La Unión,14201,1,2020-01-24
Los Ríos,14,La Unión,14201,1,2020-01-31
Los Ríos,14,La Unión,14201,1,2020-02-03
Los Ríos,14,La Unión,14201,1,2020-02-05
Los Ríos,14,La Unión,14201,1,2020-02-06
Los Ríos,14,La Unión,14201,1,2020-02-07
Los Ríos,14,La Unión,14201,1,2020-02-14
Los Ríos,14,La Unión,14201,2,2020-02-17
Los Ríos,14,La Unión,14201,1,2020-02-20
Los Ríos,14,La Unión,14201,1,2020-02-21
Los Ríos,14,La Unión,14201,1,2020-02-24
Los Ríos,14,La Unión,14201,2,2020-02-26
Los Ríos,14,La Unión,14201,1,2020-02-27
Los Ríos,14,La Unión,14201,1,2020-03-02
Los Ríos,14,La Unión,14201,1,2020-03-03
Los Ríos,14,La Unión,14201,1,2020-03-05
Los Ríos,14,La Unión,14201,3,2020-03-09
Los Ríos,14,La Unión,14201,2,2020-03-11
Los Ríos,14,La Unión,14201,1,2020-03-12
Los Ríos,14,La Unión,14201,2,2020-03-13
Los Ríos,14,La Unión,14201,2,2020-03-16
Los Ríos,14,La Unión,14201,1,2020-03-18
Los Ríos,14,La Unión,14201,2,2020-03-19
Los Ríos,14,La Unión,14201,1,2020-03-20
Los Ríos,14,La Unión,14201,3,2020-03-24
Los Ríos,14,La Unión,14201,1,2020-03-25
Los Ríos,14,La Unión,14201,2,2020-03-27
Los Ríos,14,La Unión,14201,1,2020-03-30
Los Ríos,14,La Unión,14201,3,2020-03-31
Los Ríos,14,La Unión,14201,1,2020-04-01
Los Ríos,14,La Unión,14201,1,2020-04-02
Los Ríos,14,La Unión,14201,1,2020-04-07
Los Ríos,14,La Unión,14201,2,2020-04-13
Los Ríos,14,La Unión,14201,4,2020-04-20
Los Ríos,14,La Unión,14201,3,2020-04-22
Los Ríos,14,La Unión,14201,3,2020-04-24
Los Ríos,14,La Unión,14201,1,2020-04-27
Los Ríos,14,La Unión,14201,1,2020-04-28
Los Ríos,14,La Unión,14201,1,2020-05-03
Los Ríos,14,La Unión,14201,2,2020-05-04
Los Ríos,14,La Unión,14201,1,2020-05-05
Los Ríos,14,La Unión,14201,2,2020-05-07
Los Ríos,14,La Unión,14201,1,2020-05-08
Los Ríos,14,La Unión,14201,1,2020-05-11
Los Ríos,14,La Unión,14201,3,2020-05-12
Los Ríos,14,La Unión,14201,1,2020-05-13
Los Ríos,14,La Unión,14201,1,2020-05-15
Los Ríos,14,La Unión,14201,6,2020-05-18
Los Ríos,14,La Unión,14201,2,2020-05-19
Los Ríos,14,La Unión,14201,2,2020-05-25
Los Ríos,14,La Unión,14201,1,2020-05-26
Los Ríos,14,La Unión,14201,1,2020-05-27
Los Ríos,14,La Unión,14201,1,2020-05-28
Los Ríos,14,La Unión,14201,1,2020-05-29
Los Ríos,14,La Unión,14201,1,2020-06-01
Los Ríos,14,La Unión,14201,1,2020-06-04
Los Ríos,14,La Unión,14201,1,2020-06-09
Los Ríos,14,La Unión,14201,1,2020-06-12
Los Ríos,14,La Unión,14201,5,2020-06-15
Los Ríos,14,La Unión,14201,2,2020-06-17
Los Ríos,14,La Unión,14201,1,2020-06-19
Los Ríos,14,La Unión,14201,1,2020-06-22
Los Ríos,14,La Unión,14201,1,2020-06-23
Los Ríos,14,La Unión,14201,3,2020-06-25
Los Ríos,14,La Unión,14201,3,2020-06-30
Los Ríos,14,La Unión,14201,1,2020-07-02
Los Ríos,14,La Unión,14201,1,2020-07-06
Los Ríos,14,La Unión,14201,2,2020-07-07
Los Ríos,14,La Unión,14201,1,2020-07-09
Los Ríos,14,La Unión,14201,5,2020-07-13
Los Ríos,14,La Unión,14201,1,2020-07-14
Los Ríos,14,La Unión,14201,1,2020-07-15
Los Ríos,14,La Unión,14201,1,2020-07-20
Los Ríos,14,La Unión,14201,1,2020-07-21
Los Ríos,14,La Unión,14201,2,2020-07-22
Los Ríos,14,La Unión,14201,1,2020-07-27
Los Ríos,14,La Unión,14201,1,2020-07-28
Los Ríos,14,La Unión,14201,4,2020-08-03
Los Ríos,14,La Unión,14201,2,2020-08-04
Los Ríos,14,La Unión,14201,1,2020-08-06
Los Ríos,14,La Unión,14201,2,2020-08-07
Los Ríos,14,La Unión,14201,2,2020-08-10
Los Ríos,14,La Unión,14201,1,2020-08-11
Los Ríos,14,La Unión,14201,2,2020-08-13
Los Ríos,14,La Unión,14201,1,2020-08-17
Los Ríos,14,La Unión,14201,1,2020-08-21
Los Ríos,14,La Unión,14201,1,2020-08-22
Los Ríos,14,La Unión,14201,1,2020-08-24
Los Ríos,14,La Unión,14201,2,2020-08-25
Los Ríos,14,La Unión,14201,2,2020-08-27
Los Ríos,14,La Unión,14201,1,2020-08-28
Los Ríos,14,La Unión,14201,2,2020-08-31
Los Ríos,14,La Unión,14201,1,2020-09-02
Los Ríos,14,La Unión,14201,1,2020-09-04
Los Ríos,14,La Unión,14201,2,2020-09-08
Los Ríos,14,La Unión,14201,1,2020-09-11
Los Ríos,14,La Unión,14201,1,2020-09-15
Los Ríos,14,La Unión,14201,1,2020-09-21
Los Ríos,14,La Unión,14201,1,2020-09-23
Los Ríos,14,La Unión,14201,1,2020-09-25
Los Ríos,14,La Unión,14201,2,2020-09-29
Los Ríos,14,La Unión,14201,1,2020-09-30
Los Ríos,14,La Unión,14201,2,2020-10-01
Los Ríos,14,La Unión,14201,1,2020-10-02
Los Ríos,14,La Unión,14201,2,2020-10-05
Los Ríos,14,La Unión,14201,2,2020-10-07
Los Ríos,14,La Unión,14201,1,2020-10-09
Los Ríos,14,La Unión,14201,1,2020-10-10
Los Ríos,14,La Unión,14201,2,2020-10-13
Los Ríos,14,La Unión,14201,2,2020-10-14
Los Ríos,14,La Unión,14201,2,2020-10-15
Los Ríos,14,La Unión,14201,4,2020-10-16
Los Ríos,14,La Unión,14201,1,2020-10-17
Los Ríos,14,La Unión,14201,2,2020-10-19
Los Ríos,14,La Unión,14201,2,2020-10-20
Los Ríos,14,La Unión,14201,1,2020-10-21
Los Ríos,14,La Unión,14201,2,2020-10-26
Los Ríos,14,La Unión,14201,1,2020-10-28
Los Ríos,14,La Unión,14201,2,2020-10-30
Los Ríos,14,La Unión,14201,2,2020-11-02
Los Ríos,14,La Unión,14201,1,2020-11-03
Los Ríos,14,La Unión,14201,1,2020-11-04
Los Ríos,14,La Unión,14201,1,2020-11-09
Los Ríos,14,La Unión,14201,1,2020-11-11
Los Ríos,14,La Unión,14201,5,2020-11-12
Los Ríos,14,La Unión,14201,3,2020-11-16
Los Ríos,14,La Unión,14201,1,2020-11-20
Los Ríos,14,La Unión,14201,3,2020-11-23
Los Ríos,14,La Unión,14201,3,2020-11-24
Los Ríos,14,La Unión,14201,1,2020-11-25
Los Ríos,14,La Unión,14201,2,2020-11-27
Los Ríos,14,La Unión,14201,1,2020-11-30
Los Ríos,14,La Unión,14201,1,2020-12-01
Los Ríos,14,La Unión,14201,2,2020-12-03
Los Ríos,14,La Unión,14201,2,2020-12-07
Los Ríos,14,La Unión,14201,1,2020-12-11
Los Ríos,14,La Unión,14201,5,2020-12-14
Los Ríos,14,La Unión,14201,3,2020-12-15
Los Ríos,14,La Unión,14201,1,2020-12-16
Los Ríos,14,La Unión,14201,4,2020-12-21
Los Ríos,14,La Unión,14201,2,2020-12-22
Los Ríos,14,La Unión,14201,1,2020-12-23
Los Ríos,14,La Unión,14201,3,2020-12-28
Los Ríos,14,La Unión,14201,2,2020-12-29
Los Ríos,14,La Unión,14201,2,2020-12-31
Los Ríos,14,La Unión,14201,3,2021-01-04
Los Ríos,14,La Unión,14201,4,2021-01-06
Los Ríos,14,La Unión,14201,2,2021-01-07
Los Ríos,14,La Unión,14201,1,2021-01-08
Los Ríos,14,La Unión,14201,1,2021-01-12
Los Ríos,14,La Unión,14201,2,2021-01-13
Los Ríos,14,La Unión,14201,1,2021-01-14
Los Ríos,14,Futrono,14202,1,2020-01-09
Los Ríos,14,Futrono,14202,2,2020-01-13
Los Ríos,14,Futrono,14202,1,2020-01-14
Los Ríos,14,Futrono,14202,1,2020-01-15
Los Ríos,14,Futrono,14202,1,2020-01-28
Los Ríos,14,Futrono,14202,1,2020-01-31
Los Ríos,14,Futrono,14202,1,2020-02-12
Los Ríos,14,Futrono,14202,1,2020-02-13
Los Ríos,14,Futrono,14202,1,2020-02-27
Los Ríos,14,Futrono,14202,1,2020-03-06
Los Ríos,14,Futrono,14202,1,2020-03-16
Los Ríos,14,Futrono,14202,1,2020-03-19
Los Ríos,14,Futrono,14202,1,2020-04-01
Los Ríos,14,Futrono,14202,1,2020-04-07
Los Ríos,14,Futrono,14202,1,2020-04-14
Los Ríos,14,Futrono,14202,1,2020-04-20
Los Ríos,14,Futrono,14202,1,2020-05-06
Los Ríos,14,Futrono,14202,1,2020-05-12
Los Ríos,14,Futrono,14202,1,2020-05-15
Los Ríos,14,Futrono,14202,1,2020-05-20
Los Ríos,14,Futrono,14202,1,2020-05-22
Los Ríos,14,Futrono,14202,1,2020-05-25
Los Ríos,14,Futrono,14202,1,2020-05-28
Los Ríos,14,Futrono,14202,1,2020-06-04
Los Ríos,14,Futrono,14202,1,2020-06-08
Los Ríos,14,Futrono,14202,1,2020-06-24
Los Ríos,14,Futrono,14202,1,2020-06-25
Los Ríos,14,Futrono,14202,1,2020-07-20
Los Ríos,14,Futrono,14202,1,2020-07-22
Los Ríos,14,Futrono,14202,1,2020-07-23
Los Ríos,14,Futrono,14202,1,2020-07-29
Los Ríos,14,Futrono,14202,1,2020-07-31
Los Ríos,14,Futrono,14202,1,2020-08-03
Los Ríos,14,Futrono,14202,1,2020-08-04
Los Ríos,14,Futrono,14202,1,2020-08-07
Los Ríos,14,Futrono,14202,2,2020-08-13
Los Ríos,14,Futrono,14202,1,2020-08-14
Los Ríos,14,Futrono,14202,1,2020-08-17
Los Ríos,14,Futrono,14202,1,2020-08-18
Los Ríos,14,Futrono,14202,1,2020-08-24
Los Ríos,14,Futrono,14202,2,2020-08-31
Los Ríos,14,Futrono,14202,1,2020-09-01
Los Ríos,14,Futrono,14202,1,2020-09-02
Los Ríos,14,Futrono,14202,1,2020-09-03
Los Ríos,14,Futrono,14202,1,2020-09-07
Los Ríos,14,Futrono,14202,1,2020-09-16
Los Ríos,14,Futrono,14202,1,2020-09-21
Los Ríos,14,Futrono,14202,1,2020-09-24
Los Ríos,14,Futrono,14202,1,2020-09-28
Los Ríos,14,Futrono,14202,1,2020-09-29
Los Ríos,14,Futrono,14202,1,2020-09-30
Los Ríos,14,Futrono,14202,1,2020-10-05
Los Ríos,14,Futrono,14202,3,2020-10-07
Los Ríos,14,Futrono,14202,2,2020-10-13
Los Ríos,14,Futrono,14202,1,2020-10-14
Los Ríos,14,Futrono,14202,1,2020-10-26
Los Ríos,14,Futrono,14202,1,2020-11-23
Los Ríos,14,Futrono,14202,1,2020-12-07
Los Ríos,14,Futrono,14202,1,2020-12-11
Los Ríos,14,Futrono,14202,1,2020-12-14
Los Ríos,14,Futrono,14202,1,2020-12-17
Los Ríos,14,Futrono,14202,1,2020-12-30
Los Ríos,14,Futrono,14202,1,2021-01-04
Los Ríos,14,Futrono,14202,1,2021-01-08
Los Ríos,14,Futrono,14202,1,2021-01-11
Los Ríos,14,Futrono,14202,1,2021-01-12
Los Ríos,14,Lago Ranco,14203,1,2020-01-03
Los Ríos,14,Lago Ranco,14203,1,2020-01-08
Los Ríos,14,Lago Ranco,14203,1,2020-01-13
Los Ríos,14,Lago Ranco,14203,1,2020-01-27
Los Ríos,14,Lago Ranco,14203,1,2020-01-28
Los Ríos,14,Lago Ranco,14203,1,2020-01-29
Los Ríos,14,Lago Ranco,14203,1,2020-02-17
Los Ríos,14,Lago Ranco,14203,1,2020-04-06
Los Ríos,14,Lago Ranco,14203,1,2020-04-21
Los Ríos,14,Lago Ranco,14203,1,2020-04-23
Los Ríos,14,Lago Ranco,14203,1,2020-05-06
Los Ríos,14,Lago Ranco,14203,1,2020-05-11
Los Ríos,14,Lago Ranco,14203,1,2020-05-28
Los Ríos,14,Lago Ranco,14203,1,2020-06-05
Los Ríos,14,Lago Ranco,14203,1,2020-06-08
Los Ríos,14,Lago Ranco,14203,1,2020-06-10
Los Ríos,14,Lago Ranco,14203,1,2020-06-19
Los Ríos,14,Lago Ranco,14203,1,2020-06-26
Los Ríos,14,Lago Ranco,14203,1,2020-07-03
Los Ríos,14,Lago Ranco,14203,1,2020-07-22
Los Ríos,14,Lago Ranco,14203,1,2020-08-03
Los Ríos,14,Lago Ranco,14203,1,2020-08-07
Los Ríos,14,Lago Ranco,14203,1,2020-08-17
Los Ríos,14,Lago Ranco,14203,1,2020-09-09
Los Ríos,14,Lago Ranco,14203,1,2020-09-11
Los Ríos,14,Lago Ranco,14203,1,2020-09-25
Los Ríos,14,Lago Ranco,14203,1,2020-10-05
Los Ríos,14,Lago Ranco,14203,2,2020-10-13
Los Ríos,14,Lago Ranco,14203,1,2020-10-19
Los Ríos,14,Lago Ranco,14203,1,2020-10-23
Los Ríos,14,Lago Ranco,14203,1,2020-10-26
Los Ríos,14,Lago Ranco,14203,1,2020-11-10
Los Ríos,14,Lago Ranco,14203,1,2020-11-12
Los Ríos,14,Lago Ranco,14203,1,2020-11-27
Los Ríos,14,Lago Ranco,14203,1,2020-12-04
Los Ríos,14,Lago Ranco,14203,1,2020-12-07
Los Ríos,14,Lago Ranco,14203,2,2020-12-28
Los Ríos,14,Lago Ranco,14203,1,2021-01-06
Los Ríos,14,Río Bueno,14204,1,2020-01-03
Los Ríos,14,Río Bueno,14204,3,2020-01-06
Los Ríos,14,Río Bueno,14204,1,2020-01-07
Los Ríos,14,Río Bueno,14204,2,2020-01-10
Los Ríos,14,Río Bueno,14204,2,2020-01-14
Los Ríos,14,Río Bueno,14204,1,2020-01-15
Los Ríos,14,Río Bueno,14204,1,2020-01-17
Los Ríos,14,Río Bueno,14204,3,2020-01-20
Los Ríos,14,Río Bueno,14204,1,2020-01-23
Los Ríos,14,Río Bueno,14204,1,2020-01-28
Los Ríos,14,Río Bueno,14204,1,2020-02-03
Los Ríos,14,Río Bueno,14204,1,2020-02-06
Los Ríos,14,Río Bueno,14204,1,2020-02-11
Los Ríos,14,Río Bueno,14204,1,2020-02-12
Los Ríos,14,Río Bueno,14204,3,2020-02-17
Los Ríos,14,Río Bueno,14204,1,2020-02-19
Los Ríos,14,Río Bueno,14204,1,2020-02-20
Los Ríos,14,Río Bueno,14204,2,2020-02-25
Los Ríos,14,Río Bueno,14204,1,2020-02-28
Los Ríos,14,Río Bueno,14204,3,2020-03-02
Los Ríos,14,Río Bueno,14204,1,2020-03-04
Los Ríos,14,Río Bueno,14204,1,2020-03-09
Los Ríos,14,Río Bueno,14204,1,2020-03-12
Los Ríos,14,Río Bueno,14204,1,2020-03-16
Los Ríos,14,Río Bueno,14204,4,2020-03-18
Los Ríos,14,Río Bueno,14204,2,2020-03-19
Los Ríos,14,Río Bueno,14204,2,2020-03-23
Los Ríos,14,Río Bueno,14204,1,2020-03-24
Los Ríos,14,Río Bueno,14204,2,2020-03-25
Los Ríos,14,Río Bueno,14204,2,2020-03-27
Los Ríos,14,Río Bueno,14204,1,2020-04-02
Los Ríos,14,Río Bueno,14204,1,2020-04-03
Los Ríos,14,Río Bueno,14204,2,2020-04-06
Los Ríos,14,Río Bueno,14204,1,2020-04-07
Los Ríos,14,Río Bueno,14204,1,2020-04-08
Los Ríos,14,Río Bueno,14204,3,2020-04-13
Los Ríos,14,Río Bueno,14204,1,2020-04-15
Los Ríos,14,Río Bueno,14204,1,2020-04-16
Los Ríos,14,Río Bueno,14204,2,2020-04-17
Los Ríos,14,Río Bueno,14204,3,2020-04-20
Los Ríos,14,Río Bueno,14204,1,2020-04-21
Los Ríos,14,Río Bueno,14204,2,2020-04-22
Los Ríos,14,Río Bueno,14204,1,2020-05-04
Los Ríos,14,Río Bueno,14204,1,2020-05-05
Los Ríos,14,Río Bueno,14204,2,2020-05-06
Los Ríos,14,Río Bueno,14204,3,2020-05-11
Los Ríos,14,Río Bueno,14204,1,2020-05-12
Los Ríos,14,Río Bueno,14204,2,2020-05-14
Los Ríos,14,Río Bueno,14204,1,2020-05-15
Los Ríos,14,Río Bueno,14204,1,2020-05-19
Los Ríos,14,Río Bueno,14204,2,2020-05-22
Los Ríos,14,Río Bueno,14204,4,2020-05-25
Los Ríos,14,Río Bueno,14204,1,2020-05-27
Los Ríos,14,Río Bueno,14204,3,2020-06-01
Los Ríos,14,Río Bueno,14204,2,2020-06-08
Los Ríos,14,Río Bueno,14204,1,2020-06-12
Los Ríos,14,Río Bueno,14204,1,2020-06-15
Los Ríos,14,Río Bueno,14204,6,2020-06-22
Los Ríos,14,Río Bueno,14204,2,2020-06-24
Los Ríos,14,Río Bueno,14204,1,2020-06-25
Los Ríos,14,Río Bueno,14204,2,2020-06-26
Los Ríos,14,Río Bueno,14204,3,2020-06-30
Los Ríos,14,Río Bueno,14204,3,2020-07-03
Los Ríos,14,Río Bueno,14204,1,2020-07-06
Los Ríos,14,Río Bueno,14204,2,2020-07-10
Los Ríos,14,Río Bueno,14204,2,2020-07-13
Los Ríos,14,Río Bueno,14204,3,2020-07-17
Los Ríos,14,Río Bueno,14204,1,2020-07-20
Los Ríos,14,Río Bueno,14204,6,2020-07-27
Los Ríos,14,Río Bueno,14204,3,2020-07-29
Los Ríos,14,Río Bueno,14204,2,2020-07-31
Los Ríos,14,Río Bueno,14204,2,2020-08-03
Los Ríos,14,Río Bueno,14204,1,2020-08-04
Los Ríos,14,Río Bueno,14204,2,2020-08-05
Los Ríos,14,Río Bueno,14204,1,2020-08-06
Los Ríos,14,Río Bueno,14204,1,2020-08-07
Los Ríos,14,Río Bueno,14204,7,2020-08-10
Los Ríos,14,Río Bueno,14204,2,2020-08-11
Los Ríos,14,Río Bueno,14204,1,2020-08-14
Los Ríos,14,Río Bueno,14204,1,2020-08-17
Los Ríos,14,Río Bueno,14204,1,2020-08-19
Los Ríos,14,Río Bueno,14204,1,2020-08-20
Los Ríos,14,Río Bueno,14204,2,2020-08-21
Los Ríos,14,Río Bueno,14204,2,2020-08-22
Los Ríos,14,Río Bueno,14204,1,2020-08-24
Los Ríos,14,Río Bueno,14204,1,2020-08-25
Los Ríos,14,Río Bueno,14204,1,2020-08-29
Los Ríos,14,Río Bueno,14204,1,2020-09-01
Los Ríos,14,Río Bueno,14204,1,2020-09-03
Los Ríos,14,Río Bueno,14204,1,2020-09-07
Los Ríos,14,Río Bueno,14204,1,2020-09-08
Los Ríos,14,Río Bueno,14204,2,2020-09-09
Los Ríos,14,Río Bueno,14204,1,2020-09-10
Los Ríos,14,Río Bueno,14204,1,2020-09-11
Los Ríos,14,Río Bueno,14204,3,2020-09-14
Los Ríos,14,Río Bueno,14204,2,2020-09-21
Los Ríos,14,Río Bueno,14204,3,2020-09-22
Los Ríos,14,Río Bueno,14204,1,2020-09-24
Los Ríos,14,Río Bueno,14204,2,2020-09-28
Los Ríos,14,Río Bueno,14204,1,2020-09-30
Los Ríos,14,Río Bueno,14204,2,2020-10-01
Los Ríos,14,Río Bueno,14204,1,2020-10-05
Los Ríos,14,Río Bueno,14204,1,2020-10-06
Los Ríos,14,Río Bueno,14204,2,2020-10-07
Los Ríos,14,Río Bueno,14204,3,2020-10-09
Los Ríos,14,Río Bueno,14204,1,2020-10-14
Los Ríos,14,Río Bueno,14204,1,2020-10-20
Los Ríos,14,Río Bueno,14204,1,2020-10-21
Los Ríos,14,Río Bueno,14204,2,2020-10-22
Los Ríos,14,Río Bueno,14204,2,2020-10-26
Los Ríos,14,Río Bueno,14204,1,2020-10-29
Los Ríos,14,Río Bueno,14204,4,2020-11-02
Los Ríos,14,Río Bueno,14204,1,2020-11-03
Los Ríos,14,Río Bueno,14204,1,2020-11-04
Los Ríos,14,Río Bueno,14204,1,2020-11-05
Los Ríos,14,Río Bueno,14204,2,2020-11-09
Los Ríos,14,Río Bueno,14204,2,2020-11-10
Los Ríos,14,Río Bueno,14204,1,2020-11-11
Los Ríos,14,Río Bueno,14204,1,2020-11-13
Los Ríos,14,Río Bueno,14204,3,2020-11-16
Los Ríos,14,Río Bueno,14204,1,2020-11-17
Los Ríos,14,Río Bueno,14204,1,2020-11-20
Los Ríos,14,Río Bueno,14204,1,2020-11-21
Los Ríos,14,Río Bueno,14204,3,2020-11-23
Los Ríos,14,Río Bueno,14204,2,2020-11-27
Los Ríos,14,Río Bueno,14204,2,2020-11-30
Los Ríos,14,Río Bueno,14204,1,2020-12-01
Los Ríos,14,Río Bueno,14204,2,2020-12-04
Los Ríos,14,Río Bueno,14204,4,2020-12-07
Los Ríos,14,Río Bueno,14204,1,2020-12-09
Los Ríos,14,Río Bueno,14204,1,2020-12-10
Los Ríos,14,Río Bueno,14204,3,2020-12-14
Los Ríos,14,Río Bueno,14204,1,2020-12-15
Los Ríos,14,Río Bueno,14204,2,2020-12-18
Los Ríos,14,Río Bueno,14204,1,2020-12-21
Los Ríos,14,Río Bueno,14204,1,2020-12-30
Los Ríos,14,Río Bueno,14204,3,2021-01-04
Los Ríos,14,Río Bueno,14204,1,2021-01-05
Los Ríos,14,Río Bueno,14204,1,2021-01-06
Los Ríos,14,Río Bueno,14204,2,2021-01-08
Los Ríos,14,Río Bueno,14204,3,2021-01-11
Los Ríos,14,Río Bueno,14204,1,2021-01-14
Arica y Parinacota,15,Arica,15101,7,2020-01-02
Arica y Parinacota,15,Arica,15101,3,2020-01-03
Arica y Parinacota,15,Arica,15101,1,2020-01-04
Arica y Parinacota,15,Arica,15101,15,2020-01-06
Arica y Parinacota,15,Arica,15101,1,2020-01-07
Arica y Parinacota,15,Arica,15101,2,2020-01-08
Arica y Parinacota,15,Arica,15101,3,2020-01-09
Arica y Parinacota,15,Arica,15101,7,2020-01-10
Arica y Parinacota,15,Arica,15101,12,2020-01-13
Arica y Parinacota,15,Arica,15101,2,2020-01-14
Arica y Parinacota,15,Arica,15101,2,2020-01-15
Arica y Parinacota,15,Arica,15101,4,2020-01-16
Arica y Parinacota,15,Arica,15101,8,2020-01-17
Arica y Parinacota,15,Arica,15101,1,2020-01-18
Arica y Parinacota,15,Arica,15101,13,2020-01-20
Arica y Parinacota,15,Arica,15101,7,2020-01-21
Arica y Parinacota,15,Arica,15101,4,2020-01-22
Arica y Parinacota,15,Arica,15101,10,2020-01-23
Arica y Parinacota,15,Arica,15101,9,2020-01-24
Arica y Parinacota,15,Arica,15101,10,2020-01-27
Arica y Parinacota,15,Arica,15101,3,2020-01-28
Arica y Parinacota,15,Arica,15101,4,2020-01-29
Arica y Parinacota,15,Arica,15101,6,2020-01-30
Arica y Parinacota,15,Arica,15101,6,2020-01-31
Arica y Parinacota,15,Arica,15101,8,2020-02-03
Arica y Parinacota,15,Arica,15101,4,2020-02-04
Arica y Parinacota,15,Arica,15101,9,2020-02-05
Arica y Parinacota,15,Arica,15101,4,2020-02-06
Arica y Parinacota,15,Arica,15101,6,2020-02-07
Arica y Parinacota,15,Arica,15101,7,2020-02-10
Arica y Parinacota,15,Arica,15101,3,2020-02-11
Arica y Parinacota,15,Arica,15101,5,2020-02-12
Arica y Parinacota,15,Arica,15101,4,2020-02-13
Arica y Parinacota,15,Arica,15101,2,2020-02-14
Arica y Parinacota,15,Arica,15101,16,2020-02-17
Arica y Parinacota,15,Arica,15101,3,2020-02-18
Arica y Parinacota,15,Arica,15101,7,2020-02-20
Arica y Parinacota,15,Arica,15101,5,2020-02-21
Arica y Parinacota,15,Arica,15101,11,2020-02-24
Arica y Parinacota,15,Arica,15101,6,2020-02-25
Arica y Parinacota,15,Arica,15101,4,2020-02-26
Arica y Parinacota,15,Arica,15101,4,2020-02-27
Arica y Parinacota,15,Arica,15101,1,2020-02-28
Arica y Parinacota,15,Arica,15101,15,2020-03-02
Arica y Parinacota,15,Arica,15101,4,2020-03-03
Arica y Parinacota,15,Arica,15101,1,2020-03-04
Arica y Parinacota,15,Arica,15101,3,2020-03-05
Arica y Parinacota,15,Arica,15101,5,2020-03-06
Arica y Parinacota,15,Arica,15101,5,2020-03-09
Arica y Parinacota,15,Arica,15101,4,2020-03-10
Arica y Parinacota,15,Arica,15101,3,2020-03-11
Arica y Parinacota,15,Arica,15101,3,2020-03-12
Arica y Parinacota,15,Arica,15101,4,2020-03-13
Arica y Parinacota,15,Arica,15101,9,2020-03-16
Arica y Parinacota,15,Arica,15101,7,2020-03-17
Arica y Parinacota,15,Arica,15101,7,2020-03-18
Arica y Parinacota,15,Arica,15101,6,2020-03-19
Arica y Parinacota,15,Arica,15101,3,2020-03-20
Arica y Parinacota,15,Arica,15101,8,2020-03-23
Arica y Parinacota,15,Arica,15101,5,2020-03-24
Arica y Parinacota,15,Arica,15101,5,2020-03-25
Arica y Parinacota,15,Arica,15101,7,2020-03-26
Arica y Parinacota,15,Arica,15101,4,2020-03-27
Arica y Parinacota,15,Arica,15101,13,2020-03-30
Arica y Parinacota,15,Arica,15101,4,2020-03-31
Arica y Parinacota,15,Arica,15101,3,2020-04-01
Arica y Parinacota,15,Arica,15101,7,2020-04-02
Arica y Parinacota,15,Arica,15101,3,2020-04-03
Arica y Parinacota,15,Arica,15101,11,2020-04-06
Arica y Parinacota,15,Arica,15101,7,2020-04-07
Arica y Parinacota,15,Arica,15101,4,2020-04-08
Arica y Parinacota,15,Arica,15101,2,2020-04-09
Arica y Parinacota,15,Arica,15101,3,2020-04-10
Arica y Parinacota,15,Arica,15101,17,2020-04-13
Arica y Parinacota,15,Arica,15101,2,2020-04-14
Arica y Parinacota,15,Arica,15101,2,2020-04-15
Arica y Parinacota,15,Arica,15101,3,2020-04-16
Arica y Parinacota,15,Arica,15101,4,2020-04-17
Arica y Parinacota,15,Arica,15101,9,2020-04-20
Arica y Parinacota,15,Arica,15101,7,2020-04-21
Arica y Parinacota,15,Arica,15101,4,2020-04-22
Arica y Parinacota,15,Arica,15101,2,2020-04-23
Arica y Parinacota,15,Arica,15101,8,2020-04-24
Arica y Parinacota,15,Arica,15101,9,2020-04-27
Arica y Parinacota,15,Arica,15101,3,2020-04-28
Arica y Parinacota,15,Arica,15101,4,2020-04-29
Arica y Parinacota,15,Arica,15101,2,2020-04-30
Arica y Parinacota,15,Arica,15101,17,2020-05-04
Arica y Parinacota,15,Arica,15101,5,2020-05-05
Arica y Parinacota,15,Arica,15101,5,2020-05-06
Arica y Parinacota,15,Arica,15101,6,2020-05-07
Arica y Parinacota,15,Arica,15101,4,2020-05-08
Arica y Parinacota,15,Arica,15101,8,2020-05-11
Arica y Parinacota,15,Arica,15101,1,2020-05-12
Arica y Parinacota,15,Arica,15101,4,2020-05-14
Arica y Parinacota,15,Arica,15101,1,2020-05-15
Arica y Parinacota,15,Arica,15101,7,2020-05-18
Arica y Parinacota,15,Arica,15101,2,2020-05-19
Arica y Parinacota,15,Arica,15101,3,2020-05-20
Arica y Parinacota,15,Arica,15101,8,2020-05-22
Arica y Parinacota,15,Arica,15101,7,2020-05-25
Arica y Parinacota,15,Arica,15101,4,2020-05-26
Arica y Parinacota,15,Arica,15101,3,2020-05-27
Arica y Parinacota,15,Arica,15101,4,2020-05-28
Arica y Parinacota,15,Arica,15101,6,2020-05-29
Arica y Parinacota,15,Arica,15101,9,2020-06-01
Arica y Parinacota,15,Arica,15101,4,2020-06-02
Arica y Parinacota,15,Arica,15101,2,2020-06-03
Arica y Parinacota,15,Arica,15101,4,2020-06-04
Arica y Parinacota,15,Arica,15101,7,2020-06-05
Arica y Parinacota,15,Arica,15101,12,2020-06-08
Arica y Parinacota,15,Arica,15101,4,2020-06-09
Arica y Parinacota,15,Arica,15101,3,2020-06-10
Arica y Parinacota,15,Arica,15101,7,2020-06-11
Arica y Parinacota,15,Arica,15101,4,2020-06-12
Arica y Parinacota,15,Arica,15101,9,2020-06-15
Arica y Parinacota,15,Arica,15101,6,2020-06-16
Arica y Parinacota,15,Arica,15101,6,2020-06-18
Arica y Parinacota,15,Arica,15101,4,2020-06-19
Arica y Parinacota,15,Arica,15101,16,2020-06-22
Arica y Parinacota,15,Arica,15101,6,2020-06-23
Arica y Parinacota,15,Arica,15101,7,2020-06-24
Arica y Parinacota,15,Arica,15101,3,2020-06-25
Arica y Parinacota,15,Arica,15101,3,2020-06-26
Arica y Parinacota,15,Arica,15101,1,2020-06-27
Arica y Parinacota,15,Arica,15101,2,2020-06-28
Arica y Parinacota,15,Arica,15101,11,2020-06-30
Arica y Parinacota,15,Arica,15101,4,2020-07-01
Arica y Parinacota,15,Arica,15101,5,2020-07-02
Arica y Parinacota,15,Arica,15101,7,2020-07-03
Arica y Parinacota,15,Arica,15101,9,2020-07-06
Arica y Parinacota,15,Arica,15101,5,2020-07-07
Arica y Parinacota,15,Arica,15101,3,2020-07-08
Arica y Parinacota,15,Arica,15101,3,2020-07-09
Arica y Parinacota,15,Arica,15101,6,2020-07-10
Arica y Parinacota,15,Arica,15101,15,2020-07-13
Arica y Parinacota,15,Arica,15101,5,2020-07-14
Arica y Parinacota,15,Arica,15101,7,2020-07-15
Arica y Parinacota,15,Arica,15101,8,2020-07-17
Arica y Parinacota,15,Arica,15101,15,2020-07-20
Arica y Parinacota,15,Arica,15101,6,2020-07-21
Arica y Parinacota,15,Arica,15101,10,2020-07-22
Arica y Parinacota,15,Arica,15101,3,2020-07-23
Arica y Parinacota,15,Arica,15101,15,2020-07-24
Arica y Parinacota,15,Arica,15101,21,2020-07-27
Arica y Parinacota,15,Arica,15101,5,2020-07-28
Arica y Parinacota,15,Arica,15101,10,2020-07-29
Arica y Parinacota,15,Arica,15101,6,2020-07-30
Arica y Parinacota,15,Arica,15101,12,2020-07-31
Arica y Parinacota,15,Arica,15101,12,2020-08-03
Arica y Parinacota,15,Arica,15101,9,2020-08-04
Arica y Parinacota,15,Arica,15101,7,2020-08-05
Arica y Parinacota,15,Arica,15101,4,2020-08-06
Arica y Parinacota,15,Arica,15101,4,2020-08-07
Arica y Parinacota,15,Arica,15101,21,2020-08-10
Arica y Parinacota,15,Arica,15101,5,2020-08-11
Arica y Parinacota,15,Arica,15101,7,2020-08-12
Arica y Parinacota,15,Arica,15101,6,2020-08-13
Arica y Parinacota,15,Arica,15101,5,2020-08-14
Arica y Parinacota,15,Arica,15101,21,2020-08-17
Arica y Parinacota,15,Arica,15101,10,2020-08-18
Arica y Parinacota,15,Arica,15101,7,2020-08-19
Arica y Parinacota,15,Arica,15101,3,2020-08-20
Arica y Parinacota,15,Arica,15101,6,2020-08-21
Arica y Parinacota,15,Arica,15101,17,2020-08-24
Arica y Parinacota,15,Arica,15101,6,2020-08-25
Arica y Parinacota,15,Arica,15101,6,2020-08-26
Arica y Parinacota,15,Arica,15101,4,2020-08-27
Arica y Parinacota,15,Arica,15101,6,2020-08-28
Arica y Parinacota,15,Arica,15101,5,2020-08-29
Arica y Parinacota,15,Arica,15101,13,2020-08-31
Arica y Parinacota,15,Arica,15101,9,2020-09-01
Arica y Parinacota,15,Arica,15101,8,2020-09-02
Arica y Parinacota,15,Arica,15101,5,2020-09-03
Arica y Parinacota,15,Arica,15101,10,2020-09-04
Arica y Parinacota,15,Arica,15101,14,2020-09-07
Arica y Parinacota,15,Arica,15101,6,2020-09-08
Arica y Parinacota,15,Arica,15101,4,2020-09-09
Arica y Parinacota,15,Arica,15101,4,2020-09-10
Arica y Parinacota,15,Arica,15101,9,2020-09-11
Arica y Parinacota,15,Arica,15101,12,2020-09-14
Arica y Parinacota,15,Arica,15101,6,2020-09-15
Arica y Parinacota,15,Arica,15101,8,2020-09-16
Arica y Parinacota,15,Arica,15101,3,2020-09-17
Arica y Parinacota,15,Arica,15101,1,2020-09-19
Arica y Parinacota,15,Arica,15101,14,2020-09-21
Arica y Parinacota,15,Arica,15101,7,2020-09-22
Arica y Parinacota,15,Arica,15101,8,2020-09-23
Arica y Parinacota,15,Arica,15101,2,2020-09-24
Arica y Parinacota,15,Arica,15101,7,2020-09-25
Arica y Parinacota,15,Arica,15101,4,2020-09-26
Arica y Parinacota,15,Arica,15101,14,2020-09-28
Arica y Parinacota,15,Arica,15101,5,2020-09-29
Arica y Parinacota,15,Arica,15101,8,2020-09-30
Arica y Parinacota,15,Arica,15101,4,2020-10-02
Arica y Parinacota,15,Arica,15101,4,2020-10-03
Arica y Parinacota,15,Arica,15101,8,2020-10-05
Arica y Parinacota,15,Arica,15101,5,2020-10-06
Arica y Parinacota,15,Arica,15101,5,2020-10-07
Arica y Parinacota,15,Arica,15101,3,2020-10-08
Arica y Parinacota,15,Arica,15101,8,2020-10-09
Arica y Parinacota,15,Arica,15101,6,2020-10-10
Arica y Parinacota,15,Arica,15101,12,2020-10-13
Arica y Parinacota,15,Arica,15101,9,2020-10-14
Arica y Parinacota,15,Arica,15101,4,2020-10-15
Arica y Parinacota,15,Arica,15101,8,2020-10-16
Arica y Parinacota,15,Arica,15101,5,2020-10-17
Arica y Parinacota,15,Arica,15101,7,2020-10-19
Arica y Parinacota,15,Arica,15101,4,2020-10-20
Arica y Parinacota,15,Arica,15101,6,2020-10-22
Arica y Parinacota,15,Arica,15101,5,2020-10-23
Arica y Parinacota,15,Arica,15101,11,2020-10-26
Arica y Parinacota,15,Arica,15101,4,2020-10-27
Arica y Parinacota,15,Arica,15101,10,2020-10-28
Arica y Parinacota,15,Arica,15101,6,2020-10-29
Arica y Parinacota,15,Arica,15101,4,2020-10-30
Arica y Parinacota,15,Arica,15101,7,2020-11-02
Arica y Parinacota,15,Arica,15101,4,2020-11-03
Arica y Parinacota,15,Arica,15101,1,2020-11-04
Arica y Parinacota,15,Arica,15101,3,2020-11-05
Arica y Parinacota,15,Arica,15101,9,2020-11-06
Arica y Parinacota,15,Arica,15101,4,2020-11-07
Arica y Parinacota,15,Arica,15101,3,2020-11-09
Arica y Parinacota,15,Arica,15101,5,2020-11-10
Arica y Parinacota,15,Arica,15101,2,2020-11-11
Arica y Parinacota,15,Arica,15101,7,2020-11-12
Arica y Parinacota,15,Arica,15101,3,2020-11-13
Arica y Parinacota,15,Arica,15101,4,2020-11-14
Arica y Parinacota,15,Arica,15101,4,2020-11-16
Arica y Parinacota,15,Arica,15101,2,2020-11-17
Arica y Parinacota,15,Arica,15101,2,2020-11-18
Arica y Parinacota,15,Arica,15101,6,2020-11-19
Arica y Parinacota,15,Arica,15101,9,2020-11-21
Arica y Parinacota,15,Arica,15101,4,2020-11-23
Arica y Parinacota,15,Arica,15101,4,2020-11-24
Arica y Parinacota,15,Arica,15101,3,2020-11-25
Arica y Parinacota,15,Arica,15101,2,2020-11-26
Arica y Parinacota,15,Arica,15101,7,2020-11-27
Arica y Parinacota,15,Arica,15101,12,2020-11-30
Arica y Parinacota,15,Arica,15101,1,2020-12-01
Arica y Parinacota,15,Arica,15101,7,2020-12-02
Arica y Parinacota,15,Arica,15101,7,2020-12-03
Arica y Parinacota,15,Arica,15101,3,2020-12-04
Arica y Parinacota,15,Arica,15101,1,2020-12-05
Arica y Parinacota,15,Arica,15101,13,2020-12-07
Arica y Parinacota,15,Arica,15101,7,2020-12-09
Arica y Parinacota,15,Arica,15101,6,2020-12-10
Arica y Parinacota,15,Arica,15101,3,2020-12-11
Arica y Parinacota,15,Arica,15101,17,2020-12-14
Arica y Parinacota,15,Arica,15101,8,2020-12-15
Arica y Parinacota,15,Arica,15101,5,2020-12-16
Arica y Parinacota,15,Arica,15101,8,2020-12-17
Arica y Parinacota,15,Arica,15101,1,2020-12-18
Arica y Parinacota,15,Arica,15101,10,2020-12-21
Arica y Parinacota,15,Arica,15101,1,2020-12-22
Arica y Parinacota,15,Arica,15101,4,2020-12-23
Arica y Parinacota,15,Arica,15101,3,2020-12-24
Arica y Parinacota,15,Arica,15101,17,2020-12-28
Arica y Parinacota,15,Arica,15101,5,2020-12-29
Arica y Parinacota,15,Arica,15101,6,2020-12-30
Arica y Parinacota,15,Arica,15101,6,2020-12-31
Arica y Parinacota,15,Arica,15101,1,2021-01-01
Arica y Parinacota,15,Arica,15101,12,2021-01-04
Arica y Parinacota,15,Arica,15101,4,2021-01-05
Arica y Parinacota,15,Arica,15101,8,2021-01-06
Arica y Parinacota,15,Arica,15101,11,2021-01-07
Arica y Parinacota,15,Arica,15101,7,2021-01-08
Arica y Parinacota,15,Arica,15101,14,2021-01-11
Arica y Parinacota,15,Arica,15101,10,2021-01-12
Arica y Parinacota,15,Arica,15101,5,2021-01-13
Arica y Parinacota,15,Arica,15101,4,2021-01-14
Arica y Parinacota,15,Camarones,15102,1,2020-08-14
Arica y Parinacota,15,Camarones,15102,0,2020-11-12
Arica y Parinacota,15,Camarones,15102,1,2020-11-14
Arica y Parinacota,15,Camarones,15102,1,2020-11-25
Arica y Parinacota,15,Putre,15201,1,2020-03-18
Arica y Parinacota,15,Putre,15201,1,2020-06-15
Arica y Parinacota,15,Putre,15201,1,2020-06-27
Arica y Parinacota,15,Putre,15201,1,2021-01-04
Arica y Parinacota,15,General Lagos,15202,1,2020-01-23
Ñuble,16,Chillán,16101,1,2020-01-01
Ñuble,16,Chillán,16101,13,2020-01-02
Ñuble,16,Chillán,16101,4,2020-01-03
Ñuble,16,Chillán,16101,3,2020-01-05
Ñuble,16,Chillán,16101,9,2020-01-06
Ñuble,16,Chillán,16101,4,2020-01-07
Ñuble,16,Chillán,16101,7,2020-01-08
Ñuble,16,Chillán,16101,8,2020-01-09
Ñuble,16,Chillán,16101,4,2020-01-10
Ñuble,16,Chillán,16101,8,2020-01-13
Ñuble,16,Chillán,16101,10,2020-01-14
Ñuble,16,Chillán,16101,5,2020-01-15
Ñuble,16,Chillán,16101,5,2020-01-16
Ñuble,16,Chillán,16101,10,2020-01-17
Ñuble,16,Chillán,16101,12,2020-01-20
Ñuble,16,Chillán,16101,4,2020-01-21
Ñuble,16,Chillán,16101,4,2020-01-22
Ñuble,16,Chillán,16101,6,2020-01-23
Ñuble,16,Chillán,16101,4,2020-01-24
Ñuble,16,Chillán,16101,10,2020-01-27
Ñuble,16,Chillán,16101,9,2020-01-28
Ñuble,16,Chillán,16101,4,2020-01-29
Ñuble,16,Chillán,16101,5,2020-01-30
Ñuble,16,Chillán,16101,5,2020-01-31
Ñuble,16,Chillán,16101,1,2020-02-01
Ñuble,16,Chillán,16101,3,2020-02-02
Ñuble,16,Chillán,16101,10,2020-02-03
Ñuble,16,Chillán,16101,3,2020-02-04
Ñuble,16,Chillán,16101,4,2020-02-05
Ñuble,16,Chillán,16101,5,2020-02-06
Ñuble,16,Chillán,16101,4,2020-02-07
Ñuble,16,Chillán,16101,4,2020-02-08
Ñuble,16,Chillán,16101,16,2020-02-10
Ñuble,16,Chillán,16101,3,2020-02-11
Ñuble,16,Chillán,16101,6,2020-02-12
Ñuble,16,Chillán,16101,2,2020-02-13
Ñuble,16,Chillán,16101,6,2020-02-14
Ñuble,16,Chillán,16101,1,2020-02-16
Ñuble,16,Chillán,16101,11,2020-02-17
Ñuble,16,Chillán,16101,5,2020-02-18
Ñuble,16,Chillán,16101,6,2020-02-19
Ñuble,16,Chillán,16101,5,2020-02-20
Ñuble,16,Chillán,16101,2,2020-02-21
Ñuble,16,Chillán,16101,8,2020-02-24
Ñuble,16,Chillán,16101,11,2020-02-25
Ñuble,16,Chillán,16101,10,2020-02-26
Ñuble,16,Chillán,16101,6,2020-02-27
Ñuble,16,Chillán,16101,4,2020-02-28
Ñuble,16,Chillán,16101,1,2020-02-29
Ñuble,16,Chillán,16101,3,2020-03-01
Ñuble,16,Chillán,16101,13,2020-03-02
Ñuble,16,Chillán,16101,4,2020-03-03
Ñuble,16,Chillán,16101,4,2020-03-04
Ñuble,16,Chillán,16101,1,2020-03-05
Ñuble,16,Chillán,16101,5,2020-03-06
Ñuble,16,Chillán,16101,2,2020-03-07
Ñuble,16,Chillán,16101,18,2020-03-09
Ñuble,16,Chillán,16101,2,2020-03-10
Ñuble,16,Chillán,16101,8,2020-03-11
Ñuble,16,Chillán,16101,3,2020-03-12
Ñuble,16,Chillán,16101,3,2020-03-13
Ñuble,16,Chillán,16101,14,2020-03-16
Ñuble,16,Chillán,16101,12,2020-03-17
Ñuble,16,Chillán,16101,7,2020-03-18
Ñuble,16,Chillán,16101,4,2020-03-19
Ñuble,16,Chillán,16101,5,2020-03-20
Ñuble,16,Chillán,16101,1,2020-03-21
Ñuble,16,Chillán,16101,1,2020-03-22
Ñuble,16,Chillán,16101,10,2020-03-23
Ñuble,16,Chillán,16101,6,2020-03-24
Ñuble,16,Chillán,16101,3,2020-03-25
Ñuble,16,Chillán,16101,3,2020-03-26
Ñuble,16,Chillán,16101,6,2020-03-27
Ñuble,16,Chillán,16101,4,2020-03-28
Ñuble,16,Chillán,16101,1,2020-03-29
Ñuble,16,Chillán,16101,17,2020-03-30
Ñuble,16,Chillán,16101,6,2020-03-31
Ñuble,16,Chillán,16101,5,2020-04-01
Ñuble,16,Chillán,16101,5,2020-04-02
Ñuble,16,Chillán,16101,7,2020-04-03
Ñuble,16,Chillán,16101,1,2020-04-04
Ñuble,16,Chillán,16101,7,2020-04-06
Ñuble,16,Chillán,16101,6,2020-04-07
Ñuble,16,Chillán,16101,7,2020-04-08
Ñuble,16,Chillán,16101,3,2020-04-09
Ñuble,16,Chillán,16101,2,2020-04-10
Ñuble,16,Chillán,16101,1,2020-04-11
Ñuble,16,Chillán,16101,1,2020-04-12
Ñuble,16,Chillán,16101,10,2020-04-13
Ñuble,16,Chillán,16101,4,2020-04-14
Ñuble,16,Chillán,16101,11,2020-04-15
Ñuble,16,Chillán,16101,7,2020-04-16
Ñuble,16,Chillán,16101,6,2020-04-17
Ñuble,16,Chillán,16101,2,2020-04-19
Ñuble,16,Chillán,16101,12,2020-04-20
Ñuble,16,Chillán,16101,6,2020-04-21
Ñuble,16,Chillán,16101,5,2020-04-22
Ñuble,16,Chillán,16101,9,2020-04-23
Ñuble,16,Chillán,16101,5,2020-04-24
Ñuble,16,Chillán,16101,9,2020-04-27
Ñuble,16,Chillán,16101,6,2020-04-28
Ñuble,16,Chillán,16101,6,2020-04-29
Ñuble,16,Chillán,16101,5,2020-04-30
Ñuble,16,Chillán,16101,2,2020-05-01
Ñuble,16,Chillán,16101,3,2020-05-02
Ñuble,16,Chillán,16101,10,2020-05-04
Ñuble,16,Chillán,16101,11,2020-05-05
Ñuble,16,Chillán,16101,9,2020-05-06
Ñuble,16,Chillán,16101,5,2020-05-07
Ñuble,16,Chillán,16101,5,2020-05-08
Ñuble,16,Chillán,16101,1,2020-05-10
Ñuble,16,Chillán,16101,8,2020-05-11
Ñuble,16,Chillán,16101,5,2020-05-12
Ñuble,16,Chillán,16101,6,2020-05-13
Ñuble,16,Chillán,16101,2,2020-05-14
Ñuble,16,Chillán,16101,11,2020-05-15
Ñuble,16,Chillán,16101,1,2020-05-17
Ñuble,16,Chillán,16101,10,2020-05-18
Ñuble,16,Chillán,16101,10,2020-05-19
Ñuble,16,Chillán,16101,7,2020-05-20
Ñuble,16,Chillán,16101,1,2020-05-21
Ñuble,16,Chillán,16101,10,2020-05-22
Ñuble,16,Chillán,16101,1,2020-05-24
Ñuble,16,Chillán,16101,10,2020-05-25
Ñuble,16,Chillán,16101,5,2020-05-26
Ñuble,16,Chillán,16101,7,2020-05-27
Ñuble,16,Chillán,16101,6,2020-05-28
Ñuble,16,Chillán,16101,5,2020-05-29
Ñuble,16,Chillán,16101,14,2020-06-01
Ñuble,16,Chillán,16101,8,2020-06-02
Ñuble,16,Chillán,16101,3,2020-06-03
Ñuble,16,Chillán,16101,7,2020-06-04
Ñuble,16,Chillán,16101,6,2020-06-05
Ñuble,16,Chillán,16101,2,2020-06-06
Ñuble,16,Chillán,16101,2,2020-06-07
Ñuble,16,Chillán,16101,17,2020-06-08
Ñuble,16,Chillán,16101,3,2020-06-09
Ñuble,16,Chillán,16101,4,2020-06-10
Ñuble,16,Chillán,16101,11,2020-06-11
Ñuble,16,Chillán,16101,6,2020-06-12
Ñuble,16,Chillán,16101,1,2020-06-13
Ñuble,16,Chillán,16101,17,2020-06-15
Ñuble,16,Chillán,16101,6,2020-06-16
Ñuble,16,Chillán,16101,4,2020-06-17
Ñuble,16,Chillán,16101,10,2020-06-18
Ñuble,16,Chillán,16101,8,2020-06-19
Ñuble,16,Chillán,16101,15,2020-06-22
Ñuble,16,Chillán,16101,3,2020-06-23
Ñuble,16,Chillán,16101,4,2020-06-25
Ñuble,16,Chillán,16101,10,2020-06-26
Ñuble,16,Chillán,16101,1,2020-06-27
Ñuble,16,Chillán,16101,3,2020-06-28
Ñuble,16,Chillán,16101,1,2020-06-29
Ñuble,16,Chillán,16101,9,2020-06-30
Ñuble,16,Chillán,16101,5,2020-07-01
Ñuble,16,Chillán,16101,5,2020-07-02
Ñuble,16,Chillán,16101,8,2020-07-03
Ñuble,16,Chillán,16101,1,2020-07-05
Ñuble,16,Chillán,16101,9,2020-07-06
Ñuble,16,Chillán,16101,5,2020-07-07
Ñuble,16,Chillán,16101,9,2020-07-08
Ñuble,16,Chillán,16101,3,2020-07-09
Ñuble,16,Chillán,16101,7,2020-07-10
Ñuble,16,Chillán,16101,2,2020-07-11
Ñuble,16,Chillán,16101,2,2020-07-12
Ñuble,16,Chillán,16101,13,2020-07-13
Ñuble,16,Chillán,16101,3,2020-07-14
Ñuble,16,Chillán,16101,6,2020-07-15
Ñuble,16,Chillán,16101,2,2020-07-16
Ñuble,16,Chillán,16101,9,2020-07-17
Ñuble,16,Chillán,16101,2,2020-07-19
Ñuble,16,Chillán,16101,13,2020-07-20
Ñuble,16,Chillán,16101,3,2020-07-21
Ñuble,16,Chillán,16101,8,2020-07-22
Ñuble,16,Chillán,16101,6,2020-07-23
Ñuble,16,Chillán,16101,10,2020-07-24
Ñuble,16,Chillán,16101,4,2020-07-25
Ñuble,16,Chillán,16101,1,2020-07-26
Ñuble,16,Chillán,16101,13,2020-07-27
Ñuble,16,Chillán,16101,6,2020-07-28
Ñuble,16,Chillán,16101,4,2020-07-29
Ñuble,16,Chillán,16101,2,2020-07-30
Ñuble,16,Chillán,16101,5,2020-07-31
Ñuble,16,Chillán,16101,1,2020-08-02
Ñuble,16,Chillán,16101,12,2020-08-03
Ñuble,16,Chillán,16101,7,2020-08-04
Ñuble,16,Chillán,16101,6,2020-08-05
Ñuble,16,Chillán,16101,2,2020-08-06
Ñuble,16,Chillán,16101,7,2020-08-07
Ñuble,16,Chillán,16101,1,2020-08-08
Ñuble,16,Chillán,16101,2,2020-08-09
Ñuble,16,Chillán,16101,16,2020-08-10
Ñuble,16,Chillán,16101,3,2020-08-11
Ñuble,16,Chillán,16101,3,2020-08-12
Ñuble,16,Chillán,16101,6,2020-08-13
Ñuble,16,Chillán,16101,6,2020-08-14
Ñuble,16,Chillán,16101,3,2020-08-15
Ñuble,16,Chillán,16101,1,2020-08-16
Ñuble,16,Chillán,16101,13,2020-08-17
Ñuble,16,Chillán,16101,4,2020-08-18
Ñuble,16,Chillán,16101,8,2020-08-19
Ñuble,16,Chillán,16101,2,2020-08-20
Ñuble,16,Chillán,16101,8,2020-08-21
Ñuble,16,Chillán,16101,1,2020-08-22
Ñuble,16,Chillán,16101,18,2020-08-24
Ñuble,16,Chillán,16101,8,2020-08-25
Ñuble,16,Chillán,16101,3,2020-08-26
Ñuble,16,Chillán,16101,4,2020-08-27
Ñuble,16,Chillán,16101,7,2020-08-28
Ñuble,16,Chillán,16101,4,2020-08-29
Ñuble,16,Chillán,16101,2,2020-08-30
Ñuble,16,Chillán,16101,16,2020-08-31
Ñuble,16,Chillán,16101,8,2020-09-01
Ñuble,16,Chillán,16101,5,2020-09-02
Ñuble,16,Chillán,16101,6,2020-09-03
Ñuble,16,Chillán,16101,9,2020-09-04
Ñuble,16,Chillán,16101,6,2020-09-07
Ñuble,16,Chillán,16101,11,2020-09-08
Ñuble,16,Chillán,16101,3,2020-09-09
Ñuble,16,Chillán,16101,8,2020-09-10
Ñuble,16,Chillán,16101,4,2020-09-11
Ñuble,16,Chillán,16101,3,2020-09-12
Ñuble,16,Chillán,16101,3,2020-09-13
Ñuble,16,Chillán,16101,14,2020-09-14
Ñuble,16,Chillán,16101,6,2020-09-15
Ñuble,16,Chillán,16101,6,2020-09-16
Ñuble,16,Chillán,16101,6,2020-09-17
Ñuble,16,Chillán,16101,3,2020-09-18
Ñuble,16,Chillán,16101,1,2020-09-20
Ñuble,16,Chillán,16101,13,2020-09-21
Ñuble,16,Chillán,16101,11,2020-09-22
Ñuble,16,Chillán,16101,11,2020-09-23
Ñuble,16,Chillán,16101,7,2020-09-24
Ñuble,16,Chillán,16101,9,2020-09-25
Ñuble,16,Chillán,16101,2,2020-09-27
Ñuble,16,Chillán,16101,10,2020-09-28
Ñuble,16,Chillán,16101,9,2020-09-29
Ñuble,16,Chillán,16101,3,2020-09-30
Ñuble,16,Chillán,16101,5,2020-10-01
Ñuble,16,Chillán,16101,5,2020-10-02
Ñuble,16,Chillán,16101,13,2020-10-05
Ñuble,16,Chillán,16101,13,2020-10-06
Ñuble,16,Chillán,16101,5,2020-10-07
Ñuble,16,Chillán,16101,3,2020-10-08
Ñuble,16,Chillán,16101,7,2020-10-09
Ñuble,16,Chillán,16101,1,2020-10-10
Ñuble,16,Chillán,16101,1,2020-10-11
Ñuble,16,Chillán,16101,1,2020-10-12
Ñuble,16,Chillán,16101,17,2020-10-13
Ñuble,16,Chillán,16101,9,2020-10-14
Ñuble,16,Chillán,16101,8,2020-10-15
Ñuble,16,Chillán,16101,5,2020-10-16
Ñuble,16,Chillán,16101,2,2020-10-18
Ñuble,16,Chillán,16101,11,2020-10-19
Ñuble,16,Chillán,16101,7,2020-10-20
Ñuble,16,Chillán,16101,7,2020-10-21
Ñuble,16,Chillán,16101,8,2020-10-22
Ñuble,16,Chillán,16101,7,2020-10-23
Ñuble,16,Chillán,16101,3,2020-10-24
Ñuble,16,Chillán,16101,1,2020-10-25
Ñuble,16,Chillán,16101,8,2020-10-26
Ñuble,16,Chillán,16101,9,2020-10-27
Ñuble,16,Chillán,16101,8,2020-10-28
Ñuble,16,Chillán,16101,6,2020-10-29
Ñuble,16,Chillán,16101,4,2020-10-30
Ñuble,16,Chillán,16101,18,2020-11-02
Ñuble,16,Chillán,16101,8,2020-11-03
Ñuble,16,Chillán,16101,5,2020-11-04
Ñuble,16,Chillán,16101,6,2020-11-05
Ñuble,16,Chillán,16101,1,2020-11-06
Ñuble,16,Chillán,16101,12,2020-11-09
Ñuble,16,Chillán,16101,7,2020-11-10
Ñuble,16,Chillán,16101,4,2020-11-11
Ñuble,16,Chillán,16101,11,2020-11-12
Ñuble,16,Chillán,16101,3,2020-11-13
Ñuble,16,Chillán,16101,1,2020-11-14
Ñuble,16,Chillán,16101,1,2020-11-15
Ñuble,16,Chillán,16101,14,2020-11-16
Ñuble,16,Chillán,16101,5,2020-11-17
Ñuble,16,Chillán,16101,7,2020-11-18
Ñuble,16,Chillán,16101,7,2020-11-19
Ñuble,16,Chillán,16101,6,2020-11-20
Ñuble,16,Chillán,16101,2,2020-11-21
Ñuble,16,Chillán,16101,13,2020-11-23
Ñuble,16,Chillán,16101,4,2020-11-24
Ñuble,16,Chillán,16101,4,2020-11-25
Ñuble,16,Chillán,16101,4,2020-11-26
Ñuble,16,Chillán,16101,11,2020-11-27
Ñuble,16,Chillán,16101,1,2020-11-29
Ñuble,16,Chillán,16101,12,2020-11-30
Ñuble,16,Chillán,16101,10,2020-12-01
Ñuble,16,Chillán,16101,2,2020-12-02
Ñuble,16,Chillán,16101,7,2020-12-03
Ñuble,16,Chillán,16101,4,2020-12-04
Ñuble,16,Chillán,16101,2,2020-12-05
Ñuble,16,Chillán,16101,2,2020-12-06
Ñuble,16,Chillán,16101,14,2020-12-07
Ñuble,16,Chillán,16101,1,2020-12-08
Ñuble,16,Chillán,16101,10,2020-12-09
Ñuble,16,Chillán,16101,5,2020-12-10
Ñuble,16,Chillán,16101,4,2020-12-11
Ñuble,16,Chillán,16101,1,2020-12-13
Ñuble,16,Chillán,16101,20,2020-12-14
Ñuble,16,Chillán,16101,8,2020-12-15
Ñuble,16,Chillán,16101,6,2020-12-16
Ñuble,16,Chillán,16101,7,2020-12-17
Ñuble,16,Chillán,16101,7,2020-12-18
Ñuble,16,Chillán,16101,4,2020-12-19
Ñuble,16,Chillán,16101,10,2020-12-21
Ñuble,16,Chillán,16101,14,2020-12-22
Ñuble,16,Chillán,16101,6,2020-12-23
Ñuble,16,Chillán,16101,6,2020-12-24
Ñuble,16,Chillán,16101,2,2020-12-25
Ñuble,16,Chillán,16101,1,2020-12-26
Ñuble,16,Chillán,16101,10,2020-12-28
Ñuble,16,Chillán,16101,13,2020-12-29
Ñuble,16,Chillán,16101,12,2020-12-30
Ñuble,16,Chillán,16101,5,2020-12-31
Ñuble,16,Chillán,16101,5,2021-01-01
Ñuble,16,Chillán,16101,2,2021-01-02
Ñuble,16,Chillán,16101,13,2021-01-04
Ñuble,16,Chillán,16101,14,2021-01-05
Ñuble,16,Chillán,16101,4,2021-01-06
Ñuble,16,Chillán,16101,7,2021-01-07
Ñuble,16,Chillán,16101,16,2021-01-08
Ñuble,16,Chillán,16101,3,2021-01-09
Ñuble,16,Chillán,16101,19,2021-01-11
Ñuble,16,Chillán,16101,4,2021-01-12
Ñuble,16,Chillán,16101,8,2021-01-13
Ñuble,16,Chillán,16101,9,2021-01-14
Ñuble,16,Bulnes,16102,2,2020-01-08
Ñuble,16,Bulnes,16102,1,2020-01-10
Ñuble,16,Bulnes,16102,1,2020-01-13
Ñuble,16,Bulnes,16102,1,2020-01-20
Ñuble,16,Bulnes,16102,1,2020-01-22
Ñuble,16,Bulnes,16102,2,2020-01-27
Ñuble,16,Bulnes,16102,1,2020-01-28
Ñuble,16,Bulnes,16102,1,2020-01-31
Ñuble,16,Bulnes,16102,1,2020-02-05
Ñuble,16,Bulnes,16102,1,2020-02-06
Ñuble,16,Bulnes,16102,2,2020-02-24
Ñuble,16,Bulnes,16102,1,2020-02-27
Ñuble,16,Bulnes,16102,1,2020-02-28
Ñuble,16,Bulnes,16102,3,2020-03-02
Ñuble,16,Bulnes,16102,1,2020-03-06
Ñuble,16,Bulnes,16102,1,2020-03-12
Ñuble,16,Bulnes,16102,1,2020-03-13
Ñuble,16,Bulnes,16102,1,2020-03-18
Ñuble,16,Bulnes,16102,1,2020-03-28
Ñuble,16,Bulnes,16102,1,2020-04-02
Ñuble,16,Bulnes,16102,1,2020-04-06
Ñuble,16,Bulnes,16102,2,2020-04-09
Ñuble,16,Bulnes,16102,3,2020-04-20
Ñuble,16,Bulnes,16102,2,2020-04-24
Ñuble,16,Bulnes,16102,1,2020-04-25
Ñuble,16,Bulnes,16102,2,2020-04-27
Ñuble,16,Bulnes,16102,1,2020-04-29
Ñuble,16,Bulnes,16102,1,2020-04-30
Ñuble,16,Bulnes,16102,1,2020-05-06
Ñuble,16,Bulnes,16102,1,2020-05-08
Ñuble,16,Bulnes,16102,2,2020-05-09
Ñuble,16,Bulnes,16102,1,2020-05-18
Ñuble,16,Bulnes,16102,3,2020-05-19
Ñuble,16,Bulnes,16102,1,2020-05-26
Ñuble,16,Bulnes,16102,2,2020-06-02
Ñuble,16,Bulnes,16102,1,2020-06-09
Ñuble,16,Bulnes,16102,1,2020-06-11
Ñuble,16,Bulnes,16102,2,2020-06-16
Ñuble,16,Bulnes,16102,1,2020-06-18
Ñuble,16,Bulnes,16102,3,2020-06-23
Ñuble,16,Bulnes,16102,3,2020-06-25
Ñuble,16,Bulnes,16102,1,2020-06-28
Ñuble,16,Bulnes,16102,2,2020-07-02
Ñuble,16,Bulnes,16102,1,2020-07-03
Ñuble,16,Bulnes,16102,2,2020-07-04
Ñuble,16,Bulnes,16102,1,2020-07-09
Ñuble,16,Bulnes,16102,1,2020-07-12
Ñuble,16,Bulnes,16102,3,2020-07-20
Ñuble,16,Bulnes,16102,1,2020-07-21
Ñuble,16,Bulnes,16102,1,2020-07-25
Ñuble,16,Bulnes,16102,1,2020-07-28
Ñuble,16,Bulnes,16102,1,2020-07-29
Ñuble,16,Bulnes,16102,1,2020-07-31
Ñuble,16,Bulnes,16102,1,2020-08-04
Ñuble,16,Bulnes,16102,1,2020-08-10
Ñuble,16,Bulnes,16102,2,2020-08-11
Ñuble,16,Bulnes,16102,2,2020-08-14
Ñuble,16,Bulnes,16102,1,2020-08-16
Ñuble,16,Bulnes,16102,2,2020-08-17
Ñuble,16,Bulnes,16102,4,2020-08-18
Ñuble,16,Bulnes,16102,1,2020-08-23
Ñuble,16,Bulnes,16102,1,2020-08-24
Ñuble,16,Bulnes,16102,1,2020-08-27
Ñuble,16,Bulnes,16102,4,2020-09-01
Ñuble,16,Bulnes,16102,1,2020-09-06
Ñuble,16,Bulnes,16102,1,2020-09-08
Ñuble,16,Bulnes,16102,3,2020-09-14
Ñuble,16,Bulnes,16102,1,2020-09-17
Ñuble,16,Bulnes,16102,1,2020-09-19
Ñuble,16,Bulnes,16102,1,2020-09-22
Ñuble,16,Bulnes,16102,1,2020-09-23
Ñuble,16,Bulnes,16102,1,2020-09-25
Ñuble,16,Bulnes,16102,2,2020-09-30
Ñuble,16,Bulnes,16102,1,2020-10-01
Ñuble,16,Bulnes,16102,1,2020-10-06
Ñuble,16,Bulnes,16102,2,2020-10-07
Ñuble,16,Bulnes,16102,1,2020-10-09
Ñuble,16,Bulnes,16102,1,2020-10-10
Ñuble,16,Bulnes,16102,1,2020-10-14
Ñuble,16,Bulnes,16102,1,2020-10-16
Ñuble,16,Bulnes,16102,1,2020-10-20
Ñuble,16,Bulnes,16102,1,2020-10-30
Ñuble,16,Bulnes,16102,1,2020-10-31
Ñuble,16,Bulnes,16102,2,2020-11-02
Ñuble,16,Bulnes,16102,1,2020-11-03
Ñuble,16,Bulnes,16102,1,2020-11-04
Ñuble,16,Bulnes,16102,1,2020-11-06
Ñuble,16,Bulnes,16102,1,2020-11-09
Ñuble,16,Bulnes,16102,1,2020-11-11
Ñuble,16,Bulnes,16102,1,2020-11-20
Ñuble,16,Bulnes,16102,2,2020-11-24
Ñuble,16,Bulnes,16102,1,2020-11-26
Ñuble,16,Bulnes,16102,1,2020-11-27
Ñuble,16,Bulnes,16102,1,2020-12-02
Ñuble,16,Bulnes,16102,2,2020-12-04
Ñuble,16,Bulnes,16102,2,2020-12-07
Ñuble,16,Bulnes,16102,1,2020-12-09
Ñuble,16,Bulnes,16102,2,2020-12-10
Ñuble,16,Bulnes,16102,1,2020-12-15
Ñuble,16,Bulnes,16102,1,2020-12-17
Ñuble,16,Bulnes,16102,2,2020-12-18
Ñuble,16,Bulnes,16102,1,2020-12-21
Ñuble,16,Bulnes,16102,2,2020-12-22
Ñuble,16,Bulnes,16102,1,2020-12-24
Ñuble,16,Bulnes,16102,1,2020-12-28
Ñuble,16,Bulnes,16102,1,2020-12-29
Ñuble,16,Bulnes,16102,2,2020-12-31
Ñuble,16,Bulnes,16102,3,2021-01-04
Ñuble,16,Bulnes,16102,1,2021-01-07
Ñuble,16,Bulnes,16102,2,2021-01-11
Ñuble,16,Bulnes,16102,1,2021-01-13
Ñuble,16,Bulnes,16102,1,2021-01-14
Ñuble,16,Chillán Viejo,16103,1,2020-01-02
Ñuble,16,Chillán Viejo,16103,1,2020-01-04
Ñuble,16,Chillán Viejo,16103,1,2020-01-06
Ñuble,16,Chillán Viejo,16103,1,2020-01-10
Ñuble,16,Chillán Viejo,16103,1,2020-01-14
Ñuble,16,Chillán Viejo,16103,2,2020-01-21
Ñuble,16,Chillán Viejo,16103,1,2020-01-22
Ñuble,16,Chillán Viejo,16103,1,2020-01-30
Ñuble,16,Chillán Viejo,16103,2,2020-02-07
Ñuble,16,Chillán Viejo,16103,1,2020-03-02
Ñuble,16,Chillán Viejo,16103,1,2020-03-04
Ñuble,16,Chillán Viejo,16103,1,2020-03-09
Ñuble,16,Chillán Viejo,16103,1,2020-03-17
Ñuble,16,Chillán Viejo,16103,1,2020-03-23
Ñuble,16,Chillán Viejo,16103,1,2020-04-02
Ñuble,16,Chillán Viejo,16103,1,2020-04-07
Ñuble,16,Chillán Viejo,16103,1,2020-04-08
Ñuble,16,Chillán Viejo,16103,1,2020-04-10
Ñuble,16,Chillán Viejo,16103,1,2020-04-15
Ñuble,16,Chillán Viejo,16103,1,2020-04-16
Ñuble,16,Chillán Viejo,16103,1,2020-04-20
Ñuble,16,Chillán Viejo,16103,1,2020-04-28
Ñuble,16,Chillán Viejo,16103,1,2020-05-01
Ñuble,16,Chillán Viejo,16103,1,2020-05-04
Ñuble,16,Chillán Viejo,16103,1,2020-05-08
Ñuble,16,Chillán Viejo,16103,1,2020-05-09
Ñuble,16,Chillán Viejo,16103,1,2020-05-16
Ñuble,16,Chillán Viejo,16103,1,2020-05-18
Ñuble,16,Chillán Viejo,16103,1,2020-05-25
Ñuble,16,Chillán Viejo,16103,1,2020-06-04
Ñuble,16,Chillán Viejo,16103,1,2020-06-05
Ñuble,16,Chillán Viejo,16103,2,2020-06-08
Ñuble,16,Chillán Viejo,16103,1,2020-06-12
Ñuble,16,Chillán Viejo,16103,1,2020-06-15
Ñuble,16,Chillán Viejo,16103,1,2020-06-16
Ñuble,16,Chillán Viejo,16103,2,2020-06-19
Ñuble,16,Chillán Viejo,16103,1,2020-06-30
Ñuble,16,Chillán Viejo,16103,1,2020-07-03
Ñuble,16,Chillán Viejo,16103,1,2020-07-06
Ñuble,16,Chillán Viejo,16103,2,2020-07-08
Ñuble,16,Chillán Viejo,16103,1,2020-07-13
Ñuble,16,Chillán Viejo,16103,1,2020-07-14
Ñuble,16,Chillán Viejo,16103,1,2020-07-21
Ñuble,16,Chillán Viejo,16103,1,2020-07-29
Ñuble,16,Chillán Viejo,16103,1,2020-07-30
Ñuble,16,Chillán Viejo,16103,1,2020-08-11
Ñuble,16,Chillán Viejo,16103,1,2020-08-12
Ñuble,16,Chillán Viejo,16103,1,2020-08-13
Ñuble,16,Chillán Viejo,16103,1,2020-08-28
Ñuble,16,Chillán Viejo,16103,1,2020-09-14
Ñuble,16,Chillán Viejo,16103,2,2020-09-18
Ñuble,16,Chillán Viejo,16103,1,2020-09-24
Ñuble,16,Chillán Viejo,16103,1,2020-10-05
Ñuble,16,Chillán Viejo,16103,1,2020-10-09
Ñuble,16,Chillán Viejo,16103,1,2020-10-13
Ñuble,16,Chillán Viejo,16103,1,2020-10-14
Ñuble,16,Chillán Viejo,16103,1,2020-10-19
Ñuble,16,Chillán Viejo,16103,1,2020-10-20
Ñuble,16,Chillán Viejo,16103,1,2020-10-22
Ñuble,16,Chillán Viejo,16103,1,2020-10-26
Ñuble,16,Chillán Viejo,16103,1,2020-11-03
Ñuble,16,Chillán Viejo,16103,2,2020-11-09
Ñuble,16,Chillán Viejo,16103,1,2020-11-16
Ñuble,16,Chillán Viejo,16103,1,2020-11-17
Ñuble,16,Chillán Viejo,16103,2,2020-11-20
Ñuble,16,Chillán Viejo,16103,1,2020-11-23
Ñuble,16,Chillán Viejo,16103,1,2020-11-28
Ñuble,16,Chillán Viejo,16103,2,2020-12-09
Ñuble,16,Chillán Viejo,16103,1,2020-12-10
Ñuble,16,Chillán Viejo,16103,1,2020-12-11
Ñuble,16,Chillán Viejo,16103,1,2020-12-19
Ñuble,16,Chillán Viejo,16103,1,2020-12-24
Ñuble,16,Chillán Viejo,16103,3,2020-12-28
Ñuble,16,Chillán Viejo,16103,2,2021-01-04
Ñuble,16,Chillán Viejo,16103,1,2021-01-05
Ñuble,16,Chillán Viejo,16103,1,2021-01-07
Ñuble,16,Chillán Viejo,16103,1,2021-01-11
Ñuble,16,El Carmen,16104,1,2020-01-03
Ñuble,16,El Carmen,16104,1,2020-01-06
Ñuble,16,El Carmen,16104,1,2020-01-21
Ñuble,16,El Carmen,16104,1,2020-01-22
Ñuble,16,El Carmen,16104,1,2020-01-29
Ñuble,16,El Carmen,16104,1,2020-02-07
Ñuble,16,El Carmen,16104,1,2020-02-17
Ñuble,16,El Carmen,16104,1,2020-02-21
Ñuble,16,El Carmen,16104,2,2020-02-24
Ñuble,16,El Carmen,16104,1,2020-02-25
Ñuble,16,El Carmen,16104,1,2020-03-02
Ñuble,16,El Carmen,16104,1,2020-03-06
Ñuble,16,El Carmen,16104,2,2020-03-09
Ñuble,16,El Carmen,16104,1,2020-03-11
Ñuble,16,El Carmen,16104,1,2020-03-12
Ñuble,16,El Carmen,16104,1,2020-03-17
Ñuble,16,El Carmen,16104,1,2020-04-08
Ñuble,16,El Carmen,16104,1,2020-04-09
Ñuble,16,El Carmen,16104,1,2020-04-10
Ñuble,16,El Carmen,16104,1,2020-04-16
Ñuble,16,El Carmen,16104,1,2020-04-20
Ñuble,16,El Carmen,16104,3,2020-04-27
Ñuble,16,El Carmen,16104,1,2020-05-02
Ñuble,16,El Carmen,16104,1,2020-05-04
Ñuble,16,El Carmen,16104,2,2020-05-07
Ñuble,16,El Carmen,16104,1,2020-05-08
Ñuble,16,El Carmen,16104,3,2020-05-11
Ñuble,16,El Carmen,16104,1,2020-05-18
Ñuble,16,El Carmen,16104,1,2020-05-22
Ñuble,16,El Carmen,16104,1,2020-05-28
Ñuble,16,El Carmen,16104,3,2020-06-01
Ñuble,16,El Carmen,16104,1,2020-06-04
Ñuble,16,El Carmen,16104,1,2020-06-11
Ñuble,16,El Carmen,16104,1,2020-06-14
Ñuble,16,El Carmen,16104,2,2020-06-15
Ñuble,16,El Carmen,16104,1,2020-06-18
Ñuble,16,El Carmen,16104,2,2020-06-22
Ñuble,16,El Carmen,16104,1,2020-06-24
Ñuble,16,El Carmen,16104,1,2020-07-02
Ñuble,16,El Carmen,16104,1,2020-07-04
Ñuble,16,El Carmen,16104,2,2020-07-06
Ñuble,16,El Carmen,16104,1,2020-07-13
Ñuble,16,El Carmen,16104,1,2020-07-24
Ñuble,16,El Carmen,16104,1,2020-07-26
Ñuble,16,El Carmen,16104,1,2020-07-27
Ñuble,16,El Carmen,16104,1,2020-07-28
Ñuble,16,El Carmen,16104,1,2020-07-31
Ñuble,16,El Carmen,16104,2,2020-08-05
Ñuble,16,El Carmen,16104,1,2020-08-06
Ñuble,16,El Carmen,16104,3,2020-08-10
Ñuble,16,El Carmen,16104,1,2020-08-19
Ñuble,16,El Carmen,16104,1,2020-08-20
Ñuble,16,El Carmen,16104,1,2020-08-21
Ñuble,16,El Carmen,16104,1,2020-08-24
Ñuble,16,El Carmen,16104,1,2020-08-26
Ñuble,16,El Carmen,16104,1,2020-08-28
Ñuble,16,El Carmen,16104,1,2020-08-31
Ñuble,16,El Carmen,16104,1,2020-09-03
Ñuble,16,El Carmen,16104,1,2020-09-04
Ñuble,16,El Carmen,16104,1,2020-09-07
Ñuble,16,El Carmen,16104,1,2020-09-08
Ñuble,16,El Carmen,16104,1,2020-09-09
Ñuble,16,El Carmen,16104,1,2020-09-14
Ñuble,16,El Carmen,16104,1,2020-09-21
Ñuble,16,El Carmen,16104,1,2020-09-24
Ñuble,16,El Carmen,16104,1,2020-09-28
Ñuble,16,El Carmen,16104,1,2020-10-05
Ñuble,16,El Carmen,16104,1,2020-10-06
Ñuble,16,El Carmen,16104,2,2020-10-08
Ñuble,16,El Carmen,16104,1,2020-10-11
Ñuble,16,El Carmen,16104,1,2020-10-21
Ñuble,16,El Carmen,16104,1,2020-10-22
Ñuble,16,El Carmen,16104,1,2020-10-28
Ñuble,16,El Carmen,16104,1,2020-11-05
Ñuble,16,El Carmen,16104,1,2020-11-06
Ñuble,16,El Carmen,16104,1,2020-11-09
Ñuble,16,El Carmen,16104,1,2020-11-12
Ñuble,16,El Carmen,16104,1,2020-11-13
Ñuble,16,El Carmen,16104,1,2020-11-16
Ñuble,16,El Carmen,16104,1,2020-11-20
Ñuble,16,El Carmen,16104,1,2020-12-03
Ñuble,16,El Carmen,16104,1,2020-12-12
Ñuble,16,El Carmen,16104,1,2020-12-16
Ñuble,16,El Carmen,16104,1,2020-12-17
Ñuble,16,El Carmen,16104,1,2020-12-18
Ñuble,16,El Carmen,16104,1,2020-12-22
Ñuble,16,El Carmen,16104,1,2020-12-28
Ñuble,16,El Carmen,16104,2,2020-12-30
Ñuble,16,El Carmen,16104,1,2021-01-04
Ñuble,16,El Carmen,16104,2,2021-01-05
Ñuble,16,El Carmen,16104,2,2021-01-07
Ñuble,16,El Carmen,16104,2,2021-01-08
Ñuble,16,El Carmen,16104,1,2021-01-13
Ñuble,16,Pemuco,16105,1,2020-01-24
Ñuble,16,Pemuco,16105,1,2020-02-10
Ñuble,16,Pemuco,16105,1,2020-03-13
Ñuble,16,Pemuco,16105,1,2020-03-18
Ñuble,16,Pemuco,16105,1,2020-03-23
Ñuble,16,Pemuco,16105,1,2020-04-01
Ñuble,16,Pemuco,16105,1,2020-04-14
Ñuble,16,Pemuco,16105,2,2020-04-16
Ñuble,16,Pemuco,16105,1,2020-04-23
Ñuble,16,Pemuco,16105,1,2020-04-25
Ñuble,16,Pemuco,16105,1,2020-04-26
Ñuble,16,Pemuco,16105,1,2020-05-03
Ñuble,16,Pemuco,16105,1,2020-05-06
Ñuble,16,Pemuco,16105,1,2020-05-14
Ñuble,16,Pemuco,16105,1,2020-06-11
Ñuble,16,Pemuco,16105,1,2020-06-17
Ñuble,16,Pemuco,16105,1,2020-06-21
Ñuble,16,Pemuco,16105,1,2020-07-09
Ñuble,16,Pemuco,16105,1,2020-07-15
Ñuble,16,Pemuco,16105,1,2020-07-22
Ñuble,16,Pemuco,16105,2,2020-08-03
Ñuble,16,Pemuco,16105,1,2020-08-07
Ñuble,16,Pemuco,16105,1,2020-08-10
Ñuble,16,Pemuco,16105,1,2020-08-12
Ñuble,16,Pemuco,16105,1,2020-08-31
Ñuble,16,Pemuco,16105,1,2020-09-02
Ñuble,16,Pemuco,16105,1,2020-09-07
Ñuble,16,Pemuco,16105,1,2020-09-21
Ñuble,16,Pemuco,16105,1,2020-10-05
Ñuble,16,Pemuco,16105,1,2020-10-19
Ñuble,16,Pemuco,16105,1,2020-10-22
Ñuble,16,Pemuco,16105,2,2020-10-26
Ñuble,16,Pemuco,16105,1,2020-11-04
Ñuble,16,Pemuco,16105,1,2020-11-05
Ñuble,16,Pemuco,16105,1,2020-11-10
Ñuble,16,Pemuco,16105,1,2020-12-02
Ñuble,16,Pemuco,16105,1,2020-12-10
Ñuble,16,Pemuco,16105,1,2020-12-24
Ñuble,16,Pemuco,16105,1,2020-12-28
Ñuble,16,Pemuco,16105,1,2021-01-04
Ñuble,16,Pemuco,16105,1,2021-01-08
Ñuble,16,Pemuco,16105,1,2021-01-11
Ñuble,16,Pinto,16106,1,2020-01-08
Ñuble,16,Pinto,16106,1,2020-01-14
Ñuble,16,Pinto,16106,2,2020-01-20
Ñuble,16,Pinto,16106,2,2020-01-27
Ñuble,16,Pinto,16106,1,2020-01-30
Ñuble,16,Pinto,16106,1,2020-02-17
Ñuble,16,Pinto,16106,1,2020-02-18
Ñuble,16,Pinto,16106,1,2020-02-19
Ñuble,16,Pinto,16106,2,2020-02-21
Ñuble,16,Pinto,16106,1,2020-03-19
Ñuble,16,Pinto,16106,1,2020-03-25
Ñuble,16,Pinto,16106,1,2020-03-29
Ñuble,16,Pinto,16106,1,2020-03-30
Ñuble,16,Pinto,16106,1,2020-03-31
Ñuble,16,Pinto,16106,1,2020-04-08
Ñuble,16,Pinto,16106,1,2020-04-13
Ñuble,16,Pinto,16106,1,2020-05-02
Ñuble,16,Pinto,16106,1,2020-05-04
Ñuble,16,Pinto,16106,1,2020-05-08
Ñuble,16,Pinto,16106,1,2020-05-11
Ñuble,16,Pinto,16106,1,2020-05-18
Ñuble,16,Pinto,16106,1,2020-05-26
Ñuble,16,Pinto,16106,1,2020-05-27
Ñuble,16,Pinto,16106,2,2020-05-28
Ñuble,16,Pinto,16106,1,2020-06-04
Ñuble,16,Pinto,16106,1,2020-06-12
Ñuble,16,Pinto,16106,1,2020-06-15
Ñuble,16,Pinto,16106,1,2020-06-17
Ñuble,16,Pinto,16106,1,2020-06-25
Ñuble,16,Pinto,16106,1,2020-07-06
Ñuble,16,Pinto,16106,1,2020-07-08
Ñuble,16,Pinto,16106,1,2020-07-13
Ñuble,16,Pinto,16106,1,2020-07-20
Ñuble,16,Pinto,16106,1,2020-08-10
Ñuble,16,Pinto,16106,1,2020-08-16
Ñuble,16,Pinto,16106,1,2020-08-17
Ñuble,16,Pinto,16106,1,2020-08-26
Ñuble,16,Pinto,16106,1,2020-08-31
Ñuble,16,Pinto,16106,2,2020-09-01
Ñuble,16,Pinto,16106,1,2020-09-15
Ñuble,16,Pinto,16106,1,2020-09-17
Ñuble,16,Pinto,16106,1,2020-10-05
Ñuble,16,Pinto,16106,1,2020-10-22
Ñuble,16,Pinto,16106,1,2020-11-05
Ñuble,16,Pinto,16106,1,2020-11-12
Ñuble,16,Pinto,16106,1,2020-11-23
Ñuble,16,Pinto,16106,1,2020-11-26
Ñuble,16,Pinto,16106,1,2020-12-01
Ñuble,16,Pinto,16106,1,2020-12-21
Ñuble,16,Pinto,16106,1,2020-12-28
Ñuble,16,Pinto,16106,1,2020-12-29
Ñuble,16,Pinto,16106,1,2020-12-31
Ñuble,16,Pinto,16106,1,2021-01-06
Ñuble,16,Pinto,16106,1,2021-01-14
Ñuble,16,Quillón,16107,1,2020-01-07
Ñuble,16,Quillón,16107,2,2020-01-13
Ñuble,16,Quillón,16107,1,2020-01-22
Ñuble,16,Quillón,16107,1,2020-01-28
Ñuble,16,Quillón,16107,2,2020-02-03
Ñuble,16,Quillón,16107,1,2020-02-20
Ñuble,16,Quillón,16107,1,2020-02-24
Ñuble,16,Quillón,16107,1,2020-03-05
Ñuble,16,Quillón,16107,1,2020-03-10
Ñuble,16,Quillón,16107,1,2020-03-25
Ñuble,16,Quillón,16107,1,2020-03-30
Ñuble,16,Quillón,16107,1,2020-03-31
Ñuble,16,Quillón,16107,1,2020-04-05
Ñuble,16,Quillón,16107,1,2020-04-06
Ñuble,16,Quillón,16107,1,2020-04-17
Ñuble,16,Quillón,16107,2,2020-04-29
Ñuble,16,Quillón,16107,1,2020-04-30
Ñuble,16,Quillón,16107,2,2020-05-01
Ñuble,16,Quillón,16107,1,2020-05-05
Ñuble,16,Quillón,16107,1,2020-05-17
Ñuble,16,Quillón,16107,1,2020-06-03
Ñuble,16,Quillón,16107,1,2020-06-12
Ñuble,16,Quillón,16107,1,2020-06-13
Ñuble,16,Quillón,16107,1,2020-06-14
Ñuble,16,Quillón,16107,1,2020-06-19
Ñuble,16,Quillón,16107,1,2020-06-21
Ñuble,16,Quillón,16107,1,2020-07-01
Ñuble,16,Quillón,16107,1,2020-07-02
Ñuble,16,Quillón,16107,2,2020-07-15
Ñuble,16,Quillón,16107,2,2020-07-17
Ñuble,16,Quillón,16107,1,2020-07-20
Ñuble,16,Quillón,16107,2,2020-08-03
Ñuble,16,Quillón,16107,1,2020-08-04
Ñuble,16,Quillón,16107,1,2020-08-10
Ñuble,16,Quillón,16107,1,2020-08-17
Ñuble,16,Quillón,16107,1,2020-08-20
Ñuble,16,Quillón,16107,1,2020-08-25
Ñuble,16,Quillón,16107,1,2020-08-28
Ñuble,16,Quillón,16107,1,2020-09-02
Ñuble,16,Quillón,16107,1,2020-09-09
Ñuble,16,Quillón,16107,1,2020-09-19
Ñuble,16,Quillón,16107,1,2020-10-05
Ñuble,16,Quillón,16107,1,2020-10-19
Ñuble,16,Quillón,16107,1,2020-11-06
Ñuble,16,Quillón,16107,1,2020-11-09
Ñuble,16,Quillón,16107,1,2020-11-17
Ñuble,16,Quillón,16107,1,2020-12-03
Ñuble,16,Quillón,16107,2,2020-12-21
Ñuble,16,Quillón,16107,1,2020-12-23
Ñuble,16,Quillón,16107,1,2020-12-28
Ñuble,16,Quillón,16107,2,2021-01-05
Ñuble,16,Quillón,16107,1,2021-01-11
Ñuble,16,San Ignacio,16108,1,2020-01-20
Ñuble,16,San Ignacio,16108,1,2020-01-27
Ñuble,16,San Ignacio,16108,2,2020-02-03
Ñuble,16,San Ignacio,16108,2,2020-02-10
Ñuble,16,San Ignacio,16108,1,2020-02-11
Ñuble,16,San Ignacio,16108,1,2020-03-09
Ñuble,16,San Ignacio,16108,1,2020-03-30
Ñuble,16,San Ignacio,16108,1,2020-04-11
Ñuble,16,San Ignacio,16108,1,2020-04-15
Ñuble,16,San Ignacio,16108,1,2020-05-14
Ñuble,16,San Ignacio,16108,1,2020-05-15
Ñuble,16,San Ignacio,16108,1,2020-05-20
Ñuble,16,San Ignacio,16108,1,2020-05-25
Ñuble,16,San Ignacio,16108,2,2020-05-27
Ñuble,16,San Ignacio,16108,1,2020-06-12
Ñuble,16,San Ignacio,16108,1,2020-06-15
Ñuble,16,San Ignacio,16108,2,2020-06-26
Ñuble,16,San Ignacio,16108,1,2020-06-27
Ñuble,16,San Ignacio,16108,1,2020-06-29
Ñuble,16,San Ignacio,16108,1,2020-07-03
Ñuble,16,San Ignacio,16108,1,2020-07-06
Ñuble,16,San Ignacio,16108,1,2020-07-13
Ñuble,16,San Ignacio,16108,1,2020-07-16
Ñuble,16,San Ignacio,16108,1,2020-07-17
Ñuble,16,San Ignacio,16108,2,2020-07-20
Ñuble,16,San Ignacio,16108,1,2020-08-04
Ñuble,16,San Ignacio,16108,1,2020-08-14
Ñuble,16,San Ignacio,16108,1,2020-08-17
Ñuble,16,San Ignacio,16108,1,2020-08-24
Ñuble,16,San Ignacio,16108,1,2020-08-31
Ñuble,16,San Ignacio,16108,1,2020-09-04
Ñuble,16,San Ignacio,16108,1,2020-09-07
Ñuble,16,San Ignacio,16108,1,2020-09-21
Ñuble,16,San Ignacio,16108,2,2020-09-25
Ñuble,16,San Ignacio,16108,1,2020-09-29
Ñuble,16,San Ignacio,16108,1,2020-10-05
Ñuble,16,San Ignacio,16108,1,2020-10-15
Ñuble,16,San Ignacio,16108,1,2020-10-20
Ñuble,16,San Ignacio,16108,1,2020-10-21
Ñuble,16,San Ignacio,16108,1,2020-10-26
Ñuble,16,San Ignacio,16108,1,2020-10-28
Ñuble,16,San Ignacio,16108,1,2020-10-29
Ñuble,16,San Ignacio,16108,1,2020-11-09
Ñuble,16,San Ignacio,16108,2,2020-11-17
Ñuble,16,San Ignacio,16108,1,2020-11-18
Ñuble,16,San Ignacio,16108,2,2020-11-30
Ñuble,16,San Ignacio,16108,1,2020-12-04
Ñuble,16,San Ignacio,16108,1,2020-12-14
Ñuble,16,San Ignacio,16108,1,2020-12-28
Ñuble,16,San Ignacio,16108,1,2020-12-31
Ñuble,16,San Ignacio,16108,1,2021-01-01
Ñuble,16,San Ignacio,16108,1,2021-01-09
Ñuble,16,Yungay,16109,1,2020-01-02
Ñuble,16,Yungay,16109,1,2020-01-06
Ñuble,16,Yungay,16109,1,2020-01-07
Ñuble,16,Yungay,16109,2,2020-01-13
Ñuble,16,Yungay,16109,1,2020-01-17
Ñuble,16,Yungay,16109,1,2020-01-21
Ñuble,16,Yungay,16109,1,2020-01-28
Ñuble,16,Yungay,16109,1,2020-01-30
Ñuble,16,Yungay,16109,1,2020-02-05
Ñuble,16,Yungay,16109,2,2020-02-17
Ñuble,16,Yungay,16109,1,2020-02-24
Ñuble,16,Yungay,16109,1,2020-02-25
Ñuble,16,Yungay,16109,2,2020-02-27
Ñuble,16,Yungay,16109,1,2020-02-28
Ñuble,16,Yungay,16109,1,2020-03-03
Ñuble,16,Yungay,16109,1,2020-03-10
Ñuble,16,Yungay,16109,2,2020-03-18
Ñuble,16,Yungay,16109,1,2020-03-23
Ñuble,16,Yungay,16109,1,2020-03-26
Ñuble,16,Yungay,16109,1,2020-03-30
Ñuble,16,Yungay,16109,1,2020-03-31
Ñuble,16,Yungay,16109,1,2020-04-01
Ñuble,16,Yungay,16109,1,2020-04-02
Ñuble,16,Yungay,16109,1,2020-04-04
Ñuble,16,Yungay,16109,1,2020-04-06
Ñuble,16,Yungay,16109,1,2020-04-08
Ñuble,16,Yungay,16109,1,2020-04-14
Ñuble,16,Yungay,16109,1,2020-04-23
Ñuble,16,Yungay,16109,1,2020-04-27
Ñuble,16,Yungay,16109,1,2020-05-07
Ñuble,16,Yungay,16109,1,2020-05-11
Ñuble,16,Yungay,16109,1,2020-05-18
Ñuble,16,Yungay,16109,1,2020-05-20
Ñuble,16,Yungay,16109,1,2020-05-25
Ñuble,16,Yungay,16109,1,2020-05-26
Ñuble,16,Yungay,16109,1,2020-06-05
Ñuble,16,Yungay,16109,2,2020-06-08
Ñuble,16,Yungay,16109,1,2020-06-10
Ñuble,16,Yungay,16109,1,2020-06-19
Ñuble,16,Yungay,16109,1,2020-06-22
Ñuble,16,Yungay,16109,1,2020-06-23
Ñuble,16,Yungay,16109,1,2020-06-24
Ñuble,16,Yungay,16109,1,2020-06-25
Ñuble,16,Yungay,16109,2,2020-06-30
Ñuble,16,Yungay,16109,2,2020-07-01
Ñuble,16,Yungay,16109,1,2020-07-03
Ñuble,16,Yungay,16109,2,2020-07-06
Ñuble,16,Yungay,16109,1,2020-07-08
Ñuble,16,Yungay,16109,1,2020-07-09
Ñuble,16,Yungay,16109,1,2020-07-13
Ñuble,16,Yungay,16109,2,2020-07-17
Ñuble,16,Yungay,16109,2,2020-07-18
Ñuble,16,Yungay,16109,1,2020-07-20
Ñuble,16,Yungay,16109,1,2020-07-23
Ñuble,16,Yungay,16109,1,2020-07-27
Ñuble,16,Yungay,16109,1,2020-08-03
Ñuble,16,Yungay,16109,1,2020-08-04
Ñuble,16,Yungay,16109,1,2020-08-07
Ñuble,16,Yungay,16109,1,2020-08-12
Ñuble,16,Yungay,16109,1,2020-08-14
Ñuble,16,Yungay,16109,2,2020-08-17
Ñuble,16,Yungay,16109,1,2020-08-18
Ñuble,16,Yungay,16109,1,2020-08-24
Ñuble,16,Yungay,16109,1,2020-08-26
Ñuble,16,Yungay,16109,2,2020-08-31
Ñuble,16,Yungay,16109,1,2020-09-04
Ñuble,16,Yungay,16109,1,2020-09-07
Ñuble,16,Yungay,16109,1,2020-09-09
Ñuble,16,Yungay,16109,1,2020-09-10
Ñuble,16,Yungay,16109,1,2020-09-11
Ñuble,16,Yungay,16109,1,2020-09-15
Ñuble,16,Yungay,16109,1,2020-09-16
Ñuble,16,Yungay,16109,1,2020-09-17
Ñuble,16,Yungay,16109,1,2020-09-19
Ñuble,16,Yungay,16109,1,2020-09-21
Ñuble,16,Yungay,16109,1,2020-09-22
Ñuble,16,Yungay,16109,1,2020-09-30
Ñuble,16,Yungay,16109,1,2020-10-01
Ñuble,16,Yungay,16109,1,2020-10-04
Ñuble,16,Yungay,16109,3,2020-10-05
Ñuble,16,Yungay,16109,1,2020-10-09
Ñuble,16,Yungay,16109,1,2020-10-13
Ñuble,16,Yungay,16109,1,2020-10-18
Ñuble,16,Yungay,16109,3,2020-10-19
Ñuble,16,Yungay,16109,2,2020-10-20
Ñuble,16,Yungay,16109,1,2020-10-22
Ñuble,16,Yungay,16109,2,2020-11-02
Ñuble,16,Yungay,16109,2,2020-11-06
Ñuble,16,Yungay,16109,1,2020-11-09
Ñuble,16,Yungay,16109,2,2020-11-19
Ñuble,16,Yungay,16109,2,2020-11-23
Ñuble,16,Yungay,16109,1,2020-11-24
Ñuble,16,Yungay,16109,1,2020-11-27
Ñuble,16,Yungay,16109,1,2020-11-30
Ñuble,16,Yungay,16109,2,2020-12-07
Ñuble,16,Yungay,16109,1,2020-12-16
Ñuble,16,Yungay,16109,1,2020-12-17
Ñuble,16,Yungay,16109,1,2020-12-23
Ñuble,16,Yungay,16109,1,2021-01-06
Ñuble,16,Yungay,16109,1,2021-01-12
Ñuble,16,Yungay,16109,2,2021-01-13
Ñuble,16,Yungay,16109,1,2021-01-14
Ñuble,16,Quirihue,16201,1,2020-01-10
Ñuble,16,Quirihue,16201,3,2020-01-27
Ñuble,16,Quirihue,16201,1,2020-01-28
Ñuble,16,Quirihue,16201,1,2020-01-29
Ñuble,16,Quirihue,16201,1,2020-02-04
Ñuble,16,Quirihue,16201,1,2020-02-10
Ñuble,16,Quirihue,16201,1,2020-02-11
Ñuble,16,Quirihue,16201,1,2020-02-13
Ñuble,16,Quirihue,16201,1,2020-02-19
Ñuble,16,Quirihue,16201,1,2020-02-24
Ñuble,16,Quirihue,16201,1,2020-02-26
Ñuble,16,Quirihue,16201,1,2020-03-04
Ñuble,16,Quirihue,16201,1,2020-03-06
Ñuble,16,Quirihue,16201,1,2020-03-10
Ñuble,16,Quirihue,16201,1,2020-03-11
Ñuble,16,Quirihue,16201,3,2020-03-23
Ñuble,16,Quirihue,16201,2,2020-03-26
Ñuble,16,Quirihue,16201,1,2020-04-02
Ñuble,16,Quirihue,16201,1,2020-04-06
Ñuble,16,Quirihue,16201,1,2020-04-07
Ñuble,16,Quirihue,16201,1,2020-04-17
Ñuble,16,Quirihue,16201,1,2020-04-20
Ñuble,16,Quirihue,16201,3,2020-04-22
Ñuble,16,Quirihue,16201,2,2020-04-24
Ñuble,16,Quirihue,16201,1,2020-04-29
Ñuble,16,Quirihue,16201,2,2020-05-04
Ñuble,16,Quirihue,16201,1,2020-05-14
Ñuble,16,Quirihue,16201,1,2020-05-15
Ñuble,16,Quirihue,16201,1,2020-05-18
Ñuble,16,Quirihue,16201,1,2020-05-22
Ñuble,16,Quirihue,16201,1,2020-05-25
Ñuble,16,Quirihue,16201,1,2020-05-26
Ñuble,16,Quirihue,16201,1,2020-05-29
Ñuble,16,Quirihue,16201,1,2020-06-01
Ñuble,16,Quirihue,16201,1,2020-06-02
Ñuble,16,Quirihue,16201,1,2020-06-03
Ñuble,16,Quirihue,16201,1,2020-06-05
Ñuble,16,Quirihue,16201,1,2020-06-08
Ñuble,16,Quirihue,16201,1,2020-06-10
Ñuble,16,Quirihue,16201,1,2020-06-12
Ñuble,16,Quirihue,16201,1,2020-06-15
Ñuble,16,Quirihue,16201,1,2020-06-17
Ñuble,16,Quirihue,16201,1,2020-06-25
Ñuble,16,Quirihue,16201,1,2020-06-28
Ñuble,16,Quirihue,16201,1,2020-06-30
Ñuble,16,Quirihue,16201,2,2020-07-01
Ñuble,16,Quirihue,16201,1,2020-07-08
Ñuble,16,Quirihue,16201,1,2020-07-11
Ñuble,16,Quirihue,16201,2,2020-07-15
Ñuble,16,Quirihue,16201,1,2020-07-17
Ñuble,16,Quirihue,16201,1,2020-07-22
Ñuble,16,Quirihue,16201,1,2020-07-24
Ñuble,16,Quirihue,16201,1,2020-07-29
Ñuble,16,Quirihue,16201,1,2020-07-31
Ñuble,16,Quirihue,16201,1,2020-08-05
Ñuble,16,Quirihue,16201,3,2020-08-10
Ñuble,16,Quirihue,16201,3,2020-08-17
Ñuble,16,Quirihue,16201,1,2020-08-19
Ñuble,16,Quirihue,16201,1,2020-08-24
Ñuble,16,Quirihue,16201,1,2020-08-28
Ñuble,16,Quirihue,16201,1,2020-08-31
Ñuble,16,Quirihue,16201,1,2020-09-09
Ñuble,16,Quirihue,16201,1,2020-09-11
Ñuble,16,Quirihue,16201,1,2020-09-14
Ñuble,16,Quirihue,16201,2,2020-09-16
Ñuble,16,Quirihue,16201,1,2020-09-18
Ñuble,16,Quirihue,16201,2,2020-09-21
Ñuble,16,Quirihue,16201,1,2020-09-25
Ñuble,16,Quirihue,16201,2,2020-09-28
Ñuble,16,Quirihue,16201,1,2020-10-02
Ñuble,16,Quirihue,16201,1,2020-10-05
Ñuble,16,Quirihue,16201,1,2020-10-07
Ñuble,16,Quirihue,16201,1,2020-10-09
Ñuble,16,Quirihue,16201,2,2020-10-13
Ñuble,16,Quirihue,16201,2,2020-10-14
Ñuble,16,Quirihue,16201,1,2020-10-16
Ñuble,16,Quirihue,16201,1,2020-10-19
Ñuble,16,Quirihue,16201,2,2020-10-26
Ñuble,16,Quirihue,16201,2,2020-10-30
Ñuble,16,Quirihue,16201,1,2020-11-02
Ñuble,16,Quirihue,16201,1,2020-11-11
Ñuble,16,Quirihue,16201,3,2020-11-13
Ñuble,16,Quirihue,16201,2,2020-11-18
Ñuble,16,Quirihue,16201,2,2020-11-30
Ñuble,16,Quirihue,16201,1,2020-12-02
Ñuble,16,Quirihue,16201,2,2020-12-07
Ñuble,16,Quirihue,16201,1,2020-12-11
Ñuble,16,Quirihue,16201,1,2020-12-14
Ñuble,16,Quirihue,16201,2,2020-12-22
Ñuble,16,Quirihue,16201,2,2020-12-23
Ñuble,16,Quirihue,16201,2,2020-12-24
Ñuble,16,Quirihue,16201,2,2020-12-28
Ñuble,16,Quirihue,16201,1,2020-12-30
Ñuble,16,Quirihue,16201,1,2020-12-31
Ñuble,16,Quirihue,16201,1,2021-01-06
Ñuble,16,Quirihue,16201,1,2021-01-08
Ñuble,16,Quirihue,16201,1,2021-01-11
Ñuble,16,Cobquecura,16202,1,2020-02-10
Ñuble,16,Cobquecura,16202,1,2020-03-06
Ñuble,16,Cobquecura,16202,1,2020-03-24
Ñuble,16,Cobquecura,16202,1,2020-03-30
Ñuble,16,Cobquecura,16202,1,2020-04-13
Ñuble,16,Cobquecura,16202,1,2020-04-30
Ñuble,16,Cobquecura,16202,1,2020-05-06
Ñuble,16,Cobquecura,16202,1,2020-05-14
Ñuble,16,Cobquecura,16202,1,2020-05-28
Ñuble,16,Cobquecura,16202,1,2020-05-29
Ñuble,16,Cobquecura,16202,1,2020-06-19
Ñuble,16,Cobquecura,16202,1,2020-07-03
Ñuble,16,Cobquecura,16202,1,2020-07-13
Ñuble,16,Cobquecura,16202,1,2020-07-24
Ñuble,16,Cobquecura,16202,1,2020-08-10
Ñuble,16,Cobquecura,16202,1,2020-09-04
Ñuble,16,Cobquecura,16202,1,2020-09-10
Ñuble,16,Cobquecura,16202,1,2020-09-11
Ñuble,16,Cobquecura,16202,1,2020-10-06
Ñuble,16,Cobquecura,16202,2,2020-10-13
Ñuble,16,Cobquecura,16202,1,2020-10-16
Ñuble,16,Cobquecura,16202,1,2020-11-02
Ñuble,16,Cobquecura,16202,1,2020-11-20
Ñuble,16,Cobquecura,16202,1,2021-01-06
Ñuble,16,Coelemu,16203,1,2020-01-02
Ñuble,16,Coelemu,16203,3,2020-01-06
Ñuble,16,Coelemu,16203,1,2020-01-07
Ñuble,16,Coelemu,16203,1,2020-01-08
Ñuble,16,Coelemu,16203,1,2020-01-09
Ñuble,16,Coelemu,16203,1,2020-01-10
Ñuble,16,Coelemu,16203,1,2020-01-16
Ñuble,16,Coelemu,16203,1,2020-01-24
Ñuble,16,Coelemu,16203,1,2020-01-27
Ñuble,16,Coelemu,16203,1,2020-01-31
Ñuble,16,Coelemu,16203,1,2020-02-05
Ñuble,16,Coelemu,16203,4,2020-02-10
Ñuble,16,Coelemu,16203,1,2020-02-12
Ñuble,16,Coelemu,16203,1,2020-02-17
Ñuble,16,Coelemu,16203,1,2020-03-10
Ñuble,16,Coelemu,16203,2,2020-03-16
Ñuble,16,Coelemu,16203,1,2020-03-25
Ñuble,16,Coelemu,16203,1,2020-03-26
Ñuble,16,Coelemu,16203,1,2020-04-01
Ñuble,16,Coelemu,16203,1,2020-04-07
Ñuble,16,Coelemu,16203,2,2020-04-13
Ñuble,16,Coelemu,16203,1,2020-04-14
Ñuble,16,Coelemu,16203,1,2020-04-15
Ñuble,16,Coelemu,16203,2,2020-04-20
Ñuble,16,Coelemu,16203,1,2020-04-21
Ñuble,16,Coelemu,16203,1,2020-04-24
Ñuble,16,Coelemu,16203,1,2020-04-27
Ñuble,16,Coelemu,16203,1,2020-04-30
Ñuble,16,Coelemu,16203,1,2020-05-06
Ñuble,16,Coelemu,16203,1,2020-05-07
Ñuble,16,Coelemu,16203,1,2020-05-13
Ñuble,16,Coelemu,16203,2,2020-05-18
Ñuble,16,Coelemu,16203,1,2020-05-25
Ñuble,16,Coelemu,16203,1,2020-05-27
Ñuble,16,Coelemu,16203,1,2020-05-28
Ñuble,16,Coelemu,16203,1,2020-06-01
Ñuble,16,Coelemu,16203,1,2020-06-04
Ñuble,16,Coelemu,16203,1,2020-06-15
Ñuble,16,Coelemu,16203,1,2020-06-18
Ñuble,16,Coelemu,16203,1,2020-06-22
Ñuble,16,Coelemu,16203,2,2020-06-30
Ñuble,16,Coelemu,16203,1,2020-07-02
Ñuble,16,Coelemu,16203,1,2020-07-06
Ñuble,16,Coelemu,16203,3,2020-07-08
Ñuble,16,Coelemu,16203,3,2020-07-13
Ñuble,16,Coelemu,16203,1,2020-07-22
Ñuble,16,Coelemu,16203,1,2020-07-23
Ñuble,16,Coelemu,16203,1,2020-07-28
Ñuble,16,Coelemu,16203,2,2020-07-29
Ñuble,16,Coelemu,16203,1,2020-08-03
Ñuble,16,Coelemu,16203,1,2020-08-05
Ñuble,16,Coelemu,16203,1,2020-08-06
Ñuble,16,Coelemu,16203,2,2020-08-07
Ñuble,16,Coelemu,16203,1,2020-08-17
Ñuble,16,Coelemu,16203,1,2020-08-20
Ñuble,16,Coelemu,16203,1,2020-08-23
Ñuble,16,Coelemu,16203,1,2020-08-25
Ñuble,16,Coelemu,16203,1,2020-08-26
Ñuble,16,Coelemu,16203,1,2020-08-28
Ñuble,16,Coelemu,16203,1,2020-09-08
Ñuble,16,Coelemu,16203,1,2020-09-09
Ñuble,16,Coelemu,16203,1,2020-09-10
Ñuble,16,Coelemu,16203,2,2020-09-11
Ñuble,16,Coelemu,16203,1,2020-09-17
Ñuble,16,Coelemu,16203,4,2020-09-21
Ñuble,16,Coelemu,16203,1,2020-09-22
Ñuble,16,Coelemu,16203,1,2020-09-24
Ñuble,16,Coelemu,16203,1,2020-10-05
Ñuble,16,Coelemu,16203,1,2020-10-09
Ñuble,16,Coelemu,16203,2,2020-10-13
Ñuble,16,Coelemu,16203,1,2020-10-16
Ñuble,16,Coelemu,16203,2,2020-10-24
Ñuble,16,Coelemu,16203,1,2020-10-26
Ñuble,16,Coelemu,16203,1,2020-10-27
Ñuble,16,Coelemu,16203,2,2020-11-02
Ñuble,16,Coelemu,16203,1,2020-11-04
Ñuble,16,Coelemu,16203,1,2020-11-09
Ñuble,16,Coelemu,16203,2,2020-11-12
Ñuble,16,Coelemu,16203,1,2020-11-16
Ñuble,16,Coelemu,16203,1,2020-11-17
Ñuble,16,Coelemu,16203,1,2020-11-19
Ñuble,16,Coelemu,16203,2,2020-11-20
Ñuble,16,Coelemu,16203,1,2020-11-24
Ñuble,16,Coelemu,16203,1,2020-11-25
Ñuble,16,Coelemu,16203,1,2020-11-26
Ñuble,16,Coelemu,16203,1,2020-11-27
Ñuble,16,Coelemu,16203,2,2020-11-30
Ñuble,16,Coelemu,16203,2,2020-12-02
Ñuble,16,Coelemu,16203,5,2020-12-07
Ñuble,16,Coelemu,16203,3,2020-12-14
Ñuble,16,Coelemu,16203,1,2020-12-17
Ñuble,16,Coelemu,16203,1,2020-12-21
Ñuble,16,Coelemu,16203,1,2020-12-23
Ñuble,16,Coelemu,16203,1,2020-12-24
Ñuble,16,Coelemu,16203,3,2020-12-28
Ñuble,16,Coelemu,16203,1,2020-12-29
Ñuble,16,Coelemu,16203,1,2021-01-06
Ñuble,16,Coelemu,16203,1,2021-01-07
Ñuble,16,Coelemu,16203,1,2021-01-08
Ñuble,16,Coelemu,16203,1,2021-01-13
Ñuble,16,Ninhue,16204,1,2020-02-04
Ñuble,16,Ninhue,16204,1,2020-02-11
Ñuble,16,Ninhue,16204,1,2020-02-21
Ñuble,16,Ninhue,16204,1,2020-03-17
Ñuble,16,Ninhue,16204,2,2020-03-26
Ñuble,16,Ninhue,16204,1,2020-03-31
Ñuble,16,Ninhue,16204,1,2020-04-02
Ñuble,16,Ninhue,16204,1,2020-04-20
Ñuble,16,Ninhue,16204,1,2020-04-21
Ñuble,16,Ninhue,16204,1,2020-05-02
Ñuble,16,Ninhue,16204,1,2020-06-30
Ñuble,16,Ninhue,16204,1,2020-07-17
Ñuble,16,Ninhue,16204,1,2020-07-30
Ñuble,16,Ninhue,16204,1,2020-08-04
Ñuble,16,Ninhue,16204,1,2020-08-28
Ñuble,16,Ninhue,16204,1,2020-10-13
Ñuble,16,Ninhue,16204,1,2020-10-20
Ñuble,16,Ninhue,16204,1,2020-11-03
Ñuble,16,Ninhue,16204,1,2020-11-20
Ñuble,16,Ninhue,16204,1,2020-12-18
Ñuble,16,Ninhue,16204,1,2020-12-21
Ñuble,16,Ninhue,16204,1,2020-12-28
Ñuble,16,Ninhue,16204,1,2021-01-08
Ñuble,16,Portezuelo,16205,1,2020-01-13
Ñuble,16,Portezuelo,16205,1,2020-01-15
Ñuble,16,Portezuelo,16205,1,2020-02-24
Ñuble,16,Portezuelo,16205,1,2020-03-21
Ñuble,16,Portezuelo,16205,1,2020-04-01
Ñuble,16,Portezuelo,16205,1,2020-04-29
Ñuble,16,Portezuelo,16205,1,2020-05-13
Ñuble,16,Portezuelo,16205,1,2020-06-30
Ñuble,16,Portezuelo,16205,1,2020-07-17
Ñuble,16,Portezuelo,16205,2,2020-08-04
Ñuble,16,Portezuelo,16205,1,2020-09-16
Ñuble,16,Portezuelo,16205,1,2020-10-07
Ñuble,16,Portezuelo,16205,1,2020-11-20
Ñuble,16,Portezuelo,16205,1,2020-11-30
Ñuble,16,Portezuelo,16205,1,2020-12-03
Ñuble,16,Portezuelo,16205,1,2020-12-25
Ñuble,16,Portezuelo,16205,1,2021-01-06
Ñuble,16,Ranquil,16206,1,2020-01-13
Ñuble,16,Ranquil,16206,1,2020-01-30
Ñuble,16,Ranquil,16206,1,2020-03-02
Ñuble,16,Ranquil,16206,1,2020-03-12
Ñuble,16,Ranquil,16206,1,2020-03-24
Ñuble,16,Ranquil,16206,1,2020-04-30
Ñuble,16,Ranquil,16206,1,2020-06-02
Ñuble,16,Ranquil,16206,1,2020-06-05
Ñuble,16,Ranquil,16206,1,2020-06-08
Ñuble,16,Ranquil,16206,1,2020-06-10
Ñuble,16,Ranquil,16206,1,2020-06-25
Ñuble,16,Ranquil,16206,1,2020-08-07
Ñuble,16,Ranquil,16206,1,2020-08-17
Ñuble,16,Ranquil,16206,1,2020-09-10
Ñuble,16,Ranquil,16206,1,2020-11-23
Ñuble,16,Ranquil,16206,1,2020-12-10
Ñuble,16,Treguaco,16207,1,2020-03-19
Ñuble,16,Treguaco,16207,1,2020-04-28
Ñuble,16,Treguaco,16207,1,2020-05-05
Ñuble,16,Treguaco,16207,2,2020-06-01
Ñuble,16,Treguaco,16207,1,2020-06-29
Ñuble,16,Treguaco,16207,1,2020-07-02
Ñuble,16,Treguaco,16207,1,2020-07-03
Ñuble,16,Treguaco,16207,1,2020-08-03
Ñuble,16,Treguaco,16207,1,2020-08-27
Ñuble,16,Treguaco,16207,1,2020-09-08
Ñuble,16,Treguaco,16207,1,2020-09-28
Ñuble,16,Treguaco,16207,1,2020-09-30
Ñuble,16,Treguaco,16207,1,2020-10-01
Ñuble,16,Treguaco,16207,1,2020-10-19
Ñuble,16,Treguaco,16207,1,2020-11-19
Ñuble,16,San Carlos,16301,4,2020-01-02
Ñuble,16,San Carlos,16301,3,2020-01-03
Ñuble,16,San Carlos,16301,5,2020-01-06
Ñuble,16,San Carlos,16301,1,2020-01-07
Ñuble,16,San Carlos,16301,2,2020-01-08
Ñuble,16,San Carlos,16301,3,2020-01-13
Ñuble,16,San Carlos,16301,5,2020-01-20
Ñuble,16,San Carlos,16301,1,2020-01-24
Ñuble,16,San Carlos,16301,6,2020-01-27
Ñuble,16,San Carlos,16301,1,2020-01-28
Ñuble,16,San Carlos,16301,1,2020-01-29
Ñuble,16,San Carlos,16301,3,2020-01-31
Ñuble,16,San Carlos,16301,3,2020-02-03
Ñuble,16,San Carlos,16301,1,2020-02-06
Ñuble,16,San Carlos,16301,1,2020-02-07
Ñuble,16,San Carlos,16301,3,2020-02-10
Ñuble,16,San Carlos,16301,2,2020-02-11
Ñuble,16,San Carlos,16301,2,2020-02-13
Ñuble,16,San Carlos,16301,3,2020-02-14
Ñuble,16,San Carlos,16301,1,2020-02-17
Ñuble,16,San Carlos,16301,3,2020-02-18
Ñuble,16,San Carlos,16301,3,2020-02-19
Ñuble,16,San Carlos,16301,2,2020-02-21
Ñuble,16,San Carlos,16301,3,2020-02-24
Ñuble,16,San Carlos,16301,1,2020-02-26
Ñuble,16,San Carlos,16301,3,2020-02-28
Ñuble,16,San Carlos,16301,3,2020-03-02
Ñuble,16,San Carlos,16301,1,2020-03-03
Ñuble,16,San Carlos,16301,2,2020-03-04
Ñuble,16,San Carlos,16301,1,2020-03-05
Ñuble,16,San Carlos,16301,2,2020-03-09
Ñuble,16,San Carlos,16301,1,2020-03-12
Ñuble,16,San Carlos,16301,1,2020-03-13
Ñuble,16,San Carlos,16301,1,2020-03-16
Ñuble,16,San Carlos,16301,3,2020-03-17
Ñuble,16,San Carlos,16301,2,2020-03-20
Ñuble,16,San Carlos,16301,1,2020-03-22
Ñuble,16,San Carlos,16301,1,2020-03-24
Ñuble,16,San Carlos,16301,1,2020-03-25
Ñuble,16,San Carlos,16301,5,2020-03-26
Ñuble,16,San Carlos,16301,2,2020-03-27
Ñuble,16,San Carlos,16301,1,2020-03-29
Ñuble,16,San Carlos,16301,5,2020-03-30
Ñuble,16,San Carlos,16301,4,2020-03-31
Ñuble,16,San Carlos,16301,3,2020-04-01
Ñuble,16,San Carlos,16301,3,2020-04-02
Ñuble,16,San Carlos,16301,1,2020-04-03
Ñuble,16,San Carlos,16301,1,2020-04-06
Ñuble,16,San Carlos,16301,2,2020-04-07
Ñuble,16,San Carlos,16301,1,2020-04-11
Ñuble,16,San Carlos,16301,5,2020-04-13
Ñuble,16,San Carlos,16301,2,2020-04-14
Ñuble,16,San Carlos,16301,2,2020-04-16
Ñuble,16,San Carlos,16301,1,2020-04-17
Ñuble,16,San Carlos,16301,2,2020-04-20
Ñuble,16,San Carlos,16301,2,2020-04-21
Ñuble,16,San Carlos,16301,1,2020-04-22
Ñuble,16,San Carlos,16301,2,2020-04-23
Ñuble,16,San Carlos,16301,2,2020-04-24
Ñuble,16,San Carlos,16301,1,2020-04-25
Ñuble,16,San Carlos,16301,2,2020-04-27
Ñuble,16,San Carlos,16301,1,2020-04-28
Ñuble,16,San Carlos,16301,1,2020-04-29
Ñuble,16,San Carlos,16301,1,2020-04-30
Ñuble,16,San Carlos,16301,1,2020-05-04
Ñuble,16,San Carlos,16301,2,2020-05-06
Ñuble,16,San Carlos,16301,2,2020-05-07
Ñuble,16,San Carlos,16301,2,2020-05-11
Ñuble,16,San Carlos,16301,1,2020-05-12
Ñuble,16,San Carlos,16301,1,2020-05-13
Ñuble,16,San Carlos,16301,1,2020-05-15
Ñuble,16,San Carlos,16301,1,2020-05-17
Ñuble,16,San Carlos,16301,2,2020-05-18
Ñuble,16,San Carlos,16301,1,2020-05-19
Ñuble,16,San Carlos,16301,1,2020-05-20
Ñuble,16,San Carlos,16301,4,2020-05-22
Ñuble,16,San Carlos,16301,1,2020-05-25
Ñuble,16,San Carlos,16301,2,2020-05-26
Ñuble,16,San Carlos,16301,2,2020-05-27
Ñuble,16,San Carlos,16301,1,2020-05-28
Ñuble,16,San Carlos,16301,1,2020-05-29
Ñuble,16,San Carlos,16301,4,2020-06-01
Ñuble,16,San Carlos,16301,4,2020-06-02
Ñuble,16,San Carlos,16301,2,2020-06-03
Ñuble,16,San Carlos,16301,1,2020-06-04
Ñuble,16,San Carlos,16301,1,2020-06-05
Ñuble,16,San Carlos,16301,1,2020-06-07
Ñuble,16,San Carlos,16301,4,2020-06-08
Ñuble,16,San Carlos,16301,1,2020-06-09
Ñuble,16,San Carlos,16301,2,2020-06-10
Ñuble,16,San Carlos,16301,2,2020-06-11
Ñuble,16,San Carlos,16301,3,2020-06-12
Ñuble,16,San Carlos,16301,5,2020-06-15
Ñuble,16,San Carlos,16301,1,2020-06-16
Ñuble,16,San Carlos,16301,4,2020-06-22
Ñuble,16,San Carlos,16301,3,2020-06-23
Ñuble,16,San Carlos,16301,4,2020-06-24
Ñuble,16,San Carlos,16301,4,2020-06-25
Ñuble,16,San Carlos,16301,3,2020-06-26
Ñuble,16,San Carlos,16301,1,2020-06-27
Ñuble,16,San Carlos,16301,6,2020-06-30
Ñuble,16,San Carlos,16301,2,2020-07-01
Ñuble,16,San Carlos,16301,3,2020-07-03
Ñuble,16,San Carlos,16301,6,2020-07-06
Ñuble,16,San Carlos,16301,1,2020-07-09
Ñuble,16,San Carlos,16301,1,2020-07-10
Ñuble,16,San Carlos,16301,4,2020-07-13
Ñuble,16,San Carlos,16301,1,2020-07-14
Ñuble,16,San Carlos,16301,1,2020-07-15
Ñuble,16,San Carlos,16301,4,2020-07-17
Ñuble,16,San Carlos,16301,6,2020-07-20
Ñuble,16,San Carlos,16301,3,2020-07-21
Ñuble,16,San Carlos,16301,2,2020-07-22
Ñuble,16,San Carlos,16301,3,2020-07-23
Ñuble,16,San Carlos,16301,1,2020-07-24
Ñuble,16,San Carlos,16301,7,2020-07-27
Ñuble,16,San Carlos,16301,2,2020-07-28
Ñuble,16,San Carlos,16301,1,2020-07-29
Ñuble,16,San Carlos,16301,4,2020-07-30
Ñuble,16,San Carlos,16301,3,2020-07-31
Ñuble,16,San Carlos,16301,4,2020-08-03
Ñuble,16,San Carlos,16301,3,2020-08-04
Ñuble,16,San Carlos,16301,1,2020-08-05
Ñuble,16,San Carlos,16301,2,2020-08-07
Ñuble,16,San Carlos,16301,8,2020-08-10
Ñuble,16,San Carlos,16301,2,2020-08-11
Ñuble,16,San Carlos,16301,1,2020-08-12
Ñuble,16,San Carlos,16301,4,2020-08-17
Ñuble,16,San Carlos,16301,2,2020-08-18
Ñuble,16,San Carlos,16301,2,2020-08-20
Ñuble,16,San Carlos,16301,2,2020-08-24
Ñuble,16,San Carlos,16301,1,2020-08-25
Ñuble,16,San Carlos,16301,3,2020-08-27
Ñuble,16,San Carlos,16301,3,2020-08-28
Ñuble,16,San Carlos,16301,1,2020-08-31
Ñuble,16,San Carlos,16301,1,2020-09-01
Ñuble,16,San Carlos,16301,2,2020-09-02
Ñuble,16,San Carlos,16301,3,2020-09-03
Ñuble,16,San Carlos,16301,2,2020-09-04
Ñuble,16,San Carlos,16301,2,2020-09-07
Ñuble,16,San Carlos,16301,2,2020-09-08
Ñuble,16,San Carlos,16301,1,2020-09-10
Ñuble,16,San Carlos,16301,2,2020-09-11
Ñuble,16,San Carlos,16301,3,2020-09-14
Ñuble,16,San Carlos,16301,1,2020-09-15
Ñuble,16,San Carlos,16301,1,2020-09-16
Ñuble,16,San Carlos,16301,1,2020-09-18
Ñuble,16,San Carlos,16301,1,2020-09-20
Ñuble,16,San Carlos,16301,4,2020-09-21
Ñuble,16,San Carlos,16301,1,2020-09-22
Ñuble,16,San Carlos,16301,1,2020-09-25
Ñuble,16,San Carlos,16301,3,2020-09-28
Ñuble,16,San Carlos,16301,1,2020-09-29
Ñuble,16,San Carlos,16301,1,2020-09-30
Ñuble,16,San Carlos,16301,3,2020-10-01
Ñuble,16,San Carlos,16301,1,2020-10-02
Ñuble,16,San Carlos,16301,3,2020-10-05
Ñuble,16,San Carlos,16301,2,2020-10-07
Ñuble,16,San Carlos,16301,1,2020-10-08
Ñuble,16,San Carlos,16301,1,2020-10-10
Ñuble,16,San Carlos,16301,1,2020-10-13
Ñuble,16,San Carlos,16301,2,2020-10-15
Ñuble,16,San Carlos,16301,1,2020-10-16
Ñuble,16,San Carlos,16301,4,2020-10-19
Ñuble,16,San Carlos,16301,2,2020-10-20
Ñuble,16,San Carlos,16301,2,2020-10-21
Ñuble,16,San Carlos,16301,1,2020-10-22
Ñuble,16,San Carlos,16301,2,2020-10-26
Ñuble,16,San Carlos,16301,1,2020-10-27
Ñuble,16,San Carlos,16301,1,2020-10-28
Ñuble,16,San Carlos,16301,2,2020-10-29
Ñuble,16,San Carlos,16301,1,2020-11-01
Ñuble,16,San Carlos,16301,3,2020-11-02
Ñuble,16,San Carlos,16301,2,2020-11-04
Ñuble,16,San Carlos,16301,1,2020-11-05
Ñuble,16,San Carlos,16301,5,2020-11-09
Ñuble,16,San Carlos,16301,2,2020-11-10
Ñuble,16,San Carlos,16301,1,2020-11-11
Ñuble,16,San Carlos,16301,1,2020-11-12
Ñuble,16,San Carlos,16301,1,2020-11-13
Ñuble,16,San Carlos,16301,3,2020-11-16
Ñuble,16,San Carlos,16301,2,2020-11-17
Ñuble,16,San Carlos,16301,2,2020-11-18
Ñuble,16,San Carlos,16301,1,2020-11-19
Ñuble,16,San Carlos,16301,1,2020-11-20
Ñuble,16,San Carlos,16301,8,2020-11-23
Ñuble,16,San Carlos,16301,1,2020-11-24
Ñuble,16,San Carlos,16301,2,2020-11-26
Ñuble,16,San Carlos,16301,4,2020-11-30
Ñuble,16,San Carlos,16301,2,2020-12-01
Ñuble,16,San Carlos,16301,2,2020-12-03
Ñuble,16,San Carlos,16301,3,2020-12-04
Ñuble,16,San Carlos,16301,4,2020-12-07
Ñuble,16,San Carlos,16301,2,2020-12-09
Ñuble,16,San Carlos,16301,3,2020-12-11
Ñuble,16,San Carlos,16301,2,2020-12-14
Ñuble,16,San Carlos,16301,2,2020-12-15
Ñuble,16,San Carlos,16301,1,2020-12-17
Ñuble,16,San Carlos,16301,3,2020-12-18
Ñuble,16,San Carlos,16301,4,2020-12-21
Ñuble,16,San Carlos,16301,1,2020-12-23
Ñuble,16,San Carlos,16301,1,2020-12-24
Ñuble,16,San Carlos,16301,5,2020-12-28
Ñuble,16,San Carlos,16301,2,2020-12-29
Ñuble,16,San Carlos,16301,3,2020-12-31
Ñuble,16,San Carlos,16301,1,2021-01-01
Ñuble,16,San Carlos,16301,6,2021-01-04
Ñuble,16,San Carlos,16301,1,2021-01-05
Ñuble,16,San Carlos,16301,3,2021-01-06
Ñuble,16,San Carlos,16301,1,2021-01-08
Ñuble,16,San Carlos,16301,3,2021-01-11
Ñuble,16,San Carlos,16301,1,2021-01-12
Ñuble,16,San Carlos,16301,2,2021-01-14
Ñuble,16,Coihueco,16302,1,2020-01-02
Ñuble,16,Coihueco,16302,2,2020-01-06
Ñuble,16,Coihueco,16302,1,2020-01-10
Ñuble,16,Coihueco,16302,1,2020-01-16
Ñuble,16,Coihueco,16302,1,2020-01-24
Ñuble,16,Coihueco,16302,1,2020-01-25
Ñuble,16,Coihueco,16302,1,2020-02-03
Ñuble,16,Coihueco,16302,1,2020-02-06
Ñuble,16,Coihueco,16302,1,2020-02-10
Ñuble,16,Coihueco,16302,1,2020-02-14
Ñuble,16,Coihueco,16302,1,2020-02-17
Ñuble,16,Coihueco,16302,1,2020-02-18
Ñuble,16,Coihueco,16302,1,2020-03-02
Ñuble,16,Coihueco,16302,1,2020-03-16
Ñuble,16,Coihueco,16302,1,2020-03-17
Ñuble,16,Coihueco,16302,2,2020-03-20
Ñuble,16,Coihueco,16302,1,2020-03-21
Ñuble,16,Coihueco,16302,1,2020-03-23
Ñuble,16,Coihueco,16302,1,2020-03-25
Ñuble,16,Coihueco,16302,1,2020-03-28
Ñuble,16,Coihueco,16302,1,2020-04-07
Ñuble,16,Coihueco,16302,1,2020-04-08
Ñuble,16,Coihueco,16302,2,2020-04-10
Ñuble,16,Coihueco,16302,1,2020-04-16
Ñuble,16,Coihueco,16302,2,2020-04-20
Ñuble,16,Coihueco,16302,1,2020-04-22
Ñuble,16,Coihueco,16302,1,2020-04-28
Ñuble,16,Coihueco,16302,1,2020-05-01
Ñuble,16,Coihueco,16302,1,2020-05-02
Ñuble,16,Coihueco,16302,2,2020-05-05
Ñuble,16,Coihueco,16302,1,2020-05-08
Ñuble,16,Coihueco,16302,1,2020-05-09
Ñuble,16,Coihueco,16302,1,2020-05-12
Ñuble,16,Coihueco,16302,1,2020-05-14
Ñuble,16,Coihueco,16302,1,2020-05-18
Ñuble,16,Coihueco,16302,1,2020-05-20
Ñuble,16,Coihueco,16302,1,2020-05-22
Ñuble,16,Coihueco,16302,1,2020-05-25
Ñuble,16,Coihueco,16302,2,2020-05-27
Ñuble,16,Coihueco,16302,1,2020-05-29
Ñuble,16,Coihueco,16302,1,2020-06-10
Ñuble,16,Coihueco,16302,1,2020-06-11
Ñuble,16,Coihueco,16302,4,2020-06-15
Ñuble,16,Coihueco,16302,1,2020-06-22
Ñuble,16,Coihueco,16302,1,2020-06-25
Ñuble,16,Coihueco,16302,2,2020-06-26
Ñuble,16,Coihueco,16302,1,2020-06-27
Ñuble,16,Coihueco,16302,1,2020-07-01
Ñuble,16,Coihueco,16302,2,2020-07-03
Ñuble,16,Coihueco,16302,2,2020-07-13
Ñuble,16,Coihueco,16302,1,2020-07-15
Ñuble,16,Coihueco,16302,1,2020-07-20
Ñuble,16,Coihueco,16302,2,2020-07-24
Ñuble,16,Coihueco,16302,1,2020-07-29
Ñuble,16,Coihueco,16302,1,2020-07-31
Ñuble,16,Coihueco,16302,1,2020-08-03
Ñuble,16,Coihueco,16302,1,2020-08-07
Ñuble,16,Coihueco,16302,1,2020-08-08
Ñuble,16,Coihueco,16302,1,2020-08-10
Ñuble,16,Coihueco,16302,1,2020-08-12
Ñuble,16,Coihueco,16302,1,2020-08-14
Ñuble,16,Coihueco,16302,2,2020-08-29
Ñuble,16,Coihueco,16302,1,2020-09-02
Ñuble,16,Coihueco,16302,1,2020-09-04
Ñuble,16,Coihueco,16302,1,2020-09-08
Ñuble,16,Coihueco,16302,1,2020-09-11
Ñuble,16,Coihueco,16302,1,2020-09-14
Ñuble,16,Coihueco,16302,1,2020-09-16
Ñuble,16,Coihueco,16302,1,2020-09-23
Ñuble,16,Coihueco,16302,2,2020-09-28
Ñuble,16,Coihueco,16302,1,2020-10-02
Ñuble,16,Coihueco,16302,2,2020-10-05
Ñuble,16,Coihueco,16302,1,2020-10-10
Ñuble,16,Coihueco,16302,1,2020-10-13
Ñuble,16,Coihueco,16302,1,2020-10-14
Ñuble,16,Coihueco,16302,1,2020-10-16
Ñuble,16,Coihueco,16302,1,2020-10-23
Ñuble,16,Coihueco,16302,2,2020-10-30
Ñuble,16,Coihueco,16302,1,2020-11-02
Ñuble,16,Coihueco,16302,1,2020-11-06
Ñuble,16,Coihueco,16302,2,2020-11-09
Ñuble,16,Coihueco,16302,1,2020-11-11
Ñuble,16,Coihueco,16302,4,2020-11-18
Ñuble,16,Coihueco,16302,1,2020-11-20
Ñuble,16,Coihueco,16302,1,2020-11-25
Ñuble,16,Coihueco,16302,1,2020-11-26
Ñuble,16,Coihueco,16302,1,2020-11-27
Ñuble,16,Coihueco,16302,1,2020-11-28
Ñuble,16,Coihueco,16302,1,2020-11-30
Ñuble,16,Coihueco,16302,1,2020-12-03
Ñuble,16,Coihueco,16302,1,2020-12-04
Ñuble,16,Coihueco,16302,1,2020-12-07
Ñuble,16,Coihueco,16302,1,2020-12-09
Ñuble,16,Coihueco,16302,1,2020-12-14
Ñuble,16,Coihueco,16302,2,2020-12-16
Ñuble,16,Coihueco,16302,2,2020-12-23
Ñuble,16,Coihueco,16302,1,2020-12-28
Ñuble,16,Coihueco,16302,1,2020-12-30
Ñuble,16,Coihueco,16302,3,2021-01-04
Ñuble,16,Coihueco,16302,1,2021-01-12
Ñuble,16,Ñiquén,16303,1,2020-01-10
Ñuble,16,Ñiquén,16303,1,2020-01-14
Ñuble,16,Ñiquén,16303,2,2020-01-20
Ñuble,16,Ñiquén,16303,1,2020-01-24
Ñuble,16,Ñiquén,16303,1,2020-01-27
Ñuble,16,Ñiquén,16303,1,2020-02-03
Ñuble,16,Ñiquén,16303,1,2020-02-05
Ñuble,16,Ñiquén,16303,1,2020-02-19
Ñuble,16,Ñiquén,16303,1,2020-03-02
Ñuble,16,Ñiquén,16303,1,2020-03-09
Ñuble,16,Ñiquén,16303,2,2020-03-19
Ñuble,16,Ñiquén,16303,1,2020-03-27
Ñuble,16,Ñiquén,16303,1,2020-05-04
Ñuble,16,Ñiquén,16303,1,2020-05-11
Ñuble,16,Ñiquén,16303,1,2020-05-22
Ñuble,16,Ñiquén,16303,1,2020-06-02
Ñuble,16,Ñiquén,16303,1,2020-06-17
Ñuble,16,Ñiquén,16303,1,2020-06-25
Ñuble,16,Ñiquén,16303,1,2020-06-30
Ñuble,16,Ñiquén,16303,1,2020-07-01
Ñuble,16,Ñiquén,16303,1,2020-07-06
Ñuble,16,Ñiquén,16303,1,2020-07-20
Ñuble,16,Ñiquén,16303,1,2020-07-29
Ñuble,16,Ñiquén,16303,1,2020-08-07
Ñuble,16,Ñiquén,16303,1,2020-08-14
Ñuble,16,Ñiquén,16303,1,2020-08-17
Ñuble,16,Ñiquén,16303,1,2020-10-05
Ñuble,16,Ñiquén,16303,1,2020-10-09
Ñuble,16,Ñiquén,16303,1,2020-10-13
Ñuble,16,Ñiquén,16303,1,2020-11-13
Ñuble,16,Ñiquén,16303,1,2020-11-30
Ñuble,16,Ñiquén,16303,1,2020-12-07
Ñuble,16,Ñiquén,16303,1,2020-12-18
Ñuble,16,Ñiquén,16303,1,2020-12-31
Ñuble,16,Ñiquén,16303,1,2021-01-13
Ñuble,16,San Fabián,16304,1,2020-01-11
Ñuble,16,San Fabián,16304,1,2020-02-28
Ñuble,16,San Fabián,16304,1,2020-05-22
Ñuble,16,San Fabián,16304,1,2020-07-03
Ñuble,16,San Fabián,16304,1,2020-07-13
Ñuble,16,San Fabián,16304,1,2020-07-14
Ñuble,16,San Fabián,16304,2,2020-07-17
Ñuble,16,San Fabián,16304,1,2020-07-21
Ñuble,16,San Fabián,16304,1,2020-08-18
Ñuble,16,San Fabián,16304,1,2020-09-23
Ñuble,16,San Fabián,16304,1,2020-10-02
Ñuble,16,San Fabián,16304,1,2020-10-07
Ñuble,16,San Fabián,16304,1,2020-10-29
Ñuble,16,San Fabián,16304,2,2020-11-17
Ñuble,16,San Fabián,16304,2,2020-11-18
Ñuble,16,San Fabián,16304,1,2020-12-09
Ñuble,16,San Fabián,16304,1,2020-12-18
Ñuble,16,San Fabián,16304,1,2020-12-21
Ñuble,16,San Fabián,16304,1,2020-12-24
Ñuble,16,San Nicolás,16305,1,2020-01-09
Ñuble,16,San Nicolás,16305,1,2020-01-13
Ñuble,16,San Nicolás,16305,1,2020-02-03
Ñuble,16,San Nicolás,16305,1,2020-02-26
Ñuble,16,San Nicolás,16305,1,2020-04-07
Ñuble,16,San Nicolás,16305,1,2020-04-15
Ñuble,16,San Nicolás,16305,1,2020-04-23
Ñuble,16,San Nicolás,16305,1,2020-04-27
Ñuble,16,San Nicolás,16305,1,2020-05-04
Ñuble,16,San Nicolás,16305,2,2020-05-20
Ñuble,16,San Nicolás,16305,1,2020-06-01
Ñuble,16,San Nicolás,16305,1,2020-06-08
Ñuble,16,San Nicolás,16305,1,2020-06-19
Ñuble,16,San Nicolás,16305,1,2020-06-27
Ñuble,16,San Nicolás,16305,1,2020-07-04
Ñuble,16,San Nicolás,16305,1,2020-07-17
Ñuble,16,San Nicolás,16305,1,2020-07-31
Ñuble,16,San Nicolás,16305,1,2020-08-11
Ñuble,16,San Nicolás,16305,1,2020-08-12
Ñuble,16,San Nicolás,16305,1,2020-08-14
Ñuble,16,San Nicolás,16305,1,2020-08-20
Ñuble,16,San Nicolás,16305,1,2020-09-14
Ñuble,16,San Nicolás,16305,1,2020-09-28
Ñuble,16,San Nicolás,16305,1,2020-10-01
Ñuble,16,San Nicolás,16305,1,2020-10-15
Ñuble,16,San Nicolás,16305,1,2020-10-23
Ñuble,16,San Nicolás,16305,1,2020-11-02
Ñuble,16,San Nicolás,16305,1,2020-11-10
Ñuble,16,San Nicolás,16305,1,2020-11-26
Ñuble,16,San Nicolás,16305,1,2020-11-30
Ñuble,16,San Nicolás,16305,1,2020-12-01
Ñuble,16,San Nicolás,16305,1,2020-12-09
Ñuble,16,San Nicolás,16305,1,2020-12-15
Ñuble,16,San Nicolás,16305,1,2021-01-04
Antofagasta,2,Antofagasta,2101,10,2020-01-02
Antofagasta,2,Antofagasta,2101,6,2020-01-03
Antofagasta,2,Antofagasta,2101,2,2020-01-04
Antofagasta,2,Antofagasta,2101,1,2020-01-05
Antofagasta,2,Antofagasta,2101,16,2020-01-06
Antofagasta,2,Antofagasta,2101,6,2020-01-07
Antofagasta,2,Antofagasta,2101,7,2020-01-08
Antofagasta,2,Antofagasta,2101,6,2020-01-09
Antofagasta,2,Antofagasta,2101,5,2020-01-10
Antofagasta,2,Antofagasta,2101,3,2020-01-11
Antofagasta,2,Antofagasta,2101,4,2020-01-12
Antofagasta,2,Antofagasta,2101,12,2020-01-13
Antofagasta,2,Antofagasta,2101,5,2020-01-14
Antofagasta,2,Antofagasta,2101,4,2020-01-15
Antofagasta,2,Antofagasta,2101,5,2020-01-16
Antofagasta,2,Antofagasta,2101,8,2020-01-17
Antofagasta,2,Antofagasta,2101,10,2020-01-20
Antofagasta,2,Antofagasta,2101,4,2020-01-21
Antofagasta,2,Antofagasta,2101,9,2020-01-22
Antofagasta,2,Antofagasta,2101,10,2020-01-23
Antofagasta,2,Antofagasta,2101,6,2020-01-24
Antofagasta,2,Antofagasta,2101,4,2020-01-25
Antofagasta,2,Antofagasta,2101,9,2020-01-27
Antofagasta,2,Antofagasta,2101,5,2020-01-28
Antofagasta,2,Antofagasta,2101,9,2020-01-29
Antofagasta,2,Antofagasta,2101,5,2020-01-30
Antofagasta,2,Antofagasta,2101,3,2020-01-31
Antofagasta,2,Antofagasta,2101,4,2020-02-01
Antofagasta,2,Antofagasta,2101,1,2020-02-02
Antofagasta,2,Antofagasta,2101,16,2020-02-03
Antofagasta,2,Antofagasta,2101,9,2020-02-04
Antofagasta,2,Antofagasta,2101,9,2020-02-05
Antofagasta,2,Antofagasta,2101,5,2020-02-06
Antofagasta,2,Antofagasta,2101,8,2020-02-07
Antofagasta,2,Antofagasta,2101,2,2020-02-08
Antofagasta,2,Antofagasta,2101,9,2020-02-10
Antofagasta,2,Antofagasta,2101,4,2020-02-11
Antofagasta,2,Antofagasta,2101,6,2020-02-12
Antofagasta,2,Antofagasta,2101,4,2020-02-13
Antofagasta,2,Antofagasta,2101,6,2020-02-14
Antofagasta,2,Antofagasta,2101,6,2020-02-15
Antofagasta,2,Antofagasta,2101,15,2020-02-17
Antofagasta,2,Antofagasta,2101,3,2020-02-18
Antofagasta,2,Antofagasta,2101,12,2020-02-19
Antofagasta,2,Antofagasta,2101,1,2020-02-20
Antofagasta,2,Antofagasta,2101,5,2020-02-21
Antofagasta,2,Antofagasta,2101,18,2020-02-24
Antofagasta,2,Antofagasta,2101,8,2020-02-25
Antofagasta,2,Antofagasta,2101,6,2020-02-26
Antofagasta,2,Antofagasta,2101,7,2020-02-27
Antofagasta,2,Antofagasta,2101,5,2020-02-28
Antofagasta,2,Antofagasta,2101,15,2020-03-02
Antofagasta,2,Antofagasta,2101,4,2020-03-03
Antofagasta,2,Antofagasta,2101,6,2020-03-04
Antofagasta,2,Antofagasta,2101,4,2020-03-05
Antofagasta,2,Antofagasta,2101,5,2020-03-06
Antofagasta,2,Antofagasta,2101,6,2020-03-07
Antofagasta,2,Antofagasta,2101,1,2020-03-08
Antofagasta,2,Antofagasta,2101,13,2020-03-09
Antofagasta,2,Antofagasta,2101,8,2020-03-10
Antofagasta,2,Antofagasta,2101,7,2020-03-11
Antofagasta,2,Antofagasta,2101,4,2020-03-12
Antofagasta,2,Antofagasta,2101,7,2020-03-13
Antofagasta,2,Antofagasta,2101,4,2020-03-14
Antofagasta,2,Antofagasta,2101,2,2020-03-15
Antofagasta,2,Antofagasta,2101,10,2020-03-16
Antofagasta,2,Antofagasta,2101,5,2020-03-17
Antofagasta,2,Antofagasta,2101,5,2020-03-18
Antofagasta,2,Antofagasta,2101,5,2020-03-19
Antofagasta,2,Antofagasta,2101,3,2020-03-20
Antofagasta,2,Antofagasta,2101,3,2020-03-21
Antofagasta,2,Antofagasta,2101,3,2020-03-22
Antofagasta,2,Antofagasta,2101,12,2020-03-23
Antofagasta,2,Antofagasta,2101,7,2020-03-24
Antofagasta,2,Antofagasta,2101,5,2020-03-25
Antofagasta,2,Antofagasta,2101,8,2020-03-26
Antofagasta,2,Antofagasta,2101,7,2020-03-27
Antofagasta,2,Antofagasta,2101,4,2020-03-28
Antofagasta,2,Antofagasta,2101,3,2020-03-29
Antofagasta,2,Antofagasta,2101,8,2020-03-30
Antofagasta,2,Antofagasta,2101,10,2020-03-31
Antofagasta,2,Antofagasta,2101,9,2020-04-01
Antofagasta,2,Antofagasta,2101,7,2020-04-02
Antofagasta,2,Antofagasta,2101,7,2020-04-03
Antofagasta,2,Antofagasta,2101,2,2020-04-04
Antofagasta,2,Antofagasta,2101,12,2020-04-06
Antofagasta,2,Antofagasta,2101,4,2020-04-07
Antofagasta,2,Antofagasta,2101,4,2020-04-08
Antofagasta,2,Antofagasta,2101,5,2020-04-09
Antofagasta,2,Antofagasta,2101,1,2020-04-10
Antofagasta,2,Antofagasta,2101,3,2020-04-11
Antofagasta,2,Antofagasta,2101,2,2020-04-12
Antofagasta,2,Antofagasta,2101,14,2020-04-13
Antofagasta,2,Antofagasta,2101,5,2020-04-14
Antofagasta,2,Antofagasta,2101,3,2020-04-15
Antofagasta,2,Antofagasta,2101,7,2020-04-16
Antofagasta,2,Antofagasta,2101,7,2020-04-17
Antofagasta,2,Antofagasta,2101,8,2020-04-18
Antofagasta,2,Antofagasta,2101,1,2020-04-19
Antofagasta,2,Antofagasta,2101,15,2020-04-20
Antofagasta,2,Antofagasta,2101,5,2020-04-21
Antofagasta,2,Antofagasta,2101,9,2020-04-22
Antofagasta,2,Antofagasta,2101,7,2020-04-23
Antofagasta,2,Antofagasta,2101,7,2020-04-24
Antofagasta,2,Antofagasta,2101,4,2020-04-25
Antofagasta,2,Antofagasta,2101,2,2020-04-26
Antofagasta,2,Antofagasta,2101,10,2020-04-27
Antofagasta,2,Antofagasta,2101,9,2020-04-28
Antofagasta,2,Antofagasta,2101,9,2020-04-29
Antofagasta,2,Antofagasta,2101,10,2020-04-30
Antofagasta,2,Antofagasta,2101,6,2020-05-01
Antofagasta,2,Antofagasta,2101,3,2020-05-02
Antofagasta,2,Antofagasta,2101,11,2020-05-04
Antofagasta,2,Antofagasta,2101,7,2020-05-05
Antofagasta,2,Antofagasta,2101,6,2020-05-06
Antofagasta,2,Antofagasta,2101,6,2020-05-07
Antofagasta,2,Antofagasta,2101,9,2020-05-08
Antofagasta,2,Antofagasta,2101,6,2020-05-09
Antofagasta,2,Antofagasta,2101,2,2020-05-10
Antofagasta,2,Antofagasta,2101,8,2020-05-11
Antofagasta,2,Antofagasta,2101,8,2020-05-12
Antofagasta,2,Antofagasta,2101,7,2020-05-13
Antofagasta,2,Antofagasta,2101,3,2020-05-14
Antofagasta,2,Antofagasta,2101,9,2020-05-15
Antofagasta,2,Antofagasta,2101,5,2020-05-16
Antofagasta,2,Antofagasta,2101,4,2020-05-17
Antofagasta,2,Antofagasta,2101,9,2020-05-18
Antofagasta,2,Antofagasta,2101,8,2020-05-19
Antofagasta,2,Antofagasta,2101,5,2020-05-20
Antofagasta,2,Antofagasta,2101,3,2020-05-21
Antofagasta,2,Antofagasta,2101,17,2020-05-22
Antofagasta,2,Antofagasta,2101,2,2020-05-23
Antofagasta,2,Antofagasta,2101,12,2020-05-25
Antofagasta,2,Antofagasta,2101,7,2020-05-26
Antofagasta,2,Antofagasta,2101,3,2020-05-27
Antofagasta,2,Antofagasta,2101,2,2020-05-28
Antofagasta,2,Antofagasta,2101,4,2020-05-29
Antofagasta,2,Antofagasta,2101,5,2020-05-30
Antofagasta,2,Antofagasta,2101,9,2020-06-01
Antofagasta,2,Antofagasta,2101,8,2020-06-02
Antofagasta,2,Antofagasta,2101,6,2020-06-03
Antofagasta,2,Antofagasta,2101,9,2020-06-04
Antofagasta,2,Antofagasta,2101,7,2020-06-05
Antofagasta,2,Antofagasta,2101,4,2020-06-06
Antofagasta,2,Antofagasta,2101,4,2020-06-07
Antofagasta,2,Antofagasta,2101,15,2020-06-08
Antofagasta,2,Antofagasta,2101,3,2020-06-09
Antofagasta,2,Antofagasta,2101,6,2020-06-10
Antofagasta,2,Antofagasta,2101,9,2020-06-11
Antofagasta,2,Antofagasta,2101,9,2020-06-12
Antofagasta,2,Antofagasta,2101,5,2020-06-13
Antofagasta,2,Antofagasta,2101,1,2020-06-14
Antofagasta,2,Antofagasta,2101,15,2020-06-15
Antofagasta,2,Antofagasta,2101,5,2020-06-16
Antofagasta,2,Antofagasta,2101,17,2020-06-17
Antofagasta,2,Antofagasta,2101,8,2020-06-18
Antofagasta,2,Antofagasta,2101,8,2020-06-19
Antofagasta,2,Antofagasta,2101,3,2020-06-20
Antofagasta,2,Antofagasta,2101,15,2020-06-22
Antofagasta,2,Antofagasta,2101,9,2020-06-23
Antofagasta,2,Antofagasta,2101,10,2020-06-24
Antofagasta,2,Antofagasta,2101,8,2020-06-25
Antofagasta,2,Antofagasta,2101,10,2020-06-26
Antofagasta,2,Antofagasta,2101,3,2020-06-27
Antofagasta,2,Antofagasta,2101,7,2020-06-28
Antofagasta,2,Antofagasta,2101,2,2020-06-29
Antofagasta,2,Antofagasta,2101,11,2020-06-30
Antofagasta,2,Antofagasta,2101,9,2020-07-01
Antofagasta,2,Antofagasta,2101,12,2020-07-02
Antofagasta,2,Antofagasta,2101,7,2020-07-03
Antofagasta,2,Antofagasta,2101,5,2020-07-04
Antofagasta,2,Antofagasta,2101,1,2020-07-05
Antofagasta,2,Antofagasta,2101,21,2020-07-06
Antofagasta,2,Antofagasta,2101,12,2020-07-07
Antofagasta,2,Antofagasta,2101,11,2020-07-08
Antofagasta,2,Antofagasta,2101,9,2020-07-09
Antofagasta,2,Antofagasta,2101,10,2020-07-10
Antofagasta,2,Antofagasta,2101,6,2020-07-11
Antofagasta,2,Antofagasta,2101,7,2020-07-12
Antofagasta,2,Antofagasta,2101,8,2020-07-13
Antofagasta,2,Antofagasta,2101,9,2020-07-14
Antofagasta,2,Antofagasta,2101,15,2020-07-15
Antofagasta,2,Antofagasta,2101,7,2020-07-16
Antofagasta,2,Antofagasta,2101,15,2020-07-17
Antofagasta,2,Antofagasta,2101,7,2020-07-18
Antofagasta,2,Antofagasta,2101,8,2020-07-19
Antofagasta,2,Antofagasta,2101,5,2020-07-20
Antofagasta,2,Antofagasta,2101,13,2020-07-21
Antofagasta,2,Antofagasta,2101,17,2020-07-22
Antofagasta,2,Antofagasta,2101,11,2020-07-23
Antofagasta,2,Antofagasta,2101,10,2020-07-24
Antofagasta,2,Antofagasta,2101,9,2020-07-25
Antofagasta,2,Antofagasta,2101,3,2020-07-26
Antofagasta,2,Antofagasta,2101,12,2020-07-27
Antofagasta,2,Antofagasta,2101,13,2020-07-28
Antofagasta,2,Antofagasta,2101,7,2020-07-29
Antofagasta,2,Antofagasta,2101,8,2020-07-30
Antofagasta,2,Antofagasta,2101,15,2020-07-31
Antofagasta,2,Antofagasta,2101,7,2020-08-01
Antofagasta,2,Antofagasta,2101,5,2020-08-02
Antofagasta,2,Antofagasta,2101,13,2020-08-03
Antofagasta,2,Antofagasta,2101,10,2020-08-04
Antofagasta,2,Antofagasta,2101,4,2020-08-05
Antofagasta,2,Antofagasta,2101,8,2020-08-06
Antofagasta,2,Antofagasta,2101,7,2020-08-07
Antofagasta,2,Antofagasta,2101,14,2020-08-08
Antofagasta,2,Antofagasta,2101,4,2020-08-09
Antofagasta,2,Antofagasta,2101,7,2020-08-10
Antofagasta,2,Antofagasta,2101,8,2020-08-11
Antofagasta,2,Antofagasta,2101,10,2020-08-12
Antofagasta,2,Antofagasta,2101,6,2020-08-13
Antofagasta,2,Antofagasta,2101,7,2020-08-14
Antofagasta,2,Antofagasta,2101,7,2020-08-15
Antofagasta,2,Antofagasta,2101,3,2020-08-16
Antofagasta,2,Antofagasta,2101,9,2020-08-17
Antofagasta,2,Antofagasta,2101,11,2020-08-18
Antofagasta,2,Antofagasta,2101,5,2020-08-19
Antofagasta,2,Antofagasta,2101,8,2020-08-20
Antofagasta,2,Antofagasta,2101,8,2020-08-21
Antofagasta,2,Antofagasta,2101,7,2020-08-22
Antofagasta,2,Antofagasta,2101,9,2020-08-23
Antofagasta,2,Antofagasta,2101,14,2020-08-24
Antofagasta,2,Antofagasta,2101,9,2020-08-25
Antofagasta,2,Antofagasta,2101,4,2020-08-26
Antofagasta,2,Antofagasta,2101,13,2020-08-27
Antofagasta,2,Antofagasta,2101,7,2020-08-28
Antofagasta,2,Antofagasta,2101,9,2020-08-29
Antofagasta,2,Antofagasta,2101,1,2020-08-30
Antofagasta,2,Antofagasta,2101,8,2020-08-31
Antofagasta,2,Antofagasta,2101,9,2020-09-01
Antofagasta,2,Antofagasta,2101,3,2020-09-02
Antofagasta,2,Antofagasta,2101,9,2020-09-03
Antofagasta,2,Antofagasta,2101,7,2020-09-04
Antofagasta,2,Antofagasta,2101,9,2020-09-05
Antofagasta,2,Antofagasta,2101,2,2020-09-06
Antofagasta,2,Antofagasta,2101,9,2020-09-07
Antofagasta,2,Antofagasta,2101,12,2020-09-08
Antofagasta,2,Antofagasta,2101,9,2020-09-09
Antofagasta,2,Antofagasta,2101,4,2020-09-10
Antofagasta,2,Antofagasta,2101,10,2020-09-11
Antofagasta,2,Antofagasta,2101,9,2020-09-12
Antofagasta,2,Antofagasta,2101,18,2020-09-14
Antofagasta,2,Antofagasta,2101,14,2020-09-15
Antofagasta,2,Antofagasta,2101,4,2020-09-16
Antofagasta,2,Antofagasta,2101,8,2020-09-17
Antofagasta,2,Antofagasta,2101,3,2020-09-18
Antofagasta,2,Antofagasta,2101,1,2020-09-19
Antofagasta,2,Antofagasta,2101,2,2020-09-20
Antofagasta,2,Antofagasta,2101,16,2020-09-21
Antofagasta,2,Antofagasta,2101,5,2020-09-22
Antofagasta,2,Antofagasta,2101,5,2020-09-23
Antofagasta,2,Antofagasta,2101,8,2020-09-24
Antofagasta,2,Antofagasta,2101,8,2020-09-25
Antofagasta,2,Antofagasta,2101,3,2020-09-26
Antofagasta,2,Antofagasta,2101,14,2020-09-28
Antofagasta,2,Antofagasta,2101,9,2020-09-29
Antofagasta,2,Antofagasta,2101,6,2020-09-30
Antofagasta,2,Antofagasta,2101,4,2020-10-01
Antofagasta,2,Antofagasta,2101,2,2020-10-02
Antofagasta,2,Antofagasta,2101,1,2020-10-03
Antofagasta,2,Antofagasta,2101,1,2020-10-04
Antofagasta,2,Antofagasta,2101,9,2020-10-05
Antofagasta,2,Antofagasta,2101,6,2020-10-06
Antofagasta,2,Antofagasta,2101,8,2020-10-07
Antofagasta,2,Antofagasta,2101,7,2020-10-08
Antofagasta,2,Antofagasta,2101,8,2020-10-09
Antofagasta,2,Antofagasta,2101,9,2020-10-10
Antofagasta,2,Antofagasta,2101,6,2020-10-11
Antofagasta,2,Antofagasta,2101,2,2020-10-12
Antofagasta,2,Antofagasta,2101,16,2020-10-13
Antofagasta,2,Antofagasta,2101,6,2020-10-14
Antofagasta,2,Antofagasta,2101,5,2020-10-15
Antofagasta,2,Antofagasta,2101,9,2020-10-16
Antofagasta,2,Antofagasta,2101,4,2020-10-17
Antofagasta,2,Antofagasta,2101,9,2020-10-19
Antofagasta,2,Antofagasta,2101,6,2020-10-20
Antofagasta,2,Antofagasta,2101,5,2020-10-21
Antofagasta,2,Antofagasta,2101,8,2020-10-22
Antofagasta,2,Antofagasta,2101,8,2020-10-23
Antofagasta,2,Antofagasta,2101,4,2020-10-24
Antofagasta,2,Antofagasta,2101,14,2020-10-26
Antofagasta,2,Antofagasta,2101,4,2020-10-27
Antofagasta,2,Antofagasta,2101,10,2020-10-28
Antofagasta,2,Antofagasta,2101,9,2020-10-29
Antofagasta,2,Antofagasta,2101,10,2020-10-30
Antofagasta,2,Antofagasta,2101,2,2020-10-31
Antofagasta,2,Antofagasta,2101,1,2020-11-01
Antofagasta,2,Antofagasta,2101,8,2020-11-02
Antofagasta,2,Antofagasta,2101,5,2020-11-03
Antofagasta,2,Antofagasta,2101,7,2020-11-04
Antofagasta,2,Antofagasta,2101,5,2020-11-05
Antofagasta,2,Antofagasta,2101,3,2020-11-06
Antofagasta,2,Antofagasta,2101,3,2020-11-07
Antofagasta,2,Antofagasta,2101,10,2020-11-09
Antofagasta,2,Antofagasta,2101,6,2020-11-10
Antofagasta,2,Antofagasta,2101,7,2020-11-11
Antofagasta,2,Antofagasta,2101,3,2020-11-12
Antofagasta,2,Antofagasta,2101,6,2020-11-13
Antofagasta,2,Antofagasta,2101,2,2020-11-14
Antofagasta,2,Antofagasta,2101,12,2020-11-16
Antofagasta,2,Antofagasta,2101,2,2020-11-17
Antofagasta,2,Antofagasta,2101,4,2020-11-18
Antofagasta,2,Antofagasta,2101,6,2020-11-20
Antofagasta,2,Antofagasta,2101,4,2020-11-21
Antofagasta,2,Antofagasta,2101,13,2020-11-23
Antofagasta,2,Antofagasta,2101,10,2020-11-24
Antofagasta,2,Antofagasta,2101,6,2020-11-25
Antofagasta,2,Antofagasta,2101,8,2020-11-26
Antofagasta,2,Antofagasta,2101,12,2020-11-27
Antofagasta,2,Antofagasta,2101,4,2020-11-28
Antofagasta,2,Antofagasta,2101,1,2020-11-29
Antofagasta,2,Antofagasta,2101,8,2020-11-30
Antofagasta,2,Antofagasta,2101,5,2020-12-01
Antofagasta,2,Antofagasta,2101,6,2020-12-02
Antofagasta,2,Antofagasta,2101,3,2020-12-03
Antofagasta,2,Antofagasta,2101,6,2020-12-04
Antofagasta,2,Antofagasta,2101,5,2020-12-05
Antofagasta,2,Antofagasta,2101,11,2020-12-07
Antofagasta,2,Antofagasta,2101,2,2020-12-08
Antofagasta,2,Antofagasta,2101,15,2020-12-09
Antofagasta,2,Antofagasta,2101,15,2020-12-10
Antofagasta,2,Antofagasta,2101,2,2020-12-11
Antofagasta,2,Antofagasta,2101,5,2020-12-12
Antofagasta,2,Antofagasta,2101,3,2020-12-13
Antofagasta,2,Antofagasta,2101,9,2020-12-14
Antofagasta,2,Antofagasta,2101,2,2020-12-15
Antofagasta,2,Antofagasta,2101,12,2020-12-16
Antofagasta,2,Antofagasta,2101,9,2020-12-17
Antofagasta,2,Antofagasta,2101,4,2020-12-18
Antofagasta,2,Antofagasta,2101,1,2020-12-19
Antofagasta,2,Antofagasta,2101,2,2020-12-20
Antofagasta,2,Antofagasta,2101,12,2020-12-21
Antofagasta,2,Antofagasta,2101,3,2020-12-22
Antofagasta,2,Antofagasta,2101,9,2020-12-23
Antofagasta,2,Antofagasta,2101,7,2020-12-24
Antofagasta,2,Antofagasta,2101,5,2020-12-25
Antofagasta,2,Antofagasta,2101,5,2020-12-26
Antofagasta,2,Antofagasta,2101,1,2020-12-27
Antofagasta,2,Antofagasta,2101,10,2020-12-28
Antofagasta,2,Antofagasta,2101,6,2020-12-29
Antofagasta,2,Antofagasta,2101,5,2020-12-30
Antofagasta,2,Antofagasta,2101,5,2020-12-31
Antofagasta,2,Antofagasta,2101,5,2021-01-01
Antofagasta,2,Antofagasta,2101,6,2021-01-02
Antofagasta,2,Antofagasta,2101,4,2021-01-03
Antofagasta,2,Antofagasta,2101,15,2021-01-04
Antofagasta,2,Antofagasta,2101,5,2021-01-05
Antofagasta,2,Antofagasta,2101,6,2021-01-06
Antofagasta,2,Antofagasta,2101,14,2021-01-07
Antofagasta,2,Antofagasta,2101,10,2021-01-08
Antofagasta,2,Antofagasta,2101,5,2021-01-09
Antofagasta,2,Antofagasta,2101,10,2021-01-11
Antofagasta,2,Antofagasta,2101,7,2021-01-12
Antofagasta,2,Antofagasta,2101,1,2021-01-13
Antofagasta,2,Antofagasta,2101,10,2021-01-14
Antofagasta,2,Mejillones,2102,1,2020-01-10
Antofagasta,2,Mejillones,2102,1,2020-01-31
Antofagasta,2,Mejillones,2102,1,2020-02-10
Antofagasta,2,Mejillones,2102,1,2020-02-17
Antofagasta,2,Mejillones,2102,1,2020-03-24
Antofagasta,2,Mejillones,2102,1,2020-03-26
Antofagasta,2,Mejillones,2102,1,2020-04-04
Antofagasta,2,Mejillones,2102,1,2020-04-24
Antofagasta,2,Mejillones,2102,1,2020-04-25
Antofagasta,2,Mejillones,2102,2,2020-05-15
Antofagasta,2,Mejillones,2102,1,2020-07-08
Antofagasta,2,Mejillones,2102,1,2020-08-07
Antofagasta,2,Mejillones,2102,1,2020-08-18
Antofagasta,2,Mejillones,2102,1,2020-08-21
Antofagasta,2,Mejillones,2102,1,2020-08-31
Antofagasta,2,Mejillones,2102,1,2020-09-09
Antofagasta,2,Mejillones,2102,1,2020-09-11
Antofagasta,2,Mejillones,2102,1,2020-09-14
Antofagasta,2,Mejillones,2102,1,2020-09-22
Antofagasta,2,Mejillones,2102,1,2020-09-24
Antofagasta,2,Mejillones,2102,1,2020-10-02
Antofagasta,2,Mejillones,2102,1,2020-10-06
Antofagasta,2,Mejillones,2102,1,2020-10-09
Antofagasta,2,Mejillones,2102,1,2020-10-13
Antofagasta,2,Mejillones,2102,1,2020-10-16
Antofagasta,2,Mejillones,2102,1,2020-11-02
Antofagasta,2,Mejillones,2102,1,2020-11-09
Antofagasta,2,Mejillones,2102,1,2020-11-19
Antofagasta,2,Mejillones,2102,1,2020-11-30
Antofagasta,2,Mejillones,2102,2,2020-12-02
Antofagasta,2,Taltal,2104,1,2020-01-17
Antofagasta,2,Taltal,2104,1,2020-01-20
Antofagasta,2,Taltal,2104,1,2020-01-23
Antofagasta,2,Taltal,2104,1,2020-02-11
Antofagasta,2,Taltal,2104,1,2020-02-24
Antofagasta,2,Taltal,2104,1,2020-03-25
Antofagasta,2,Taltal,2104,1,2020-04-06
Antofagasta,2,Taltal,2104,1,2020-04-13
Antofagasta,2,Taltal,2104,1,2020-04-14
Antofagasta,2,Taltal,2104,1,2020-05-02
Antofagasta,2,Taltal,2104,1,2020-05-18
Antofagasta,2,Taltal,2104,1,2020-05-22
Antofagasta,2,Taltal,2104,2,2020-05-25
Antofagasta,2,Taltal,2104,1,2020-05-27
Antofagasta,2,Taltal,2104,1,2020-06-10
Antofagasta,2,Taltal,2104,1,2020-06-12
Antofagasta,2,Taltal,2104,1,2020-06-15
Antofagasta,2,Taltal,2104,1,2020-06-22
Antofagasta,2,Taltal,2104,1,2020-06-30
Antofagasta,2,Taltal,2104,1,2020-07-08
Antofagasta,2,Taltal,2104,1,2020-07-17
Antofagasta,2,Taltal,2104,2,2020-07-27
Antofagasta,2,Taltal,2104,1,2020-07-31
Antofagasta,2,Taltal,2104,1,2020-08-01
Antofagasta,2,Taltal,2104,1,2020-08-06
Antofagasta,2,Taltal,2104,1,2020-08-12
Antofagasta,2,Taltal,2104,1,2020-08-31
Antofagasta,2,Taltal,2104,1,2020-09-01
Antofagasta,2,Taltal,2104,2,2020-09-07
Antofagasta,2,Taltal,2104,1,2020-09-22
Antofagasta,2,Taltal,2104,1,2020-09-29
Antofagasta,2,Taltal,2104,2,2020-10-05
Antofagasta,2,Taltal,2104,1,2020-10-27
Antofagasta,2,Taltal,2104,1,2020-11-04
Antofagasta,2,Taltal,2104,1,2020-11-12
Antofagasta,2,Taltal,2104,1,2020-11-23
Antofagasta,2,Taltal,2104,2,2020-11-25
Antofagasta,2,Taltal,2104,1,2020-12-01
Antofagasta,2,Taltal,2104,1,2020-12-04
Antofagasta,2,Taltal,2104,1,2020-12-22
Antofagasta,2,Taltal,2104,2,2021-01-04
Antofagasta,2,Taltal,2104,1,2021-01-14
Antofagasta,2,Calama,2201,1,2020-01-02
Antofagasta,2,Calama,2201,3,2020-01-03
Antofagasta,2,Calama,2201,3,2020-01-06
Antofagasta,2,Calama,2201,2,2020-01-07
Antofagasta,2,Calama,2201,3,2020-01-08
Antofagasta,2,Calama,2201,3,2020-01-10
Antofagasta,2,Calama,2201,3,2020-01-13
Antofagasta,2,Calama,2201,6,2020-01-14
Antofagasta,2,Calama,2201,4,2020-01-15
Antofagasta,2,Calama,2201,4,2020-01-16
Antofagasta,2,Calama,2201,2,2020-01-17
Antofagasta,2,Calama,2201,1,2020-01-20
Antofagasta,2,Calama,2201,2,2020-01-21
Antofagasta,2,Calama,2201,1,2020-01-22
Antofagasta,2,Calama,2201,2,2020-01-23
Antofagasta,2,Calama,2201,1,2020-01-24
Antofagasta,2,Calama,2201,5,2020-01-27
Antofagasta,2,Calama,2201,2,2020-01-29
Antofagasta,2,Calama,2201,5,2020-01-31
Antofagasta,2,Calama,2201,4,2020-02-04
Antofagasta,2,Calama,2201,2,2020-02-05
Antofagasta,2,Calama,2201,3,2020-02-06
Antofagasta,2,Calama,2201,1,2020-02-07
Antofagasta,2,Calama,2201,1,2020-02-08
Antofagasta,2,Calama,2201,3,2020-02-10
Antofagasta,2,Calama,2201,4,2020-02-11
Antofagasta,2,Calama,2201,2,2020-02-12
Antofagasta,2,Calama,2201,4,2020-02-13
Antofagasta,2,Calama,2201,4,2020-02-14
Antofagasta,2,Calama,2201,4,2020-02-17
Antofagasta,2,Calama,2201,2,2020-02-18
Antofagasta,2,Calama,2201,1,2020-02-19
Antofagasta,2,Calama,2201,2,2020-02-20
Antofagasta,2,Calama,2201,3,2020-02-21
Antofagasta,2,Calama,2201,7,2020-02-24
Antofagasta,2,Calama,2201,1,2020-02-25
Antofagasta,2,Calama,2201,4,2020-02-27
Antofagasta,2,Calama,2201,2,2020-02-28
Antofagasta,2,Calama,2201,3,2020-03-02
Antofagasta,2,Calama,2201,3,2020-03-03
Antofagasta,2,Calama,2201,2,2020-03-04
Antofagasta,2,Calama,2201,3,2020-03-05
Antofagasta,2,Calama,2201,3,2020-03-06
Antofagasta,2,Calama,2201,3,2020-03-09
Antofagasta,2,Calama,2201,2,2020-03-10
Antofagasta,2,Calama,2201,4,2020-03-11
Antofagasta,2,Calama,2201,2,2020-03-12
Antofagasta,2,Calama,2201,3,2020-03-13
Antofagasta,2,Calama,2201,4,2020-03-16
Antofagasta,2,Calama,2201,1,2020-03-17
Antofagasta,2,Calama,2201,1,2020-03-19
Antofagasta,2,Calama,2201,4,2020-03-23
Antofagasta,2,Calama,2201,1,2020-03-24
Antofagasta,2,Calama,2201,1,2020-03-25
Antofagasta,2,Calama,2201,1,2020-03-26
Antofagasta,2,Calama,2201,4,2020-03-27
Antofagasta,2,Calama,2201,4,2020-03-30
Antofagasta,2,Calama,2201,1,2020-03-31
Antofagasta,2,Calama,2201,3,2020-04-01
Antofagasta,2,Calama,2201,5,2020-04-02
Antofagasta,2,Calama,2201,4,2020-04-03
Antofagasta,2,Calama,2201,4,2020-04-06
Antofagasta,2,Calama,2201,1,2020-04-07
Antofagasta,2,Calama,2201,3,2020-04-08
Antofagasta,2,Calama,2201,1,2020-04-09
Antofagasta,2,Calama,2201,2,2020-04-14
Antofagasta,2,Calama,2201,5,2020-04-15
Antofagasta,2,Calama,2201,4,2020-04-16
Antofagasta,2,Calama,2201,2,2020-04-17
Antofagasta,2,Calama,2201,3,2020-04-20
Antofagasta,2,Calama,2201,1,2020-04-21
Antofagasta,2,Calama,2201,2,2020-04-22
Antofagasta,2,Calama,2201,2,2020-04-23
Antofagasta,2,Calama,2201,2,2020-04-24
Antofagasta,2,Calama,2201,4,2020-04-27
Antofagasta,2,Calama,2201,4,2020-04-28
Antofagasta,2,Calama,2201,1,2020-04-29
Antofagasta,2,Calama,2201,4,2020-04-30
Antofagasta,2,Calama,2201,1,2020-05-02
Antofagasta,2,Calama,2201,5,2020-05-04
Antofagasta,2,Calama,2201,6,2020-05-05
Antofagasta,2,Calama,2201,7,2020-05-06
Antofagasta,2,Calama,2201,6,2020-05-07
Antofagasta,2,Calama,2201,2,2020-05-08
Antofagasta,2,Calama,2201,6,2020-05-11
Antofagasta,2,Calama,2201,2,2020-05-12
Antofagasta,2,Calama,2201,1,2020-05-13
Antofagasta,2,Calama,2201,5,2020-05-14
Antofagasta,2,Calama,2201,6,2020-05-15
Antofagasta,2,Calama,2201,3,2020-05-18
Antofagasta,2,Calama,2201,4,2020-05-19
Antofagasta,2,Calama,2201,1,2020-05-20
Antofagasta,2,Calama,2201,6,2020-05-22
Antofagasta,2,Calama,2201,1,2020-05-23
Antofagasta,2,Calama,2201,5,2020-05-25
Antofagasta,2,Calama,2201,5,2020-05-26
Antofagasta,2,Calama,2201,2,2020-05-27
Antofagasta,2,Calama,2201,4,2020-05-28
Antofagasta,2,Calama,2201,2,2020-05-29
Antofagasta,2,Calama,2201,7,2020-06-01
Antofagasta,2,Calama,2201,1,2020-06-02
Antofagasta,2,Calama,2201,8,2020-06-03
Antofagasta,2,Calama,2201,2,2020-06-04
Antofagasta,2,Calama,2201,8,2020-06-05
Antofagasta,2,Calama,2201,3,2020-06-06
Antofagasta,2,Calama,2201,22,2020-06-08
Antofagasta,2,Calama,2201,6,2020-06-09
Antofagasta,2,Calama,2201,10,2020-06-10
Antofagasta,2,Calama,2201,4,2020-06-11
Antofagasta,2,Calama,2201,10,2020-06-12
Antofagasta,2,Calama,2201,1,2020-06-14
Antofagasta,2,Calama,2201,19,2020-06-15
Antofagasta,2,Calama,2201,13,2020-06-16
Antofagasta,2,Calama,2201,10,2020-06-17
Antofagasta,2,Calama,2201,7,2020-06-18
Antofagasta,2,Calama,2201,14,2020-06-19
Antofagasta,2,Calama,2201,1,2020-06-20
Antofagasta,2,Calama,2201,19,2020-06-22
Antofagasta,2,Calama,2201,16,2020-06-23
Antofagasta,2,Calama,2201,8,2020-06-24
Antofagasta,2,Calama,2201,19,2020-06-25
Antofagasta,2,Calama,2201,13,2020-06-26
Antofagasta,2,Calama,2201,2,2020-06-27
Antofagasta,2,Calama,2201,1,2020-06-29
Antofagasta,2,Calama,2201,21,2020-06-30
Antofagasta,2,Calama,2201,6,2020-07-01
Antofagasta,2,Calama,2201,5,2020-07-02
Antofagasta,2,Calama,2201,15,2020-07-03
Antofagasta,2,Calama,2201,1,2020-07-04
Antofagasta,2,Calama,2201,1,2020-07-05
Antofagasta,2,Calama,2201,23,2020-07-06
Antofagasta,2,Calama,2201,7,2020-07-07
Antofagasta,2,Calama,2201,10,2020-07-08
Antofagasta,2,Calama,2201,9,2020-07-09
Antofagasta,2,Calama,2201,6,2020-07-10
Antofagasta,2,Calama,2201,15,2020-07-13
Antofagasta,2,Calama,2201,6,2020-07-14
Antofagasta,2,Calama,2201,6,2020-07-15
Antofagasta,2,Calama,2201,13,2020-07-17
Antofagasta,2,Calama,2201,1,2020-07-18
Antofagasta,2,Calama,2201,15,2020-07-20
Antofagasta,2,Calama,2201,4,2020-07-21
Antofagasta,2,Calama,2201,2,2020-07-22
Antofagasta,2,Calama,2201,10,2020-07-23
Antofagasta,2,Calama,2201,4,2020-07-24
Antofagasta,2,Calama,2201,7,2020-07-27
Antofagasta,2,Calama,2201,4,2020-07-28
Antofagasta,2,Calama,2201,8,2020-07-29
Antofagasta,2,Calama,2201,3,2020-07-30
Antofagasta,2,Calama,2201,1,2020-07-31
Antofagasta,2,Calama,2201,3,2020-08-03
Antofagasta,2,Calama,2201,6,2020-08-04
Antofagasta,2,Calama,2201,5,2020-08-05
Antofagasta,2,Calama,2201,3,2020-08-06
Antofagasta,2,Calama,2201,2,2020-08-07
Antofagasta,2,Calama,2201,6,2020-08-10
Antofagasta,2,Calama,2201,6,2020-08-11
Antofagasta,2,Calama,2201,4,2020-08-12
Antofagasta,2,Calama,2201,1,2020-08-13
Antofagasta,2,Calama,2201,5,2020-08-14
Antofagasta,2,Calama,2201,1,2020-08-15
Antofagasta,2,Calama,2201,2,2020-08-17
Antofagasta,2,Calama,2201,4,2020-08-18
Antofagasta,2,Calama,2201,2,2020-08-20
Antofagasta,2,Calama,2201,1,2020-08-23
Antofagasta,2,Calama,2201,2,2020-08-24
Antofagasta,2,Calama,2201,3,2020-08-25
Antofagasta,2,Calama,2201,3,2020-08-26
Antofagasta,2,Calama,2201,1,2020-08-27
Antofagasta,2,Calama,2201,4,2020-08-28
Antofagasta,2,Calama,2201,3,2020-08-31
Antofagasta,2,Calama,2201,2,2020-09-01
Antofagasta,2,Calama,2201,1,2020-09-02
Antofagasta,2,Calama,2201,5,2020-09-03
Antofagasta,2,Calama,2201,3,2020-09-04
Antofagasta,2,Calama,2201,1,2020-09-05
Antofagasta,2,Calama,2201,3,2020-09-07
Antofagasta,2,Calama,2201,7,2020-09-08
Antofagasta,2,Calama,2201,2,2020-09-09
Antofagasta,2,Calama,2201,2,2020-09-10
Antofagasta,2,Calama,2201,7,2020-09-11
Antofagasta,2,Calama,2201,1,2020-09-13
Antofagasta,2,Calama,2201,3,2020-09-14
Antofagasta,2,Calama,2201,3,2020-09-15
Antofagasta,2,Calama,2201,8,2020-09-16
Antofagasta,2,Calama,2201,1,2020-09-18
Antofagasta,2,Calama,2201,1,2020-09-19
Antofagasta,2,Calama,2201,5,2020-09-21
Antofagasta,2,Calama,2201,3,2020-09-22
Antofagasta,2,Calama,2201,2,2020-09-23
Antofagasta,2,Calama,2201,5,2020-09-24
Antofagasta,2,Calama,2201,6,2020-09-25
Antofagasta,2,Calama,2201,4,2020-09-28
Antofagasta,2,Calama,2201,1,2020-10-01
Antofagasta,2,Calama,2201,4,2020-10-02
Antofagasta,2,Calama,2201,5,2020-10-05
Antofagasta,2,Calama,2201,2,2020-10-06
Antofagasta,2,Calama,2201,4,2020-10-07
Antofagasta,2,Calama,2201,1,2020-10-08
Antofagasta,2,Calama,2201,2,2020-10-09
Antofagasta,2,Calama,2201,2,2020-10-10
Antofagasta,2,Calama,2201,3,2020-10-13
Antofagasta,2,Calama,2201,1,2020-10-14
Antofagasta,2,Calama,2201,4,2020-10-15
Antofagasta,2,Calama,2201,7,2020-10-19
Antofagasta,2,Calama,2201,2,2020-10-20
Antofagasta,2,Calama,2201,1,2020-10-21
Antofagasta,2,Calama,2201,3,2020-10-22
Antofagasta,2,Calama,2201,4,2020-10-23
Antofagasta,2,Calama,2201,7,2020-10-26
Antofagasta,2,Calama,2201,2,2020-10-27
Antofagasta,2,Calama,2201,2,2020-10-28
Antofagasta,2,Calama,2201,4,2020-10-30
Antofagasta,2,Calama,2201,3,2020-11-02
Antofagasta,2,Calama,2201,4,2020-11-03
Antofagasta,2,Calama,2201,1,2020-11-05
Antofagasta,2,Calama,2201,1,2020-11-06
Antofagasta,2,Calama,2201,4,2020-11-09
Antofagasta,2,Calama,2201,3,2020-11-10
Antofagasta,2,Calama,2201,4,2020-11-11
Antofagasta,2,Calama,2201,1,2020-11-12
Antofagasta,2,Calama,2201,3,2020-11-13
Antofagasta,2,Calama,2201,3,2020-11-16
Antofagasta,2,Calama,2201,3,2020-11-17
Antofagasta,2,Calama,2201,2,2020-11-18
Antofagasta,2,Calama,2201,2,2020-11-20
Antofagasta,2,Calama,2201,5,2020-11-23
Antofagasta,2,Calama,2201,10,2020-11-25
Antofagasta,2,Calama,2201,1,2020-11-26
Antofagasta,2,Calama,2201,3,2020-11-27
Antofagasta,2,Calama,2201,1,2020-11-29
Antofagasta,2,Calama,2201,4,2020-11-30
Antofagasta,2,Calama,2201,4,2020-12-02
Antofagasta,2,Calama,2201,1,2020-12-03
Antofagasta,2,Calama,2201,2,2020-12-04
Antofagasta,2,Calama,2201,6,2020-12-07
Antofagasta,2,Calama,2201,5,2020-12-09
Antofagasta,2,Calama,2201,3,2020-12-10
Antofagasta,2,Calama,2201,3,2020-12-11
Antofagasta,2,Calama,2201,1,2020-12-13
Antofagasta,2,Calama,2201,3,2020-12-14
Antofagasta,2,Calama,2201,3,2020-12-15
Antofagasta,2,Calama,2201,6,2020-12-16
Antofagasta,2,Calama,2201,1,2020-12-17
Antofagasta,2,Calama,2201,5,2020-12-18
Antofagasta,2,Calama,2201,8,2020-12-21
Antofagasta,2,Calama,2201,2,2020-12-22
Antofagasta,2,Calama,2201,3,2020-12-23
Antofagasta,2,Calama,2201,2,2020-12-24
Antofagasta,2,Calama,2201,4,2020-12-28
Antofagasta,2,Calama,2201,3,2020-12-29
Antofagasta,2,Calama,2201,3,2020-12-30
Antofagasta,2,Calama,2201,2,2020-12-31
Antofagasta,2,Calama,2201,3,2021-01-04
Antofagasta,2,Calama,2201,5,2021-01-05
Antofagasta,2,Calama,2201,3,2021-01-06
Antofagasta,2,Calama,2201,4,2021-01-07
Antofagasta,2,Calama,2201,4,2021-01-08
Antofagasta,2,Calama,2201,2,2021-01-11
Antofagasta,2,Calama,2201,4,2021-01-12
Antofagasta,2,Calama,2201,1,2021-01-13
Antofagasta,2,Calama,2201,5,2021-01-14
Antofagasta,2,San Pedro de Atacama,2203,1,2020-01-08
Antofagasta,2,San Pedro de Atacama,2203,1,2020-01-17
Antofagasta,2,San Pedro de Atacama,2203,1,2020-02-21
Antofagasta,2,San Pedro de Atacama,2203,1,2020-03-26
Antofagasta,2,San Pedro de Atacama,2203,1,2020-04-24
Antofagasta,2,San Pedro de Atacama,2203,3,2020-06-25
Antofagasta,2,San Pedro de Atacama,2203,1,2020-06-30
Antofagasta,2,San Pedro de Atacama,2203,2,2020-07-06
Antofagasta,2,San Pedro de Atacama,2203,1,2020-07-07
Antofagasta,2,San Pedro de Atacama,2203,1,2020-07-22
Antofagasta,2,San Pedro de Atacama,2203,1,2020-07-24
Antofagasta,2,San Pedro de Atacama,2203,1,2020-08-10
Antofagasta,2,San Pedro de Atacama,2203,1,2020-08-31
Antofagasta,2,San Pedro de Atacama,2203,1,2020-10-15
Antofagasta,2,San Pedro de Atacama,2203,1,2020-11-23
Antofagasta,2,San Pedro de Atacama,2203,1,2020-12-17
Antofagasta,2,Tocopilla,2301,2,2020-01-02
Antofagasta,2,Tocopilla,2301,1,2020-01-07
Antofagasta,2,Tocopilla,2301,1,2020-01-13
Antofagasta,2,Tocopilla,2301,3,2020-01-20
Antofagasta,2,Tocopilla,2301,1,2020-01-27
Antofagasta,2,Tocopilla,2301,1,2020-01-29
Antofagasta,2,Tocopilla,2301,1,2020-01-31
Antofagasta,2,Tocopilla,2301,1,2020-02-04
Antofagasta,2,Tocopilla,2301,1,2020-02-06
Antofagasta,2,Tocopilla,2301,2,2020-02-10
Antofagasta,2,Tocopilla,2301,1,2020-02-14
Antofagasta,2,Tocopilla,2301,1,2020-02-17
Antofagasta,2,Tocopilla,2301,1,2020-02-24
Antofagasta,2,Tocopilla,2301,1,2020-02-26
Antofagasta,2,Tocopilla,2301,1,2020-02-28
Antofagasta,2,Tocopilla,2301,1,2020-03-05
Antofagasta,2,Tocopilla,2301,2,2020-03-06
Antofagasta,2,Tocopilla,2301,1,2020-03-10
Antofagasta,2,Tocopilla,2301,1,2020-03-13
Antofagasta,2,Tocopilla,2301,1,2020-03-17
Antofagasta,2,Tocopilla,2301,1,2020-03-19
Antofagasta,2,Tocopilla,2301,1,2020-03-24
Antofagasta,2,Tocopilla,2301,1,2020-03-27
Antofagasta,2,Tocopilla,2301,3,2020-03-30
Antofagasta,2,Tocopilla,2301,1,2020-03-31
Antofagasta,2,Tocopilla,2301,1,2020-04-09
Antofagasta,2,Tocopilla,2301,1,2020-04-13
Antofagasta,2,Tocopilla,2301,2,2020-04-14
Antofagasta,2,Tocopilla,2301,1,2020-04-18
Antofagasta,2,Tocopilla,2301,1,2020-04-27
Antofagasta,2,Tocopilla,2301,1,2020-04-29
Antofagasta,2,Tocopilla,2301,1,2020-05-15
Antofagasta,2,Tocopilla,2301,2,2020-05-18
Antofagasta,2,Tocopilla,2301,1,2020-05-20
Antofagasta,2,Tocopilla,2301,2,2020-05-26
Antofagasta,2,Tocopilla,2301,1,2020-05-27
Antofagasta,2,Tocopilla,2301,1,2020-06-01
Antofagasta,2,Tocopilla,2301,1,2020-06-02
Antofagasta,2,Tocopilla,2301,1,2020-06-04
Antofagasta,2,Tocopilla,2301,1,2020-06-05
Antofagasta,2,Tocopilla,2301,1,2020-06-11
Antofagasta,2,Tocopilla,2301,1,2020-06-15
Antofagasta,2,Tocopilla,2301,1,2020-06-22
Antofagasta,2,Tocopilla,2301,2,2020-06-25
Antofagasta,2,Tocopilla,2301,1,2020-07-01
Antofagasta,2,Tocopilla,2301,2,2020-07-03
Antofagasta,2,Tocopilla,2301,2,2020-07-06
Antofagasta,2,Tocopilla,2301,1,2020-07-09
Antofagasta,2,Tocopilla,2301,1,2020-07-17
Antofagasta,2,Tocopilla,2301,1,2020-07-20
Antofagasta,2,Tocopilla,2301,1,2020-07-22
Antofagasta,2,Tocopilla,2301,1,2020-07-24
Antofagasta,2,Tocopilla,2301,1,2020-07-26
Antofagasta,2,Tocopilla,2301,3,2020-07-27
Antofagasta,2,Tocopilla,2301,1,2020-07-29
Antofagasta,2,Tocopilla,2301,1,2020-07-31
Antofagasta,2,Tocopilla,2301,1,2020-08-04
Antofagasta,2,Tocopilla,2301,1,2020-08-05
Antofagasta,2,Tocopilla,2301,1,2020-08-12
Antofagasta,2,Tocopilla,2301,2,2020-08-13
Antofagasta,2,Tocopilla,2301,2,2020-08-17
Antofagasta,2,Tocopilla,2301,1,2020-08-19
Antofagasta,2,Tocopilla,2301,1,2020-08-24
Antofagasta,2,Tocopilla,2301,2,2020-08-31
Antofagasta,2,Tocopilla,2301,1,2020-09-02
Antofagasta,2,Tocopilla,2301,2,2020-09-08
Antofagasta,2,Tocopilla,2301,1,2020-09-16
Antofagasta,2,Tocopilla,2301,1,2020-09-22
Antofagasta,2,Tocopilla,2301,1,2020-09-23
Antofagasta,2,Tocopilla,2301,1,2020-09-24
Antofagasta,2,Tocopilla,2301,2,2020-09-28
Antofagasta,2,Tocopilla,2301,1,2020-10-01
Antofagasta,2,Tocopilla,2301,2,2020-10-13
Antofagasta,2,Tocopilla,2301,1,2020-10-26
Antofagasta,2,Tocopilla,2301,1,2020-10-29
Antofagasta,2,Tocopilla,2301,3,2020-11-02
Antofagasta,2,Tocopilla,2301,1,2020-11-03
Antofagasta,2,Tocopilla,2301,2,2020-11-09
Antofagasta,2,Tocopilla,2301,2,2020-11-16
Antofagasta,2,Tocopilla,2301,2,2020-11-17
Antofagasta,2,Tocopilla,2301,1,2020-11-20
Antofagasta,2,Tocopilla,2301,1,2020-11-23
Antofagasta,2,Tocopilla,2301,1,2020-11-25
Antofagasta,2,Tocopilla,2301,2,2020-11-26
Antofagasta,2,Tocopilla,2301,1,2020-11-27
Antofagasta,2,Tocopilla,2301,1,2020-11-30
Antofagasta,2,Tocopilla,2301,1,2020-12-07
Antofagasta,2,Tocopilla,2301,1,2020-12-10
Antofagasta,2,Tocopilla,2301,2,2020-12-11
Antofagasta,2,Tocopilla,2301,1,2020-12-21
Antofagasta,2,Tocopilla,2301,1,2020-12-28
Antofagasta,2,Tocopilla,2301,2,2020-12-29
Antofagasta,2,Tocopilla,2301,1,2020-12-30
Antofagasta,2,Tocopilla,2301,1,2021-01-04
Antofagasta,2,Tocopilla,2301,1,2021-01-05
Antofagasta,2,Tocopilla,2301,1,2021-01-08
Antofagasta,2,Tocopilla,2301,1,2021-01-12
Antofagasta,2,Tocopilla,2301,1,2021-01-13
Antofagasta,2,María Elena,2302,1,2020-01-20
Antofagasta,2,María Elena,2302,1,2020-03-02
Antofagasta,2,María Elena,2302,1,2020-04-27
Antofagasta,2,María Elena,2302,1,2020-05-28
Antofagasta,2,María Elena,2302,1,2020-06-01
Antofagasta,2,María Elena,2302,1,2020-06-22
Antofagasta,2,María Elena,2302,1,2020-06-23
Antofagasta,2,María Elena,2302,1,2020-08-26
Antofagasta,2,María Elena,2302,1,2020-10-21
Atacama,3,Copiapó,3101,3,2020-01-02
Atacama,3,Copiapó,3101,2,2020-01-03
Atacama,3,Copiapó,3101,7,2020-01-06
Atacama,3,Copiapó,3101,6,2020-01-07
Atacama,3,Copiapó,3101,6,2020-01-08
Atacama,3,Copiapó,3101,4,2020-01-09
Atacama,3,Copiapó,3101,1,2020-01-11
Atacama,3,Copiapó,3101,5,2020-01-13
Atacama,3,Copiapó,3101,6,2020-01-14
Atacama,3,Copiapó,3101,1,2020-01-15
Atacama,3,Copiapó,3101,4,2020-01-16
Atacama,3,Copiapó,3101,4,2020-01-17
Atacama,3,Copiapó,3101,9,2020-01-20
Atacama,3,Copiapó,3101,3,2020-01-21
Atacama,3,Copiapó,3101,1,2020-01-22
Atacama,3,Copiapó,3101,5,2020-01-23
Atacama,3,Copiapó,3101,1,2020-01-24
Atacama,3,Copiapó,3101,7,2020-01-27
Atacama,3,Copiapó,3101,6,2020-01-28
Atacama,3,Copiapó,3101,1,2020-01-29
Atacama,3,Copiapó,3101,3,2020-01-30
Atacama,3,Copiapó,3101,3,2020-01-31
Atacama,3,Copiapó,3101,6,2020-02-03
Atacama,3,Copiapó,3101,4,2020-02-04
Atacama,3,Copiapó,3101,3,2020-02-05
Atacama,3,Copiapó,3101,3,2020-02-06
Atacama,3,Copiapó,3101,1,2020-02-07
Atacama,3,Copiapó,3101,6,2020-02-10
Atacama,3,Copiapó,3101,4,2020-02-11
Atacama,3,Copiapó,3101,2,2020-02-12
Atacama,3,Copiapó,3101,7,2020-02-13
Atacama,3,Copiapó,3101,3,2020-02-14
Atacama,3,Copiapó,3101,2,2020-02-17
Atacama,3,Copiapó,3101,2,2020-02-18
Atacama,3,Copiapó,3101,6,2020-02-19
Atacama,3,Copiapó,3101,4,2020-02-20
Atacama,3,Copiapó,3101,2,2020-02-21
Atacama,3,Copiapó,3101,7,2020-02-24
Atacama,3,Copiapó,3101,2,2020-02-25
Atacama,3,Copiapó,3101,1,2020-02-26
Atacama,3,Copiapó,3101,3,2020-02-27
Atacama,3,Copiapó,3101,1,2020-02-28
Atacama,3,Copiapó,3101,3,2020-03-02
Atacama,3,Copiapó,3101,5,2020-03-03
Atacama,3,Copiapó,3101,2,2020-03-04
Atacama,3,Copiapó,3101,5,2020-03-05
Atacama,3,Copiapó,3101,2,2020-03-06
Atacama,3,Copiapó,3101,10,2020-03-09
Atacama,3,Copiapó,3101,2,2020-03-10
Atacama,3,Copiapó,3101,2,2020-03-11
Atacama,3,Copiapó,3101,4,2020-03-12
Atacama,3,Copiapó,3101,1,2020-03-13
Atacama,3,Copiapó,3101,5,2020-03-16
Atacama,3,Copiapó,3101,4,2020-03-17
Atacama,3,Copiapó,3101,3,2020-03-18
Atacama,3,Copiapó,3101,3,2020-03-19
Atacama,3,Copiapó,3101,4,2020-03-20
Atacama,3,Copiapó,3101,6,2020-03-23
Atacama,3,Copiapó,3101,5,2020-03-24
Atacama,3,Copiapó,3101,2,2020-03-25
Atacama,3,Copiapó,3101,1,2020-03-26
Atacama,3,Copiapó,3101,3,2020-03-27
Atacama,3,Copiapó,3101,3,2020-03-30
Atacama,3,Copiapó,3101,1,2020-03-31
Atacama,3,Copiapó,3101,2,2020-04-01
Atacama,3,Copiapó,3101,3,2020-04-02
Atacama,3,Copiapó,3101,2,2020-04-03
Atacama,3,Copiapó,3101,11,2020-04-06
Atacama,3,Copiapó,3101,6,2020-04-08
Atacama,3,Copiapó,3101,6,2020-04-13
Atacama,3,Copiapó,3101,4,2020-04-14
Atacama,3,Copiapó,3101,4,2020-04-15
Atacama,3,Copiapó,3101,1,2020-04-16
Atacama,3,Copiapó,3101,3,2020-04-17
Atacama,3,Copiapó,3101,4,2020-04-20
Atacama,3,Copiapó,3101,1,2020-04-23
Atacama,3,Copiapó,3101,1,2020-04-24
Atacama,3,Copiapó,3101,6,2020-04-27
Atacama,3,Copiapó,3101,2,2020-04-28
Atacama,3,Copiapó,3101,1,2020-04-29
Atacama,3,Copiapó,3101,1,2020-04-30
Atacama,3,Copiapó,3101,6,2020-05-04
Atacama,3,Copiapó,3101,6,2020-05-05
Atacama,3,Copiapó,3101,4,2020-05-06
Atacama,3,Copiapó,3101,4,2020-05-07
Atacama,3,Copiapó,3101,3,2020-05-08
Atacama,3,Copiapó,3101,4,2020-05-11
Atacama,3,Copiapó,3101,4,2020-05-12
Atacama,3,Copiapó,3101,1,2020-05-13
Atacama,3,Copiapó,3101,2,2020-05-14
Atacama,3,Copiapó,3101,6,2020-05-15
Atacama,3,Copiapó,3101,1,2020-05-16
Atacama,3,Copiapó,3101,7,2020-05-18
Atacama,3,Copiapó,3101,2,2020-05-19
Atacama,3,Copiapó,3101,5,2020-05-20
Atacama,3,Copiapó,3101,1,2020-05-22
Atacama,3,Copiapó,3101,1,2020-05-25
Atacama,3,Copiapó,3101,5,2020-05-26
Atacama,3,Copiapó,3101,2,2020-05-27
Atacama,3,Copiapó,3101,4,2020-05-28
Atacama,3,Copiapó,3101,4,2020-05-29
Atacama,3,Copiapó,3101,6,2020-06-01
Atacama,3,Copiapó,3101,4,2020-06-02
Atacama,3,Copiapó,3101,2,2020-06-03
Atacama,3,Copiapó,3101,1,2020-06-04
Atacama,3,Copiapó,3101,5,2020-06-05
Atacama,3,Copiapó,3101,7,2020-06-08
Atacama,3,Copiapó,3101,2,2020-06-09
Atacama,3,Copiapó,3101,2,2020-06-10
Atacama,3,Copiapó,3101,3,2020-06-11
Atacama,3,Copiapó,3101,8,2020-06-15
Atacama,3,Copiapó,3101,6,2020-06-16
Atacama,3,Copiapó,3101,3,2020-06-17
Atacama,3,Copiapó,3101,4,2020-06-18
Atacama,3,Copiapó,3101,2,2020-06-19
Atacama,3,Copiapó,3101,12,2020-06-22
Atacama,3,Copiapó,3101,5,2020-06-23
Atacama,3,Copiapó,3101,7,2020-06-24
Atacama,3,Copiapó,3101,3,2020-06-25
Atacama,3,Copiapó,3101,2,2020-06-26
Atacama,3,Copiapó,3101,5,2020-06-30
Atacama,3,Copiapó,3101,5,2020-07-01
Atacama,3,Copiapó,3101,2,2020-07-02
Atacama,3,Copiapó,3101,3,2020-07-03
Atacama,3,Copiapó,3101,11,2020-07-06
Atacama,3,Copiapó,3101,3,2020-07-07
Atacama,3,Copiapó,3101,4,2020-07-08
Atacama,3,Copiapó,3101,2,2020-07-09
Atacama,3,Copiapó,3101,3,2020-07-10
Atacama,3,Copiapó,3101,6,2020-07-13
Atacama,3,Copiapó,3101,3,2020-07-14
Atacama,3,Copiapó,3101,3,2020-07-15
Atacama,3,Copiapó,3101,5,2020-07-17
Atacama,3,Copiapó,3101,6,2020-07-20
Atacama,3,Copiapó,3101,5,2020-07-21
Atacama,3,Copiapó,3101,4,2020-07-22
Atacama,3,Copiapó,3101,5,2020-07-23
Atacama,3,Copiapó,3101,2,2020-07-24
Atacama,3,Copiapó,3101,6,2020-07-27
Atacama,3,Copiapó,3101,4,2020-07-28
Atacama,3,Copiapó,3101,2,2020-07-29
Atacama,3,Copiapó,3101,3,2020-07-30
Atacama,3,Copiapó,3101,1,2020-07-31
Atacama,3,Copiapó,3101,11,2020-08-03
Atacama,3,Copiapó,3101,7,2020-08-04
Atacama,3,Copiapó,3101,1,2020-08-05
Atacama,3,Copiapó,3101,1,2020-08-06
Atacama,3,Copiapó,3101,7,2020-08-07
Atacama,3,Copiapó,3101,3,2020-08-10
Atacama,3,Copiapó,3101,4,2020-08-11
Atacama,3,Copiapó,3101,2,2020-08-12
Atacama,3,Copiapó,3101,5,2020-08-13
Atacama,3,Copiapó,3101,4,2020-08-14
Atacama,3,Copiapó,3101,14,2020-08-17
Atacama,3,Copiapó,3101,5,2020-08-18
Atacama,3,Copiapó,3101,5,2020-08-19
Atacama,3,Copiapó,3101,7,2020-08-20
Atacama,3,Copiapó,3101,3,2020-08-21
Atacama,3,Copiapó,3101,12,2020-08-24
Atacama,3,Copiapó,3101,2,2020-08-25
Atacama,3,Copiapó,3101,2,2020-08-26
Atacama,3,Copiapó,3101,5,2020-08-27
Atacama,3,Copiapó,3101,4,2020-08-28
Atacama,3,Copiapó,3101,7,2020-08-31
Atacama,3,Copiapó,3101,2,2020-09-01
Atacama,3,Copiapó,3101,4,2020-09-02
Atacama,3,Copiapó,3101,5,2020-09-03
Atacama,3,Copiapó,3101,3,2020-09-04
Atacama,3,Copiapó,3101,3,2020-09-07
Atacama,3,Copiapó,3101,3,2020-09-08
Atacama,3,Copiapó,3101,1,2020-09-09
Atacama,3,Copiapó,3101,6,2020-09-10
Atacama,3,Copiapó,3101,3,2020-09-14
Atacama,3,Copiapó,3101,1,2020-09-15
Atacama,3,Copiapó,3101,2,2020-09-16
Atacama,3,Copiapó,3101,2,2020-09-17
Atacama,3,Copiapó,3101,11,2020-09-21
Atacama,3,Copiapó,3101,5,2020-09-22
Atacama,3,Copiapó,3101,2,2020-09-23
Atacama,3,Copiapó,3101,5,2020-09-24
Atacama,3,Copiapó,3101,4,2020-09-25
Atacama,3,Copiapó,3101,8,2020-09-28
Atacama,3,Copiapó,3101,4,2020-09-29
Atacama,3,Copiapó,3101,4,2020-09-30
Atacama,3,Copiapó,3101,6,2020-10-01
Atacama,3,Copiapó,3101,2,2020-10-02
Atacama,3,Copiapó,3101,6,2020-10-05
Atacama,3,Copiapó,3101,2,2020-10-06
Atacama,3,Copiapó,3101,4,2020-10-07
Atacama,3,Copiapó,3101,3,2020-10-08
Atacama,3,Copiapó,3101,3,2020-10-09
Atacama,3,Copiapó,3101,5,2020-10-13
Atacama,3,Copiapó,3101,4,2020-10-14
Atacama,3,Copiapó,3101,4,2020-10-15
Atacama,3,Copiapó,3101,3,2020-10-16
Atacama,3,Copiapó,3101,4,2020-10-19
Atacama,3,Copiapó,3101,4,2020-10-20
Atacama,3,Copiapó,3101,3,2020-10-21
Atacama,3,Copiapó,3101,2,2020-10-22
Atacama,3,Copiapó,3101,5,2020-10-23
Atacama,3,Copiapó,3101,6,2020-10-26
Atacama,3,Copiapó,3101,4,2020-10-27
Atacama,3,Copiapó,3101,2,2020-10-28
Atacama,3,Copiapó,3101,5,2020-10-29
Atacama,3,Copiapó,3101,7,2020-10-30
Atacama,3,Copiapó,3101,7,2020-11-02
Atacama,3,Copiapó,3101,4,2020-11-03
Atacama,3,Copiapó,3101,1,2020-11-05
Atacama,3,Copiapó,3101,1,2020-11-06
Atacama,3,Copiapó,3101,7,2020-11-09
Atacama,3,Copiapó,3101,1,2020-11-10
Atacama,3,Copiapó,3101,3,2020-11-11
Atacama,3,Copiapó,3101,5,2020-11-13
Atacama,3,Copiapó,3101,3,2020-11-16
Atacama,3,Copiapó,3101,2,2020-11-17
Atacama,3,Copiapó,3101,1,2020-11-19
Atacama,3,Copiapó,3101,3,2020-11-20
Atacama,3,Copiapó,3101,8,2020-11-23
Atacama,3,Copiapó,3101,4,2020-11-24
Atacama,3,Copiapó,3101,3,2020-11-25
Atacama,3,Copiapó,3101,2,2020-11-26
Atacama,3,Copiapó,3101,7,2020-11-27
Atacama,3,Copiapó,3101,1,2020-11-29
Atacama,3,Copiapó,3101,10,2020-11-30
Atacama,3,Copiapó,3101,2,2020-12-01
Atacama,3,Copiapó,3101,7,2020-12-02
Atacama,3,Copiapó,3101,4,2020-12-03
Atacama,3,Copiapó,3101,4,2020-12-04
Atacama,3,Copiapó,3101,6,2020-12-07
Atacama,3,Copiapó,3101,4,2020-12-09
Atacama,3,Copiapó,3101,2,2020-12-10
Atacama,3,Copiapó,3101,6,2020-12-11
Atacama,3,Copiapó,3101,8,2020-12-14
Atacama,3,Copiapó,3101,3,2020-12-16
Atacama,3,Copiapó,3101,1,2020-12-17
Atacama,3,Copiapó,3101,2,2020-12-18
Atacama,3,Copiapó,3101,7,2020-12-21
Atacama,3,Copiapó,3101,3,2020-12-22
Atacama,3,Copiapó,3101,4,2020-12-24
Atacama,3,Copiapó,3101,10,2020-12-28
Atacama,3,Copiapó,3101,4,2020-12-29
Atacama,3,Copiapó,3101,8,2020-12-30
Atacama,3,Copiapó,3101,6,2020-12-31
Atacama,3,Copiapó,3101,4,2021-01-04
Atacama,3,Copiapó,3101,4,2021-01-05
Atacama,3,Copiapó,3101,1,2021-01-06
Atacama,3,Copiapó,3101,1,2021-01-07
Atacama,3,Copiapó,3101,2,2021-01-08
Atacama,3,Copiapó,3101,9,2021-01-11
Atacama,3,Copiapó,3101,3,2021-01-12
Atacama,3,Copiapó,3101,4,2021-01-13
Atacama,3,Copiapó,3101,2,2021-01-14
Atacama,3,Caldera,3102,1,2020-01-07
Atacama,3,Caldera,3102,1,2020-01-15
Atacama,3,Caldera,3102,1,2020-01-16
Atacama,3,Caldera,3102,1,2020-01-20
Atacama,3,Caldera,3102,1,2020-01-30
Atacama,3,Caldera,3102,1,2020-02-03
Atacama,3,Caldera,3102,2,2020-02-10
Atacama,3,Caldera,3102,1,2020-03-06
Atacama,3,Caldera,3102,2,2020-03-12
Atacama,3,Caldera,3102,1,2020-03-13
Atacama,3,Caldera,3102,1,2020-03-23
Atacama,3,Caldera,3102,1,2020-04-06
Atacama,3,Caldera,3102,1,2020-04-13
Atacama,3,Caldera,3102,2,2020-04-15
Atacama,3,Caldera,3102,1,2020-04-29
Atacama,3,Caldera,3102,1,2020-05-05
Atacama,3,Caldera,3102,1,2020-05-11
Atacama,3,Caldera,3102,1,2020-05-12
Atacama,3,Caldera,3102,1,2020-05-15
Atacama,3,Caldera,3102,1,2020-05-19
Atacama,3,Caldera,3102,1,2020-05-27
Atacama,3,Caldera,3102,1,2020-06-01
Atacama,3,Caldera,3102,1,2020-06-04
Atacama,3,Caldera,3102,1,2020-06-09
Atacama,3,Caldera,3102,1,2020-06-15
Atacama,3,Caldera,3102,1,2020-06-23
Atacama,3,Caldera,3102,1,2020-06-25
Atacama,3,Caldera,3102,2,2020-06-30
Atacama,3,Caldera,3102,1,2020-07-08
Atacama,3,Caldera,3102,1,2020-07-10
Atacama,3,Caldera,3102,1,2020-07-14
Atacama,3,Caldera,3102,1,2020-07-17
Atacama,3,Caldera,3102,1,2020-07-20
Atacama,3,Caldera,3102,1,2020-07-23
Atacama,3,Caldera,3102,1,2020-07-31
Atacama,3,Caldera,3102,1,2020-08-03
Atacama,3,Caldera,3102,1,2020-08-04
Atacama,3,Caldera,3102,1,2020-08-17
Atacama,3,Caldera,3102,1,2020-08-27
Atacama,3,Caldera,3102,1,2020-08-31
Atacama,3,Caldera,3102,1,2020-09-07
Atacama,3,Caldera,3102,1,2020-09-09
Atacama,3,Caldera,3102,1,2020-09-14
Atacama,3,Caldera,3102,1,2020-09-25
Atacama,3,Caldera,3102,2,2020-10-13
Atacama,3,Caldera,3102,1,2020-10-20
Atacama,3,Caldera,3102,1,2020-10-26
Atacama,3,Caldera,3102,2,2020-11-09
Atacama,3,Caldera,3102,2,2020-11-12
Atacama,3,Caldera,3102,1,2020-11-13
Atacama,3,Caldera,3102,1,2020-11-17
Atacama,3,Caldera,3102,1,2020-11-19
Atacama,3,Caldera,3102,1,2020-11-26
Atacama,3,Caldera,3102,1,2020-11-27
Atacama,3,Caldera,3102,2,2020-12-02
Atacama,3,Caldera,3102,1,2020-12-07
Atacama,3,Caldera,3102,2,2020-12-11
Atacama,3,Caldera,3102,1,2020-12-15
Atacama,3,Caldera,3102,1,2020-12-21
Atacama,3,Caldera,3102,1,2020-12-31
Atacama,3,Caldera,3102,1,2021-01-11
Atacama,3,Caldera,3102,1,2021-01-12
Atacama,3,Tierra Amarilla,3103,1,2020-01-28
Atacama,3,Tierra Amarilla,3103,1,2020-02-03
Atacama,3,Tierra Amarilla,3103,1,2020-02-10
Atacama,3,Tierra Amarilla,3103,1,2020-03-16
Atacama,3,Tierra Amarilla,3103,1,2020-04-02
Atacama,3,Tierra Amarilla,3103,1,2020-04-08
Atacama,3,Tierra Amarilla,3103,1,2020-04-13
Atacama,3,Tierra Amarilla,3103,1,2020-04-15
Atacama,3,Tierra Amarilla,3103,1,2020-04-16
Atacama,3,Tierra Amarilla,3103,1,2020-04-24
Atacama,3,Tierra Amarilla,3103,1,2020-05-06
Atacama,3,Tierra Amarilla,3103,1,2020-05-22
Atacama,3,Tierra Amarilla,3103,1,2020-05-25
Atacama,3,Tierra Amarilla,3103,1,2020-06-01
Atacama,3,Tierra Amarilla,3103,1,2020-06-12
Atacama,3,Tierra Amarilla,3103,1,2020-07-20
Atacama,3,Tierra Amarilla,3103,1,2020-07-30
Atacama,3,Tierra Amarilla,3103,1,2020-08-03
Atacama,3,Tierra Amarilla,3103,1,2020-08-11
Atacama,3,Tierra Amarilla,3103,1,2020-09-02
Atacama,3,Tierra Amarilla,3103,1,2020-09-11
Atacama,3,Tierra Amarilla,3103,1,2020-09-21
Atacama,3,Tierra Amarilla,3103,1,2020-10-19
Atacama,3,Tierra Amarilla,3103,1,2020-11-11
Atacama,3,Tierra Amarilla,3103,1,2020-11-16
Atacama,3,Tierra Amarilla,3103,1,2020-12-14
Atacama,3,Tierra Amarilla,3103,2,2021-01-14
Atacama,3,Chañaral,3201,1,2020-01-06
Atacama,3,Chañaral,3201,1,2020-01-13
Atacama,3,Chañaral,3201,1,2020-01-24
Atacama,3,Chañaral,3201,2,2020-01-27
Atacama,3,Chañaral,3201,1,2020-01-28
Atacama,3,Chañaral,3201,1,2020-02-10
Atacama,3,Chañaral,3201,1,2020-02-13
Atacama,3,Chañaral,3201,1,2020-03-03
Atacama,3,Chañaral,3201,1,2020-03-30
Atacama,3,Chañaral,3201,1,2020-03-31
Atacama,3,Chañaral,3201,1,2020-04-06
Atacama,3,Chañaral,3201,1,2020-04-09
Atacama,3,Chañaral,3201,1,2020-04-10
Atacama,3,Chañaral,3201,1,2020-04-22
Atacama,3,Chañaral,3201,1,2020-04-27
Atacama,3,Chañaral,3201,1,2020-05-04
Atacama,3,Chañaral,3201,1,2020-05-06
Atacama,3,Chañaral,3201,1,2020-05-13
Atacama,3,Chañaral,3201,1,2020-05-18
Atacama,3,Chañaral,3201,1,2020-05-25
Atacama,3,Chañaral,3201,1,2020-06-01
Atacama,3,Chañaral,3201,1,2020-06-02
Atacama,3,Chañaral,3201,1,2020-06-09
Atacama,3,Chañaral,3201,1,2020-06-15
Atacama,3,Chañaral,3201,1,2020-06-30
Atacama,3,Chañaral,3201,1,2020-07-13
Atacama,3,Chañaral,3201,2,2020-07-20
Atacama,3,Chañaral,3201,2,2020-07-31
Atacama,3,Chañaral,3201,1,2020-08-03
Atacama,3,Chañaral,3201,1,2020-08-11
Atacama,3,Chañaral,3201,1,2020-08-12
Atacama,3,Chañaral,3201,1,2020-08-27
Atacama,3,Chañaral,3201,1,2020-09-17
Atacama,3,Chañaral,3201,1,2020-10-11
Atacama,3,Chañaral,3201,1,2020-10-13
Atacama,3,Chañaral,3201,1,2020-10-16
Atacama,3,Chañaral,3201,1,2020-10-19
Atacama,3,Chañaral,3201,1,2020-10-20
Atacama,3,Chañaral,3201,1,2020-10-27
Atacama,3,Chañaral,3201,2,2020-10-29
Atacama,3,Chañaral,3201,1,2020-10-30
Atacama,3,Chañaral,3201,1,2020-11-16
Atacama,3,Chañaral,3201,1,2020-11-17
Atacama,3,Chañaral,3201,1,2020-11-19
Atacama,3,Chañaral,3201,1,2020-12-04
Atacama,3,Chañaral,3201,1,2020-12-15
Atacama,3,Chañaral,3201,1,2020-12-23
Atacama,3,Chañaral,3201,1,2020-12-24
Atacama,3,Chañaral,3201,1,2021-01-06
Atacama,3,Diego de Almagro,3202,1,2020-01-06
Atacama,3,Diego de Almagro,3202,2,2020-01-08
Atacama,3,Diego de Almagro,3202,1,2020-01-13
Atacama,3,Diego de Almagro,3202,1,2020-02-03
Atacama,3,Diego de Almagro,3202,2,2020-02-17
Atacama,3,Diego de Almagro,3202,1,2020-03-18
Atacama,3,Diego de Almagro,3202,1,2020-04-15
Atacama,3,Diego de Almagro,3202,1,2020-04-17
Atacama,3,Diego de Almagro,3202,1,2020-04-24
Atacama,3,Diego de Almagro,3202,1,2020-05-04
Atacama,3,Diego de Almagro,3202,1,2020-05-05
Atacama,3,Diego de Almagro,3202,1,2020-05-18
Atacama,3,Diego de Almagro,3202,1,2020-05-27
Atacama,3,Diego de Almagro,3202,2,2020-06-01
Atacama,3,Diego de Almagro,3202,1,2020-06-08
Atacama,3,Diego de Almagro,3202,1,2020-06-09
Atacama,3,Diego de Almagro,3202,2,2020-06-25
Atacama,3,Diego de Almagro,3202,1,2020-07-22
Atacama,3,Diego de Almagro,3202,1,2020-08-12
Atacama,3,Diego de Almagro,3202,1,2020-08-13
Atacama,3,Diego de Almagro,3202,1,2020-08-14
Atacama,3,Diego de Almagro,3202,1,2020-08-17
Atacama,3,Diego de Almagro,3202,1,2020-08-20
Atacama,3,Diego de Almagro,3202,1,2020-08-24
Atacama,3,Diego de Almagro,3202,1,2020-09-10
Atacama,3,Diego de Almagro,3202,1,2020-09-23
Atacama,3,Diego de Almagro,3202,1,2020-11-02
Atacama,3,Diego de Almagro,3202,1,2020-11-06
Atacama,3,Diego de Almagro,3202,1,2020-12-07
Atacama,3,Diego de Almagro,3202,1,2020-12-11
Atacama,3,Diego de Almagro,3202,1,2020-12-21
Atacama,3,Diego de Almagro,3202,1,2021-01-13
Atacama,3,Diego de Almagro,3202,1,2021-01-14
Atacama,3,Vallenar,3301,1,2020-01-02
Atacama,3,Vallenar,3301,1,2020-01-03
Atacama,3,Vallenar,3301,6,2020-01-06
Atacama,3,Vallenar,3301,2,2020-01-07
Atacama,3,Vallenar,3301,1,2020-01-09
Atacama,3,Vallenar,3301,1,2020-01-10
Atacama,3,Vallenar,3301,3,2020-01-14
Atacama,3,Vallenar,3301,2,2020-01-15
Atacama,3,Vallenar,3301,2,2020-01-20
Atacama,3,Vallenar,3301,1,2020-01-21
Atacama,3,Vallenar,3301,1,2020-01-22
Atacama,3,Vallenar,3301,1,2020-01-24
Atacama,3,Vallenar,3301,1,2020-01-27
Atacama,3,Vallenar,3301,1,2020-01-28
Atacama,3,Vallenar,3301,1,2020-01-29
Atacama,3,Vallenar,3301,1,2020-01-30
Atacama,3,Vallenar,3301,1,2020-02-05
Atacama,3,Vallenar,3301,1,2020-02-06
Atacama,3,Vallenar,3301,1,2020-02-07
Atacama,3,Vallenar,3301,3,2020-02-10
Atacama,3,Vallenar,3301,1,2020-02-11
Atacama,3,Vallenar,3301,2,2020-02-12
Atacama,3,Vallenar,3301,2,2020-02-13
Atacama,3,Vallenar,3301,1,2020-02-19
Atacama,3,Vallenar,3301,1,2020-02-20
Atacama,3,Vallenar,3301,1,2020-02-21
Atacama,3,Vallenar,3301,2,2020-02-24
Atacama,3,Vallenar,3301,2,2020-03-02
Atacama,3,Vallenar,3301,2,2020-03-03
Atacama,3,Vallenar,3301,6,2020-03-09
Atacama,3,Vallenar,3301,2,2020-03-11
Atacama,3,Vallenar,3301,1,2020-03-13
Atacama,3,Vallenar,3301,2,2020-03-16
Atacama,3,Vallenar,3301,2,2020-03-17
Atacama,3,Vallenar,3301,1,2020-03-18
Atacama,3,Vallenar,3301,1,2020-03-19
Atacama,3,Vallenar,3301,3,2020-03-20
Atacama,3,Vallenar,3301,3,2020-03-23
Atacama,3,Vallenar,3301,2,2020-03-24
Atacama,3,Vallenar,3301,1,2020-03-25
Atacama,3,Vallenar,3301,1,2020-03-27
Atacama,3,Vallenar,3301,3,2020-03-31
Atacama,3,Vallenar,3301,2,2020-04-01
Atacama,3,Vallenar,3301,6,2020-04-06
Atacama,3,Vallenar,3301,1,2020-04-07
Atacama,3,Vallenar,3301,1,2020-04-08
Atacama,3,Vallenar,3301,3,2020-04-13
Atacama,3,Vallenar,3301,1,2020-04-15
Atacama,3,Vallenar,3301,1,2020-04-16
Atacama,3,Vallenar,3301,1,2020-04-17
Atacama,3,Vallenar,3301,3,2020-04-20
Atacama,3,Vallenar,3301,2,2020-04-21
Atacama,3,Vallenar,3301,2,2020-04-22
Atacama,3,Vallenar,3301,1,2020-04-23
Atacama,3,Vallenar,3301,1,2020-04-24
Atacama,3,Vallenar,3301,3,2020-04-27
Atacama,3,Vallenar,3301,1,2020-04-28
Atacama,3,Vallenar,3301,1,2020-04-29
Atacama,3,Vallenar,3301,3,2020-04-30
Atacama,3,Vallenar,3301,1,2020-05-02
Atacama,3,Vallenar,3301,2,2020-05-04
Atacama,3,Vallenar,3301,5,2020-05-05
Atacama,3,Vallenar,3301,1,2020-05-06
Atacama,3,Vallenar,3301,1,2020-05-07
Atacama,3,Vallenar,3301,6,2020-05-11
Atacama,3,Vallenar,3301,1,2020-05-12
Atacama,3,Vallenar,3301,3,2020-05-13
Atacama,3,Vallenar,3301,2,2020-05-14
Atacama,3,Vallenar,3301,1,2020-05-15
Atacama,3,Vallenar,3301,2,2020-05-18
Atacama,3,Vallenar,3301,1,2020-05-19
Atacama,3,Vallenar,3301,3,2020-05-25
Atacama,3,Vallenar,3301,5,2020-06-01
Atacama,3,Vallenar,3301,5,2020-06-02
Atacama,3,Vallenar,3301,2,2020-06-04
Atacama,3,Vallenar,3301,2,2020-06-05
Atacama,3,Vallenar,3301,4,2020-06-08
Atacama,3,Vallenar,3301,1,2020-06-09
Atacama,3,Vallenar,3301,1,2020-06-10
Atacama,3,Vallenar,3301,1,2020-06-11
Atacama,3,Vallenar,3301,2,2020-06-12
Atacama,3,Vallenar,3301,3,2020-06-15
Atacama,3,Vallenar,3301,2,2020-06-16
Atacama,3,Vallenar,3301,1,2020-06-17
Atacama,3,Vallenar,3301,1,2020-06-19
Atacama,3,Vallenar,3301,4,2020-06-22
Atacama,3,Vallenar,3301,1,2020-06-23
Atacama,3,Vallenar,3301,1,2020-06-24
Atacama,3,Vallenar,3301,1,2020-06-25
Atacama,3,Vallenar,3301,3,2020-06-26
Atacama,3,Vallenar,3301,2,2020-06-30
Atacama,3,Vallenar,3301,2,2020-07-02
Atacama,3,Vallenar,3301,2,2020-07-03
Atacama,3,Vallenar,3301,3,2020-07-06
Atacama,3,Vallenar,3301,2,2020-07-07
Atacama,3,Vallenar,3301,1,2020-07-10
Atacama,3,Vallenar,3301,3,2020-07-13
Atacama,3,Vallenar,3301,1,2020-07-14
Atacama,3,Vallenar,3301,3,2020-07-15
Atacama,3,Vallenar,3301,1,2020-07-20
Atacama,3,Vallenar,3301,1,2020-07-21
Atacama,3,Vallenar,3301,2,2020-07-22
Atacama,3,Vallenar,3301,1,2020-07-23
Atacama,3,Vallenar,3301,1,2020-07-24
Atacama,3,Vallenar,3301,2,2020-07-27
Atacama,3,Vallenar,3301,3,2020-07-28
Atacama,3,Vallenar,3301,1,2020-07-31
Atacama,3,Vallenar,3301,2,2020-08-03
Atacama,3,Vallenar,3301,2,2020-08-05
Atacama,3,Vallenar,3301,1,2020-08-06
Atacama,3,Vallenar,3301,1,2020-08-07
Atacama,3,Vallenar,3301,2,2020-08-10
Atacama,3,Vallenar,3301,1,2020-08-11
Atacama,3,Vallenar,3301,6,2020-08-12
Atacama,3,Vallenar,3301,1,2020-08-13
Atacama,3,Vallenar,3301,1,2020-08-14
Atacama,3,Vallenar,3301,8,2020-08-17
Atacama,3,Vallenar,3301,4,2020-08-18
Atacama,3,Vallenar,3301,2,2020-08-19
Atacama,3,Vallenar,3301,1,2020-08-20
Atacama,3,Vallenar,3301,1,2020-08-21
Atacama,3,Vallenar,3301,6,2020-08-24
Atacama,3,Vallenar,3301,1,2020-08-25
Atacama,3,Vallenar,3301,2,2020-08-27
Atacama,3,Vallenar,3301,2,2020-08-28
Atacama,3,Vallenar,3301,4,2020-08-31
Atacama,3,Vallenar,3301,1,2020-09-01
Atacama,3,Vallenar,3301,2,2020-09-04
Atacama,3,Vallenar,3301,4,2020-09-07
Atacama,3,Vallenar,3301,3,2020-09-08
Atacama,3,Vallenar,3301,2,2020-09-11
Atacama,3,Vallenar,3301,3,2020-09-14
Atacama,3,Vallenar,3301,1,2020-09-16
Atacama,3,Vallenar,3301,2,2020-09-17
Atacama,3,Vallenar,3301,2,2020-09-21
Atacama,3,Vallenar,3301,1,2020-09-24
Atacama,3,Vallenar,3301,1,2020-09-25
Atacama,3,Vallenar,3301,2,2020-09-28
Atacama,3,Vallenar,3301,1,2020-09-30
Atacama,3,Vallenar,3301,2,2020-10-01
Atacama,3,Vallenar,3301,1,2020-10-02
Atacama,3,Vallenar,3301,5,2020-10-05
Atacama,3,Vallenar,3301,3,2020-10-06
Atacama,3,Vallenar,3301,1,2020-10-07
Atacama,3,Vallenar,3301,2,2020-10-08
Atacama,3,Vallenar,3301,4,2020-10-09
Atacama,3,Vallenar,3301,2,2020-10-13
Atacama,3,Vallenar,3301,2,2020-10-14
Atacama,3,Vallenar,3301,3,2020-10-15
Atacama,3,Vallenar,3301,2,2020-10-16
Atacama,3,Vallenar,3301,5,2020-10-19
Atacama,3,Vallenar,3301,3,2020-10-20
Atacama,3,Vallenar,3301,1,2020-10-21
Atacama,3,Vallenar,3301,2,2020-10-22
Atacama,3,Vallenar,3301,2,2020-10-23
Atacama,3,Vallenar,3301,2,2020-10-26
Atacama,3,Vallenar,3301,2,2020-10-27
Atacama,3,Vallenar,3301,1,2020-10-28
Atacama,3,Vallenar,3301,1,2020-10-29
Atacama,3,Vallenar,3301,4,2020-10-30
Atacama,3,Vallenar,3301,4,2020-11-02
Atacama,3,Vallenar,3301,2,2020-11-03
Atacama,3,Vallenar,3301,2,2020-11-04
Atacama,3,Vallenar,3301,2,2020-11-05
Atacama,3,Vallenar,3301,1,2020-11-06
Atacama,3,Vallenar,3301,1,2020-11-09
Atacama,3,Vallenar,3301,1,2020-11-10
Atacama,3,Vallenar,3301,3,2020-11-11
Atacama,3,Vallenar,3301,2,2020-11-17
Atacama,3,Vallenar,3301,1,2020-11-24
Atacama,3,Vallenar,3301,2,2020-11-25
Atacama,3,Vallenar,3301,1,2020-11-27
Atacama,3,Vallenar,3301,1,2020-12-02
Atacama,3,Vallenar,3301,4,2020-12-07
Atacama,3,Vallenar,3301,3,2020-12-09
Atacama,3,Vallenar,3301,1,2020-12-10
Atacama,3,Vallenar,3301,1,2020-12-11
Atacama,3,Vallenar,3301,2,2020-12-14
Atacama,3,Vallenar,3301,2,2020-12-15
Atacama,3,Vallenar,3301,3,2020-12-16
Atacama,3,Vallenar,3301,2,2020-12-17
Atacama,3,Vallenar,3301,2,2020-12-18
Atacama,3,Vallenar,3301,3,2020-12-23
Atacama,3,Vallenar,3301,3,2020-12-24
Atacama,3,Vallenar,3301,1,2020-12-31
Atacama,3,Vallenar,3301,3,2021-01-04
Atacama,3,Vallenar,3301,1,2021-01-05
Atacama,3,Vallenar,3301,4,2021-01-11
Atacama,3,Vallenar,3301,4,2021-01-12
Atacama,3,Vallenar,3301,2,2021-01-14
Atacama,3,Alto del Carmen,3302,1,2020-01-20
Atacama,3,Alto del Carmen,3302,1,2020-02-13
Atacama,3,Alto del Carmen,3302,1,2020-03-09
Atacama,3,Alto del Carmen,3302,1,2020-03-19
Atacama,3,Alto del Carmen,3302,1,2020-03-31
Atacama,3,Alto del Carmen,3302,1,2020-04-16
Atacama,3,Alto del Carmen,3302,2,2020-05-05
Atacama,3,Alto del Carmen,3302,1,2020-05-14
Atacama,3,Alto del Carmen,3302,1,2020-05-20
Atacama,3,Alto del Carmen,3302,1,2020-05-28
Atacama,3,Alto del Carmen,3302,1,2020-07-15
Atacama,3,Alto del Carmen,3302,1,2020-07-21
Atacama,3,Alto del Carmen,3302,1,2020-09-17
Atacama,3,Alto del Carmen,3302,1,2020-09-22
Atacama,3,Alto del Carmen,3302,1,2020-10-06
Atacama,3,Alto del Carmen,3302,1,2020-10-08
Atacama,3,Alto del Carmen,3302,1,2020-11-04
Atacama,3,Alto del Carmen,3302,1,2020-11-09
Atacama,3,Alto del Carmen,3302,1,2020-11-19
Atacama,3,Alto del Carmen,3302,1,2020-12-03
Atacama,3,Alto del Carmen,3302,1,2021-01-05
Atacama,3,Alto del Carmen,3302,1,2021-01-11
Atacama,3,Freirina,3303,1,2020-01-06
Atacama,3,Freirina,3303,1,2020-01-22
Atacama,3,Freirina,3303,1,2020-01-27
Atacama,3,Freirina,3303,1,2020-02-04
Atacama,3,Freirina,3303,1,2020-02-10
Atacama,3,Freirina,3303,1,2020-02-21
Atacama,3,Freirina,3303,1,2020-03-09
Atacama,3,Freirina,3303,1,2020-03-25
Atacama,3,Freirina,3303,1,2020-03-30
Atacama,3,Freirina,3303,1,2020-04-06
Atacama,3,Freirina,3303,1,2020-04-15
Atacama,3,Freirina,3303,1,2020-05-15
Atacama,3,Freirina,3303,1,2020-05-28
Atacama,3,Freirina,3303,1,2020-06-01
Atacama,3,Freirina,3303,1,2020-06-19
Atacama,3,Freirina,3303,1,2020-06-22
Atacama,3,Freirina,3303,1,2020-06-26
Atacama,3,Freirina,3303,1,2020-06-28
Atacama,3,Freirina,3303,1,2020-07-09
Atacama,3,Freirina,3303,1,2020-08-07
Atacama,3,Freirina,3303,2,2020-08-17
Atacama,3,Freirina,3303,1,2020-08-25
Atacama,3,Freirina,3303,2,2020-08-28
Atacama,3,Freirina,3303,1,2020-09-17
Atacama,3,Freirina,3303,1,2020-09-21
Atacama,3,Freirina,3303,1,2020-10-13
Atacama,3,Freirina,3303,1,2020-10-19
Atacama,3,Freirina,3303,1,2020-11-04
Atacama,3,Freirina,3303,1,2020-11-06
Atacama,3,Freirina,3303,1,2020-11-23
Atacama,3,Freirina,3303,1,2020-11-24
Atacama,3,Freirina,3303,1,2020-12-07
Atacama,3,Freirina,3303,1,2020-12-21
Atacama,3,Freirina,3303,1,2020-12-24
Atacama,3,Freirina,3303,1,2020-12-31
Atacama,3,Huasco,3304,1,2020-01-06
Atacama,3,Huasco,3304,1,2020-01-07
Atacama,3,Huasco,3304,1,2020-01-21
Atacama,3,Huasco,3304,1,2020-01-22
Atacama,3,Huasco,3304,1,2020-01-23
Atacama,3,Huasco,3304,1,2020-02-03
Atacama,3,Huasco,3304,1,2020-04-07
Atacama,3,Huasco,3304,1,2020-05-04
Atacama,3,Huasco,3304,1,2020-05-12
Atacama,3,Huasco,3304,1,2020-05-15
Atacama,3,Huasco,3304,1,2020-05-18
Atacama,3,Huasco,3304,1,2020-06-15
Atacama,3,Huasco,3304,1,2020-06-24
Atacama,3,Huasco,3304,2,2020-07-06
Atacama,3,Huasco,3304,1,2020-07-14
Atacama,3,Huasco,3304,1,2020-07-17
Atacama,3,Huasco,3304,1,2020-08-05
Atacama,3,Huasco,3304,1,2020-08-06
Atacama,3,Huasco,3304,2,2020-09-01
Atacama,3,Huasco,3304,1,2020-09-14
Atacama,3,Huasco,3304,1,2020-09-17
Atacama,3,Huasco,3304,1,2020-09-19
Atacama,3,Huasco,3304,1,2020-09-28
Atacama,3,Huasco,3304,1,2020-09-30
Atacama,3,Huasco,3304,1,2020-10-26
Atacama,3,Huasco,3304,1,2020-11-02
Atacama,3,Huasco,3304,1,2020-11-09
Atacama,3,Huasco,3304,1,2020-11-17
Atacama,3,Huasco,3304,1,2020-11-19
Atacama,3,Huasco,3304,1,2020-11-23
Atacama,3,Huasco,3304,1,2020-12-07
Atacama,3,Huasco,3304,3,2020-12-28
Atacama,3,Huasco,3304,1,2020-12-30
Atacama,3,Huasco,3304,2,2021-01-11
Coquimbo,4,La Serena,4101,4,2020-01-02
Coquimbo,4,La Serena,4101,1,2020-01-03
Coquimbo,4,La Serena,4101,11,2020-01-06
Coquimbo,4,La Serena,4101,5,2020-01-07
Coquimbo,4,La Serena,4101,3,2020-01-08
Coquimbo,4,La Serena,4101,3,2020-01-09
Coquimbo,4,La Serena,4101,5,2020-01-10
Coquimbo,4,La Serena,4101,11,2020-01-13
Coquimbo,4,La Serena,4101,7,2020-01-14
Coquimbo,4,La Serena,4101,3,2020-01-15
Coquimbo,4,La Serena,4101,3,2020-01-16
Coquimbo,4,La Serena,4101,4,2020-01-17
Coquimbo,4,La Serena,4101,9,2020-01-20
Coquimbo,4,La Serena,4101,7,2020-01-21
Coquimbo,4,La Serena,4101,2,2020-01-22
Coquimbo,4,La Serena,4101,3,2020-01-23
Coquimbo,4,La Serena,4101,3,2020-01-24
Coquimbo,4,La Serena,4101,12,2020-01-27
Coquimbo,4,La Serena,4101,6,2020-01-28
Coquimbo,4,La Serena,4101,2,2020-01-29
Coquimbo,4,La Serena,4101,4,2020-01-30
Coquimbo,4,La Serena,4101,2,2020-01-31
Coquimbo,4,La Serena,4101,10,2020-02-03
Coquimbo,4,La Serena,4101,3,2020-02-04
Coquimbo,4,La Serena,4101,6,2020-02-05
Coquimbo,4,La Serena,4101,2,2020-02-06
Coquimbo,4,La Serena,4101,5,2020-02-07
Coquimbo,4,La Serena,4101,8,2020-02-10
Coquimbo,4,La Serena,4101,5,2020-02-11
Coquimbo,4,La Serena,4101,1,2020-02-12
Coquimbo,4,La Serena,4101,6,2020-02-13
Coquimbo,4,La Serena,4101,3,2020-02-14
Coquimbo,4,La Serena,4101,6,2020-02-17
Coquimbo,4,La Serena,4101,3,2020-02-18
Coquimbo,4,La Serena,4101,1,2020-02-19
Coquimbo,4,La Serena,4101,6,2020-02-20
Coquimbo,4,La Serena,4101,7,2020-02-21
Coquimbo,4,La Serena,4101,7,2020-02-24
Coquimbo,4,La Serena,4101,5,2020-02-25
Coquimbo,4,La Serena,4101,4,2020-02-26
Coquimbo,4,La Serena,4101,5,2020-02-27
Coquimbo,4,La Serena,4101,3,2020-02-28
Coquimbo,4,La Serena,4101,10,2020-03-02
Coquimbo,4,La Serena,4101,3,2020-03-03
Coquimbo,4,La Serena,4101,4,2020-03-04
Coquimbo,4,La Serena,4101,5,2020-03-06
Coquimbo,4,La Serena,4101,3,2020-03-09
Coquimbo,4,La Serena,4101,3,2020-03-10
Coquimbo,4,La Serena,4101,1,2020-03-11
Coquimbo,4,La Serena,4101,3,2020-03-12
Coquimbo,4,La Serena,4101,3,2020-03-13
Coquimbo,4,La Serena,4101,4,2020-03-16
Coquimbo,4,La Serena,4101,3,2020-03-17
Coquimbo,4,La Serena,4101,3,2020-03-18
Coquimbo,4,La Serena,4101,5,2020-03-19
Coquimbo,4,La Serena,4101,5,2020-03-20
Coquimbo,4,La Serena,4101,5,2020-03-23
Coquimbo,4,La Serena,4101,2,2020-03-24
Coquimbo,4,La Serena,4101,6,2020-03-25
Coquimbo,4,La Serena,4101,3,2020-03-26
Coquimbo,4,La Serena,4101,2,2020-03-27
Coquimbo,4,La Serena,4101,10,2020-03-30
Coquimbo,4,La Serena,4101,1,2020-03-31
Coquimbo,4,La Serena,4101,2,2020-04-01
Coquimbo,4,La Serena,4101,5,2020-04-02
Coquimbo,4,La Serena,4101,6,2020-04-03
Coquimbo,4,La Serena,4101,12,2020-04-06
Coquimbo,4,La Serena,4101,2,2020-04-07
Coquimbo,4,La Serena,4101,3,2020-04-08
Coquimbo,4,La Serena,4101,3,2020-04-09
Coquimbo,4,La Serena,4101,2,2020-04-10
Coquimbo,4,La Serena,4101,2,2020-04-11
Coquimbo,4,La Serena,4101,7,2020-04-13
Coquimbo,4,La Serena,4101,7,2020-04-14
Coquimbo,4,La Serena,4101,5,2020-04-15
Coquimbo,4,La Serena,4101,3,2020-04-16
Coquimbo,4,La Serena,4101,6,2020-04-17
Coquimbo,4,La Serena,4101,3,2020-04-19
Coquimbo,4,La Serena,4101,1,2020-04-20
Coquimbo,4,La Serena,4101,2,2020-04-21
Coquimbo,4,La Serena,4101,3,2020-04-22
Coquimbo,4,La Serena,4101,2,2020-04-23
Coquimbo,4,La Serena,4101,1,2020-04-24
Coquimbo,4,La Serena,4101,1,2020-04-25
Coquimbo,4,La Serena,4101,1,2020-04-26
Coquimbo,4,La Serena,4101,11,2020-04-27
Coquimbo,4,La Serena,4101,7,2020-04-28
Coquimbo,4,La Serena,4101,4,2020-04-29
Coquimbo,4,La Serena,4101,4,2020-04-30
Coquimbo,4,La Serena,4101,8,2020-05-04
Coquimbo,4,La Serena,4101,3,2020-05-05
Coquimbo,4,La Serena,4101,2,2020-05-06
Coquimbo,4,La Serena,4101,5,2020-05-07
Coquimbo,4,La Serena,4101,3,2020-05-08
Coquimbo,4,La Serena,4101,1,2020-05-09
Coquimbo,4,La Serena,4101,4,2020-05-11
Coquimbo,4,La Serena,4101,7,2020-05-12
Coquimbo,4,La Serena,4101,2,2020-05-13
Coquimbo,4,La Serena,4101,4,2020-05-14
Coquimbo,4,La Serena,4101,6,2020-05-15
Coquimbo,4,La Serena,4101,9,2020-05-18
Coquimbo,4,La Serena,4101,4,2020-05-19
Coquimbo,4,La Serena,4101,6,2020-05-20
Coquimbo,4,La Serena,4101,5,2020-05-22
Coquimbo,4,La Serena,4101,3,2020-05-25
Coquimbo,4,La Serena,4101,6,2020-05-26
Coquimbo,4,La Serena,4101,7,2020-05-27
Coquimbo,4,La Serena,4101,7,2020-05-28
Coquimbo,4,La Serena,4101,6,2020-05-29
Coquimbo,4,La Serena,4101,4,2020-06-01
Coquimbo,4,La Serena,4101,3,2020-06-02
Coquimbo,4,La Serena,4101,2,2020-06-03
Coquimbo,4,La Serena,4101,6,2020-06-04
Coquimbo,4,La Serena,4101,6,2020-06-05
Coquimbo,4,La Serena,4101,14,2020-06-08
Coquimbo,4,La Serena,4101,6,2020-06-09
Coquimbo,4,La Serena,4101,7,2020-06-10
Coquimbo,4,La Serena,4101,3,2020-06-11
Coquimbo,4,La Serena,4101,6,2020-06-12
Coquimbo,4,La Serena,4101,8,2020-06-15
Coquimbo,4,La Serena,4101,1,2020-06-16
Coquimbo,4,La Serena,4101,4,2020-06-17
Coquimbo,4,La Serena,4101,1,2020-06-18
Coquimbo,4,La Serena,4101,6,2020-06-19
Coquimbo,4,La Serena,4101,9,2020-06-22
Coquimbo,4,La Serena,4101,5,2020-06-23
Coquimbo,4,La Serena,4101,4,2020-06-24
Coquimbo,4,La Serena,4101,4,2020-06-25
Coquimbo,4,La Serena,4101,2,2020-06-26
Coquimbo,4,La Serena,4101,2,2020-06-27
Coquimbo,4,La Serena,4101,1,2020-06-28
Coquimbo,4,La Serena,4101,1,2020-06-29
Coquimbo,4,La Serena,4101,10,2020-06-30
Coquimbo,4,La Serena,4101,6,2020-07-01
Coquimbo,4,La Serena,4101,4,2020-07-02
Coquimbo,4,La Serena,4101,1,2020-07-03
Coquimbo,4,La Serena,4101,13,2020-07-06
Coquimbo,4,La Serena,4101,3,2020-07-07
Coquimbo,4,La Serena,4101,5,2020-07-08
Coquimbo,4,La Serena,4101,8,2020-07-09
Coquimbo,4,La Serena,4101,4,2020-07-10
Coquimbo,4,La Serena,4101,14,2020-07-13
Coquimbo,4,La Serena,4101,1,2020-07-14
Coquimbo,4,La Serena,4101,3,2020-07-15
Coquimbo,4,La Serena,4101,9,2020-07-17
Coquimbo,4,La Serena,4101,1,2020-07-18
Coquimbo,4,La Serena,4101,11,2020-07-20
Coquimbo,4,La Serena,4101,6,2020-07-21
Coquimbo,4,La Serena,4101,4,2020-07-22
Coquimbo,4,La Serena,4101,3,2020-07-23
Coquimbo,4,La Serena,4101,6,2020-07-24
Coquimbo,4,La Serena,4101,1,2020-07-25
Coquimbo,4,La Serena,4101,14,2020-07-27
Coquimbo,4,La Serena,4101,5,2020-07-28
Coquimbo,4,La Serena,4101,7,2020-07-29
Coquimbo,4,La Serena,4101,3,2020-07-30
Coquimbo,4,La Serena,4101,1,2020-07-31
Coquimbo,4,La Serena,4101,11,2020-08-03
Coquimbo,4,La Serena,4101,6,2020-08-04
Coquimbo,4,La Serena,4101,3,2020-08-05
Coquimbo,4,La Serena,4101,8,2020-08-07
Coquimbo,4,La Serena,4101,1,2020-08-08
Coquimbo,4,La Serena,4101,1,2020-08-09
Coquimbo,4,La Serena,4101,7,2020-08-10
Coquimbo,4,La Serena,4101,3,2020-08-11
Coquimbo,4,La Serena,4101,1,2020-08-12
Coquimbo,4,La Serena,4101,7,2020-08-13
Coquimbo,4,La Serena,4101,5,2020-08-14
Coquimbo,4,La Serena,4101,6,2020-08-15
Coquimbo,4,La Serena,4101,8,2020-08-17
Coquimbo,4,La Serena,4101,6,2020-08-18
Coquimbo,4,La Serena,4101,6,2020-08-19
Coquimbo,4,La Serena,4101,7,2020-08-20
Coquimbo,4,La Serena,4101,8,2020-08-21
Coquimbo,4,La Serena,4101,14,2020-08-24
Coquimbo,4,La Serena,4101,4,2020-08-25
Coquimbo,4,La Serena,4101,3,2020-08-26
Coquimbo,4,La Serena,4101,9,2020-08-27
Coquimbo,4,La Serena,4101,6,2020-08-28
Coquimbo,4,La Serena,4101,3,2020-08-29
Coquimbo,4,La Serena,4101,7,2020-08-31
Coquimbo,4,La Serena,4101,9,2020-09-01
Coquimbo,4,La Serena,4101,2,2020-09-02
Coquimbo,4,La Serena,4101,5,2020-09-03
Coquimbo,4,La Serena,4101,4,2020-09-04
Coquimbo,4,La Serena,4101,1,2020-09-05
Coquimbo,4,La Serena,4101,7,2020-09-07
Coquimbo,4,La Serena,4101,5,2020-09-08
Coquimbo,4,La Serena,4101,5,2020-09-09
Coquimbo,4,La Serena,4101,3,2020-09-10
Coquimbo,4,La Serena,4101,4,2020-09-11
Coquimbo,4,La Serena,4101,11,2020-09-14
Coquimbo,4,La Serena,4101,2,2020-09-15
Coquimbo,4,La Serena,4101,3,2020-09-16
Coquimbo,4,La Serena,4101,5,2020-09-17
Coquimbo,4,La Serena,4101,3,2020-09-18
Coquimbo,4,La Serena,4101,3,2020-09-19
Coquimbo,4,La Serena,4101,12,2020-09-21
Coquimbo,4,La Serena,4101,6,2020-09-22
Coquimbo,4,La Serena,4101,4,2020-09-23
Coquimbo,4,La Serena,4101,3,2020-09-24
Coquimbo,4,La Serena,4101,4,2020-09-25
Coquimbo,4,La Serena,4101,1,2020-09-26
Coquimbo,4,La Serena,4101,11,2020-09-28
Coquimbo,4,La Serena,4101,5,2020-09-29
Coquimbo,4,La Serena,4101,5,2020-09-30
Coquimbo,4,La Serena,4101,3,2020-10-01
Coquimbo,4,La Serena,4101,6,2020-10-02
Coquimbo,4,La Serena,4101,1,2020-10-03
Coquimbo,4,La Serena,4101,3,2020-10-05
Coquimbo,4,La Serena,4101,3,2020-10-06
Coquimbo,4,La Serena,4101,3,2020-10-07
Coquimbo,4,La Serena,4101,4,2020-10-08
Coquimbo,4,La Serena,4101,4,2020-10-09
Coquimbo,4,La Serena,4101,1,2020-10-11
Coquimbo,4,La Serena,4101,8,2020-10-13
Coquimbo,4,La Serena,4101,4,2020-10-14
Coquimbo,4,La Serena,4101,5,2020-10-15
Coquimbo,4,La Serena,4101,6,2020-10-16
Coquimbo,4,La Serena,4101,2,2020-10-17
Coquimbo,4,La Serena,4101,8,2020-10-19
Coquimbo,4,La Serena,4101,3,2020-10-20
Coquimbo,4,La Serena,4101,2,2020-10-21
Coquimbo,4,La Serena,4101,5,2020-10-22
Coquimbo,4,La Serena,4101,4,2020-10-23
Coquimbo,4,La Serena,4101,1,2020-10-25
Coquimbo,4,La Serena,4101,12,2020-10-26
Coquimbo,4,La Serena,4101,5,2020-10-27
Coquimbo,4,La Serena,4101,1,2020-10-28
Coquimbo,4,La Serena,4101,4,2020-10-30
Coquimbo,4,La Serena,4101,14,2020-11-02
Coquimbo,4,La Serena,4101,7,2020-11-03
Coquimbo,4,La Serena,4101,1,2020-11-04
Coquimbo,4,La Serena,4101,6,2020-11-05
Coquimbo,4,La Serena,4101,4,2020-11-06
Coquimbo,4,La Serena,4101,8,2020-11-09
Coquimbo,4,La Serena,4101,7,2020-11-10
Coquimbo,4,La Serena,4101,4,2020-11-11
Coquimbo,4,La Serena,4101,4,2020-11-12
Coquimbo,4,La Serena,4101,3,2020-11-13
Coquimbo,4,La Serena,4101,3,2020-11-16
Coquimbo,4,La Serena,4101,4,2020-11-17
Coquimbo,4,La Serena,4101,1,2020-11-18
Coquimbo,4,La Serena,4101,4,2020-11-19
Coquimbo,4,La Serena,4101,3,2020-11-20
Coquimbo,4,La Serena,4101,9,2020-11-23
Coquimbo,4,La Serena,4101,2,2020-11-24
Coquimbo,4,La Serena,4101,4,2020-11-25
Coquimbo,4,La Serena,4101,5,2020-11-26
Coquimbo,4,La Serena,4101,4,2020-11-27
Coquimbo,4,La Serena,4101,1,2020-11-29
Coquimbo,4,La Serena,4101,9,2020-11-30
Coquimbo,4,La Serena,4101,3,2020-12-01
Coquimbo,4,La Serena,4101,2,2020-12-02
Coquimbo,4,La Serena,4101,8,2020-12-03
Coquimbo,4,La Serena,4101,2,2020-12-04
Coquimbo,4,La Serena,4101,12,2020-12-07
Coquimbo,4,La Serena,4101,7,2020-12-09
Coquimbo,4,La Serena,4101,7,2020-12-11
Coquimbo,4,La Serena,4101,5,2020-12-14
Coquimbo,4,La Serena,4101,6,2020-12-15
Coquimbo,4,La Serena,4101,5,2020-12-16
Coquimbo,4,La Serena,4101,4,2020-12-17
Coquimbo,4,La Serena,4101,3,2020-12-18
Coquimbo,4,La Serena,4101,10,2020-12-21
Coquimbo,4,La Serena,4101,2,2020-12-22
Coquimbo,4,La Serena,4101,5,2020-12-23
Coquimbo,4,La Serena,4101,1,2020-12-26
Coquimbo,4,La Serena,4101,17,2020-12-28
Coquimbo,4,La Serena,4101,5,2020-12-29
Coquimbo,4,La Serena,4101,5,2020-12-30
Coquimbo,4,La Serena,4101,1,2021-01-02
Coquimbo,4,La Serena,4101,21,2021-01-04
Coquimbo,4,La Serena,4101,4,2021-01-05
Coquimbo,4,La Serena,4101,6,2021-01-06
Coquimbo,4,La Serena,4101,5,2021-01-07
Coquimbo,4,La Serena,4101,5,2021-01-08
Coquimbo,4,La Serena,4101,10,2021-01-11
Coquimbo,4,La Serena,4101,2,2021-01-12
Coquimbo,4,La Serena,4101,3,2021-01-13
Coquimbo,4,La Serena,4101,4,2021-01-14
Coquimbo,4,Coquimbo,4102,6,2020-01-02
Coquimbo,4,Coquimbo,4102,8,2020-01-03
Coquimbo,4,Coquimbo,4102,11,2020-01-06
Coquimbo,4,Coquimbo,4102,10,2020-01-07
Coquimbo,4,Coquimbo,4102,6,2020-01-08
Coquimbo,4,Coquimbo,4102,2,2020-01-09
Coquimbo,4,Coquimbo,4102,6,2020-01-10
Coquimbo,4,Coquimbo,4102,13,2020-01-13
Coquimbo,4,Coquimbo,4102,3,2020-01-14
Coquimbo,4,Coquimbo,4102,9,2020-01-15
Coquimbo,4,Coquimbo,4102,4,2020-01-16
Coquimbo,4,Coquimbo,4102,5,2020-01-17
Coquimbo,4,Coquimbo,4102,7,2020-01-20
Coquimbo,4,Coquimbo,4102,4,2020-01-21
Coquimbo,4,Coquimbo,4102,4,2020-01-22
Coquimbo,4,Coquimbo,4102,7,2020-01-23
Coquimbo,4,Coquimbo,4102,2,2020-01-24
Coquimbo,4,Coquimbo,4102,1,2020-01-25
Coquimbo,4,Coquimbo,4102,15,2020-01-27
Coquimbo,4,Coquimbo,4102,5,2020-01-28
Coquimbo,4,Coquimbo,4102,5,2020-01-29
Coquimbo,4,Coquimbo,4102,6,2020-01-30
Coquimbo,4,Coquimbo,4102,4,2020-01-31
Coquimbo,4,Coquimbo,4102,10,2020-02-03
Coquimbo,4,Coquimbo,4102,3,2020-02-04
Coquimbo,4,Coquimbo,4102,5,2020-02-05
Coquimbo,4,Coquimbo,4102,4,2020-02-06
Coquimbo,4,Coquimbo,4102,5,2020-02-07
Coquimbo,4,Coquimbo,4102,8,2020-02-10
Coquimbo,4,Coquimbo,4102,2,2020-02-11
Coquimbo,4,Coquimbo,4102,5,2020-02-12
Coquimbo,4,Coquimbo,4102,2,2020-02-13
Coquimbo,4,Coquimbo,4102,4,2020-02-14
Coquimbo,4,Coquimbo,4102,13,2020-02-17
Coquimbo,4,Coquimbo,4102,4,2020-02-18
Coquimbo,4,Coquimbo,4102,2,2020-02-19
Coquimbo,4,Coquimbo,4102,3,2020-02-20
Coquimbo,4,Coquimbo,4102,3,2020-02-21
Coquimbo,4,Coquimbo,4102,10,2020-02-24
Coquimbo,4,Coquimbo,4102,1,2020-02-25
Coquimbo,4,Coquimbo,4102,2,2020-02-26
Coquimbo,4,Coquimbo,4102,7,2020-02-27
Coquimbo,4,Coquimbo,4102,5,2020-02-28
Coquimbo,4,Coquimbo,4102,7,2020-03-02
Coquimbo,4,Coquimbo,4102,4,2020-03-03
Coquimbo,4,Coquimbo,4102,5,2020-03-04
Coquimbo,4,Coquimbo,4102,6,2020-03-06
Coquimbo,4,Coquimbo,4102,17,2020-03-09
Coquimbo,4,Coquimbo,4102,5,2020-03-10
Coquimbo,4,Coquimbo,4102,2,2020-03-11
Coquimbo,4,Coquimbo,4102,5,2020-03-12
Coquimbo,4,Coquimbo,4102,4,2020-03-13
Coquimbo,4,Coquimbo,4102,12,2020-03-16
Coquimbo,4,Coquimbo,4102,4,2020-03-17
Coquimbo,4,Coquimbo,4102,3,2020-03-18
Coquimbo,4,Coquimbo,4102,9,2020-03-19
Coquimbo,4,Coquimbo,4102,2,2020-03-20
Coquimbo,4,Coquimbo,4102,14,2020-03-23
Coquimbo,4,Coquimbo,4102,3,2020-03-24
Coquimbo,4,Coquimbo,4102,4,2020-03-25
Coquimbo,4,Coquimbo,4102,4,2020-03-26
Coquimbo,4,Coquimbo,4102,6,2020-03-27
Coquimbo,4,Coquimbo,4102,11,2020-03-30
Coquimbo,4,Coquimbo,4102,6,2020-03-31
Coquimbo,4,Coquimbo,4102,4,2020-04-01
Coquimbo,4,Coquimbo,4102,4,2020-04-02
Coquimbo,4,Coquimbo,4102,6,2020-04-03
Coquimbo,4,Coquimbo,4102,10,2020-04-06
Coquimbo,4,Coquimbo,4102,4,2020-04-07
Coquimbo,4,Coquimbo,4102,1,2020-04-08
Coquimbo,4,Coquimbo,4102,5,2020-04-09
Coquimbo,4,Coquimbo,4102,9,2020-04-13
Coquimbo,4,Coquimbo,4102,5,2020-04-14
Coquimbo,4,Coquimbo,4102,2,2020-04-15
Coquimbo,4,Coquimbo,4102,5,2020-04-16
Coquimbo,4,Coquimbo,4102,3,2020-04-17
Coquimbo,4,Coquimbo,4102,2,2020-04-18
Coquimbo,4,Coquimbo,4102,4,2020-04-19
Coquimbo,4,Coquimbo,4102,3,2020-04-20
Coquimbo,4,Coquimbo,4102,4,2020-04-21
Coquimbo,4,Coquimbo,4102,6,2020-04-22
Coquimbo,4,Coquimbo,4102,1,2020-04-23
Coquimbo,4,Coquimbo,4102,5,2020-04-24
Coquimbo,4,Coquimbo,4102,3,2020-04-26
Coquimbo,4,Coquimbo,4102,7,2020-04-27
Coquimbo,4,Coquimbo,4102,4,2020-04-28
Coquimbo,4,Coquimbo,4102,8,2020-04-29
Coquimbo,4,Coquimbo,4102,1,2020-04-30
Coquimbo,4,Coquimbo,4102,5,2020-05-01
Coquimbo,4,Coquimbo,4102,5,2020-05-02
Coquimbo,4,Coquimbo,4102,3,2020-05-03
Coquimbo,4,Coquimbo,4102,6,2020-05-04
Coquimbo,4,Coquimbo,4102,3,2020-05-05
Coquimbo,4,Coquimbo,4102,1,2020-05-06
Coquimbo,4,Coquimbo,4102,6,2020-05-07
Coquimbo,4,Coquimbo,4102,3,2020-05-08
Coquimbo,4,Coquimbo,4102,4,2020-05-09
Coquimbo,4,Coquimbo,4102,2,2020-05-10
Coquimbo,4,Coquimbo,4102,6,2020-05-11
Coquimbo,4,Coquimbo,4102,5,2020-05-12
Coquimbo,4,Coquimbo,4102,3,2020-05-13
Coquimbo,4,Coquimbo,4102,4,2020-05-14
Coquimbo,4,Coquimbo,4102,4,2020-05-15
Coquimbo,4,Coquimbo,4102,14,2020-05-18
Coquimbo,4,Coquimbo,4102,1,2020-05-19
Coquimbo,4,Coquimbo,4102,8,2020-05-20
Coquimbo,4,Coquimbo,4102,10,2020-05-22
Coquimbo,4,Coquimbo,4102,2,2020-05-23
Coquimbo,4,Coquimbo,4102,5,2020-05-24
Coquimbo,4,Coquimbo,4102,7,2020-05-25
Coquimbo,4,Coquimbo,4102,2,2020-05-26
Coquimbo,4,Coquimbo,4102,8,2020-05-27
Coquimbo,4,Coquimbo,4102,1,2020-05-28
Coquimbo,4,Coquimbo,4102,2,2020-05-29
Coquimbo,4,Coquimbo,4102,2,2020-05-30
Coquimbo,4,Coquimbo,4102,1,2020-05-31
Coquimbo,4,Coquimbo,4102,6,2020-06-01
Coquimbo,4,Coquimbo,4102,8,2020-06-02
Coquimbo,4,Coquimbo,4102,4,2020-06-03
Coquimbo,4,Coquimbo,4102,5,2020-06-04
Coquimbo,4,Coquimbo,4102,9,2020-06-05
Coquimbo,4,Coquimbo,4102,2,2020-06-06
Coquimbo,4,Coquimbo,4102,10,2020-06-08
Coquimbo,4,Coquimbo,4102,4,2020-06-09
Coquimbo,4,Coquimbo,4102,4,2020-06-10
Coquimbo,4,Coquimbo,4102,7,2020-06-11
Coquimbo,4,Coquimbo,4102,5,2020-06-12
Coquimbo,4,Coquimbo,4102,2,2020-06-13
Coquimbo,4,Coquimbo,4102,1,2020-06-14
Coquimbo,4,Coquimbo,4102,8,2020-06-15
Coquimbo,4,Coquimbo,4102,10,2020-06-16
Coquimbo,4,Coquimbo,4102,6,2020-06-17
Coquimbo,4,Coquimbo,4102,6,2020-06-19
Coquimbo,4,Coquimbo,4102,1,2020-06-21
Coquimbo,4,Coquimbo,4102,5,2020-06-22
Coquimbo,4,Coquimbo,4102,3,2020-06-23
Coquimbo,4,Coquimbo,4102,7,2020-06-24
Coquimbo,4,Coquimbo,4102,6,2020-06-25
Coquimbo,4,Coquimbo,4102,1,2020-06-26
Coquimbo,4,Coquimbo,4102,1,2020-06-27
Coquimbo,4,Coquimbo,4102,11,2020-06-30
Coquimbo,4,Coquimbo,4102,2,2020-07-01
Coquimbo,4,Coquimbo,4102,4,2020-07-02
Coquimbo,4,Coquimbo,4102,6,2020-07-03
Coquimbo,4,Coquimbo,4102,2,2020-07-04
Coquimbo,4,Coquimbo,4102,3,2020-07-05
Coquimbo,4,Coquimbo,4102,2,2020-07-06
Coquimbo,4,Coquimbo,4102,10,2020-07-07
Coquimbo,4,Coquimbo,4102,8,2020-07-08
Coquimbo,4,Coquimbo,4102,1,2020-07-09
Coquimbo,4,Coquimbo,4102,9,2020-07-10
Coquimbo,4,Coquimbo,4102,1,2020-07-11
Coquimbo,4,Coquimbo,4102,3,2020-07-12
Coquimbo,4,Coquimbo,4102,8,2020-07-13
Coquimbo,4,Coquimbo,4102,7,2020-07-14
Coquimbo,4,Coquimbo,4102,2,2020-07-15
Coquimbo,4,Coquimbo,4102,7,2020-07-17
Coquimbo,4,Coquimbo,4102,1,2020-07-19
Coquimbo,4,Coquimbo,4102,9,2020-07-20
Coquimbo,4,Coquimbo,4102,2,2020-07-21
Coquimbo,4,Coquimbo,4102,4,2020-07-22
Coquimbo,4,Coquimbo,4102,6,2020-07-23
Coquimbo,4,Coquimbo,4102,6,2020-07-24
Coquimbo,4,Coquimbo,4102,5,2020-07-25
Coquimbo,4,Coquimbo,4102,1,2020-07-26
Coquimbo,4,Coquimbo,4102,15,2020-07-27
Coquimbo,4,Coquimbo,4102,4,2020-07-28
Coquimbo,4,Coquimbo,4102,9,2020-07-29
Coquimbo,4,Coquimbo,4102,4,2020-07-30
Coquimbo,4,Coquimbo,4102,9,2020-07-31
Coquimbo,4,Coquimbo,4102,1,2020-08-02
Coquimbo,4,Coquimbo,4102,16,2020-08-03
Coquimbo,4,Coquimbo,4102,4,2020-08-04
Coquimbo,4,Coquimbo,4102,5,2020-08-05
Coquimbo,4,Coquimbo,4102,4,2020-08-06
Coquimbo,4,Coquimbo,4102,9,2020-08-07
Coquimbo,4,Coquimbo,4102,4,2020-08-08
Coquimbo,4,Coquimbo,4102,1,2020-08-09
Coquimbo,4,Coquimbo,4102,12,2020-08-10
Coquimbo,4,Coquimbo,4102,3,2020-08-11
Coquimbo,4,Coquimbo,4102,6,2020-08-12
Coquimbo,4,Coquimbo,4102,4,2020-08-13
Coquimbo,4,Coquimbo,4102,2,2020-08-14
Coquimbo,4,Coquimbo,4102,2,2020-08-15
Coquimbo,4,Coquimbo,4102,8,2020-08-17
Coquimbo,4,Coquimbo,4102,8,2020-08-18
Coquimbo,4,Coquimbo,4102,1,2020-08-19
Coquimbo,4,Coquimbo,4102,2,2020-08-20
Coquimbo,4,Coquimbo,4102,9,2020-08-21
Coquimbo,4,Coquimbo,4102,1,2020-08-22
Coquimbo,4,Coquimbo,4102,12,2020-08-24
Coquimbo,4,Coquimbo,4102,5,2020-08-25
Coquimbo,4,Coquimbo,4102,8,2020-08-26
Coquimbo,4,Coquimbo,4102,4,2020-08-27
Coquimbo,4,Coquimbo,4102,6,2020-08-28
Coquimbo,4,Coquimbo,4102,3,2020-08-29
Coquimbo,4,Coquimbo,4102,1,2020-08-30
Coquimbo,4,Coquimbo,4102,13,2020-08-31
Coquimbo,4,Coquimbo,4102,7,2020-09-01
Coquimbo,4,Coquimbo,4102,2,2020-09-02
Coquimbo,4,Coquimbo,4102,7,2020-09-03
Coquimbo,4,Coquimbo,4102,2,2020-09-04
Coquimbo,4,Coquimbo,4102,12,2020-09-07
Coquimbo,4,Coquimbo,4102,10,2020-09-08
Coquimbo,4,Coquimbo,4102,3,2020-09-09
Coquimbo,4,Coquimbo,4102,5,2020-09-10
Coquimbo,4,Coquimbo,4102,4,2020-09-11
Coquimbo,4,Coquimbo,4102,1,2020-09-12
Coquimbo,4,Coquimbo,4102,18,2020-09-14
Coquimbo,4,Coquimbo,4102,10,2020-09-15
Coquimbo,4,Coquimbo,4102,6,2020-09-16
Coquimbo,4,Coquimbo,4102,6,2020-09-17
Coquimbo,4,Coquimbo,4102,3,2020-09-18
Coquimbo,4,Coquimbo,4102,16,2020-09-21
Coquimbo,4,Coquimbo,4102,6,2020-09-22
Coquimbo,4,Coquimbo,4102,6,2020-09-23
Coquimbo,4,Coquimbo,4102,4,2020-09-24
Coquimbo,4,Coquimbo,4102,3,2020-09-25
Coquimbo,4,Coquimbo,4102,1,2020-09-27
Coquimbo,4,Coquimbo,4102,12,2020-09-28
Coquimbo,4,Coquimbo,4102,9,2020-09-29
Coquimbo,4,Coquimbo,4102,4,2020-09-30
Coquimbo,4,Coquimbo,4102,7,2020-10-01
Coquimbo,4,Coquimbo,4102,4,2020-10-02
Coquimbo,4,Coquimbo,4102,10,2020-10-05
Coquimbo,4,Coquimbo,4102,6,2020-10-06
Coquimbo,4,Coquimbo,4102,5,2020-10-07
Coquimbo,4,Coquimbo,4102,4,2020-10-08
Coquimbo,4,Coquimbo,4102,6,2020-10-09
Coquimbo,4,Coquimbo,4102,3,2020-10-10
Coquimbo,4,Coquimbo,4102,12,2020-10-13
Coquimbo,4,Coquimbo,4102,4,2020-10-14
Coquimbo,4,Coquimbo,4102,4,2020-10-15
Coquimbo,4,Coquimbo,4102,2,2020-10-16
Coquimbo,4,Coquimbo,4102,1,2020-10-17
Coquimbo,4,Coquimbo,4102,1,2020-10-18
Coquimbo,4,Coquimbo,4102,11,2020-10-19
Coquimbo,4,Coquimbo,4102,5,2020-10-20
Coquimbo,4,Coquimbo,4102,2,2020-10-21
Coquimbo,4,Coquimbo,4102,2,2020-10-22
Coquimbo,4,Coquimbo,4102,6,2020-10-23
Coquimbo,4,Coquimbo,4102,11,2020-10-26
Coquimbo,4,Coquimbo,4102,3,2020-10-27
Coquimbo,4,Coquimbo,4102,9,2020-10-28
Coquimbo,4,Coquimbo,4102,2,2020-10-29
Coquimbo,4,Coquimbo,4102,5,2020-10-30
Coquimbo,4,Coquimbo,4102,8,2020-11-02
Coquimbo,4,Coquimbo,4102,5,2020-11-03
Coquimbo,4,Coquimbo,4102,2,2020-11-04
Coquimbo,4,Coquimbo,4102,4,2020-11-05
Coquimbo,4,Coquimbo,4102,7,2020-11-06
Coquimbo,4,Coquimbo,4102,8,2020-11-09
Coquimbo,4,Coquimbo,4102,5,2020-11-10
Coquimbo,4,Coquimbo,4102,6,2020-11-11
Coquimbo,4,Coquimbo,4102,4,2020-11-12
Coquimbo,4,Coquimbo,4102,8,2020-11-13
Coquimbo,4,Coquimbo,4102,10,2020-11-16
Coquimbo,4,Coquimbo,4102,6,2020-11-17
Coquimbo,4,Coquimbo,4102,7,2020-11-18
Coquimbo,4,Coquimbo,4102,6,2020-11-20
Coquimbo,4,Coquimbo,4102,9,2020-11-23
Coquimbo,4,Coquimbo,4102,4,2020-11-24
Coquimbo,4,Coquimbo,4102,8,2020-11-25
Coquimbo,4,Coquimbo,4102,4,2020-11-26
Coquimbo,4,Coquimbo,4102,6,2020-11-27
Coquimbo,4,Coquimbo,4102,8,2020-11-30
Coquimbo,4,Coquimbo,4102,11,2020-12-01
Coquimbo,4,Coquimbo,4102,2,2020-12-02
Coquimbo,4,Coquimbo,4102,3,2020-12-03
Coquimbo,4,Coquimbo,4102,3,2020-12-04
Coquimbo,4,Coquimbo,4102,19,2020-12-07
Coquimbo,4,Coquimbo,4102,8,2020-12-09
Coquimbo,4,Coquimbo,4102,3,2020-12-10
Coquimbo,4,Coquimbo,4102,1,2020-12-11
Coquimbo,4,Coquimbo,4102,10,2020-12-14
Coquimbo,4,Coquimbo,4102,5,2020-12-15
Coquimbo,4,Coquimbo,4102,6,2020-12-16
Coquimbo,4,Coquimbo,4102,5,2020-12-17
Coquimbo,4,Coquimbo,4102,7,2020-12-18
Coquimbo,4,Coquimbo,4102,7,2020-12-21
Coquimbo,4,Coquimbo,4102,2,2020-12-22
Coquimbo,4,Coquimbo,4102,3,2020-12-23
Coquimbo,4,Coquimbo,4102,2,2020-12-24
Coquimbo,4,Coquimbo,4102,1,2020-12-26
Coquimbo,4,Coquimbo,4102,15,2020-12-28
Coquimbo,4,Coquimbo,4102,7,2020-12-29
Coquimbo,4,Coquimbo,4102,3,2020-12-30
Coquimbo,4,Coquimbo,4102,1,2020-12-31
Coquimbo,4,Coquimbo,4102,1,2021-01-02
Coquimbo,4,Coquimbo,4102,1,2021-01-03
Coquimbo,4,Coquimbo,4102,6,2021-01-04
Coquimbo,4,Coquimbo,4102,8,2021-01-05
Coquimbo,4,Coquimbo,4102,4,2021-01-06
Coquimbo,4,Coquimbo,4102,4,2021-01-07
Coquimbo,4,Coquimbo,4102,8,2021-01-08
Coquimbo,4,Coquimbo,4102,10,2021-01-11
Coquimbo,4,Coquimbo,4102,8,2021-01-12
Coquimbo,4,Coquimbo,4102,2,2021-01-13
Coquimbo,4,Coquimbo,4102,1,2021-01-14
Coquimbo,4,Andacollo,4103,1,2020-01-03
Coquimbo,4,Andacollo,4103,1,2020-01-06
Coquimbo,4,Andacollo,4103,1,2020-01-27
Coquimbo,4,Andacollo,4103,1,2020-01-31
Coquimbo,4,Andacollo,4103,1,2020-02-03
Coquimbo,4,Andacollo,4103,1,2020-02-07
Coquimbo,4,Andacollo,4103,1,2020-02-10
Coquimbo,4,Andacollo,4103,1,2020-04-14
Coquimbo,4,Andacollo,4103,1,2020-04-24
Coquimbo,4,Andacollo,4103,1,2020-04-27
Coquimbo,4,Andacollo,4103,1,2020-05-07
Coquimbo,4,Andacollo,4103,1,2020-05-22
Coquimbo,4,Andacollo,4103,1,2020-05-25
Coquimbo,4,Andacollo,4103,1,2020-05-29
Coquimbo,4,Andacollo,4103,1,2020-06-03
Coquimbo,4,Andacollo,4103,1,2020-06-09
Coquimbo,4,Andacollo,4103,1,2020-06-22
Coquimbo,4,Andacollo,4103,1,2020-06-25
Coquimbo,4,Andacollo,4103,2,2020-06-30
Coquimbo,4,Andacollo,4103,1,2020-07-20
Coquimbo,4,Andacollo,4103,1,2020-07-23
Coquimbo,4,Andacollo,4103,1,2020-07-24
Coquimbo,4,Andacollo,4103,1,2020-08-11
Coquimbo,4,Andacollo,4103,1,2020-08-28
Coquimbo,4,Andacollo,4103,1,2020-08-31
Coquimbo,4,Andacollo,4103,1,2020-09-03
Coquimbo,4,Andacollo,4103,1,2020-09-15
Coquimbo,4,Andacollo,4103,1,2020-09-17
Coquimbo,4,Andacollo,4103,1,2020-09-21
Coquimbo,4,Andacollo,4103,1,2020-09-28
Coquimbo,4,Andacollo,4103,1,2020-10-02
Coquimbo,4,Andacollo,4103,1,2020-10-20
Coquimbo,4,Andacollo,4103,1,2020-10-23
Coquimbo,4,Andacollo,4103,1,2020-10-27
Coquimbo,4,Andacollo,4103,1,2020-11-02
Coquimbo,4,Andacollo,4103,1,2020-11-04
Coquimbo,4,Andacollo,4103,1,2020-11-05
Coquimbo,4,Andacollo,4103,1,2020-11-10
Coquimbo,4,Andacollo,4103,2,2020-11-12
Coquimbo,4,Andacollo,4103,1,2020-11-23
Coquimbo,4,Andacollo,4103,1,2020-11-24
Coquimbo,4,Andacollo,4103,1,2020-11-25
Coquimbo,4,Andacollo,4103,1,2020-12-04
Coquimbo,4,Andacollo,4103,1,2020-12-07
Coquimbo,4,Andacollo,4103,1,2020-12-10
Coquimbo,4,Andacollo,4103,3,2021-01-04
Coquimbo,4,Andacollo,4103,1,2021-01-05
Coquimbo,4,La Higuera,4104,2,2020-01-13
Coquimbo,4,La Higuera,4104,1,2020-01-28
Coquimbo,4,La Higuera,4104,1,2020-04-06
Coquimbo,4,La Higuera,4104,1,2020-04-09
Coquimbo,4,La Higuera,4104,1,2020-08-24
Coquimbo,4,La Higuera,4104,1,2020-09-04
Coquimbo,4,La Higuera,4104,1,2020-09-07
Coquimbo,4,La Higuera,4104,1,2020-09-26
Coquimbo,4,La Higuera,4104,1,2020-10-27
Coquimbo,4,La Higuera,4104,1,2020-10-30
Coquimbo,4,La Higuera,4104,1,2020-12-01
Coquimbo,4,Paiguano,4105,1,2020-02-04
Coquimbo,4,Paiguano,4105,1,2020-03-04
Coquimbo,4,Paiguano,4105,1,2020-03-23
Coquimbo,4,Paiguano,4105,1,2020-05-08
Coquimbo,4,Paiguano,4105,1,2020-05-22
Coquimbo,4,Paiguano,4105,1,2020-06-09
Coquimbo,4,Paiguano,4105,1,2020-06-18
Coquimbo,4,Paiguano,4105,1,2020-06-19
Coquimbo,4,Paiguano,4105,1,2020-06-25
Coquimbo,4,Paiguano,4105,1,2020-08-27
Coquimbo,4,Paiguano,4105,1,2020-12-04
Coquimbo,4,Paiguano,4105,1,2020-12-14
Coquimbo,4,Paiguano,4105,1,2021-01-04
Coquimbo,4,Paiguano,4105,1,2021-01-11
Coquimbo,4,Vicuña,4106,1,2020-01-02
Coquimbo,4,Vicuña,4106,2,2020-01-06
Coquimbo,4,Vicuña,4106,1,2020-01-08
Coquimbo,4,Vicuña,4106,1,2020-01-13
Coquimbo,4,Vicuña,4106,1,2020-01-14
Coquimbo,4,Vicuña,4106,1,2020-01-16
Coquimbo,4,Vicuña,4106,1,2020-01-23
Coquimbo,4,Vicuña,4106,4,2020-01-29
Coquimbo,4,Vicuña,4106,1,2020-02-10
Coquimbo,4,Vicuña,4106,1,2020-02-17
Coquimbo,4,Vicuña,4106,1,2020-02-20
Coquimbo,4,Vicuña,4106,1,2020-03-04
Coquimbo,4,Vicuña,4106,1,2020-03-09
Coquimbo,4,Vicuña,4106,1,2020-03-20
Coquimbo,4,Vicuña,4106,3,2020-03-30
Coquimbo,4,Vicuña,4106,1,2020-03-31
Coquimbo,4,Vicuña,4106,1,2020-04-06
Coquimbo,4,Vicuña,4106,3,2020-04-09
Coquimbo,4,Vicuña,4106,1,2020-04-13
Coquimbo,4,Vicuña,4106,2,2020-04-16
Coquimbo,4,Vicuña,4106,2,2020-04-22
Coquimbo,4,Vicuña,4106,1,2020-04-23
Coquimbo,4,Vicuña,4106,1,2020-04-29
Coquimbo,4,Vicuña,4106,1,2020-05-04
Coquimbo,4,Vicuña,4106,1,2020-05-08
Coquimbo,4,Vicuña,4106,1,2020-05-18
Coquimbo,4,Vicuña,4106,3,2020-05-22
Coquimbo,4,Vicuña,4106,1,2020-05-28
Coquimbo,4,Vicuña,4106,1,2020-06-01
Coquimbo,4,Vicuña,4106,1,2020-06-03
Coquimbo,4,Vicuña,4106,2,2020-06-08
Coquimbo,4,Vicuña,4106,1,2020-06-09
Coquimbo,4,Vicuña,4106,1,2020-06-11
Coquimbo,4,Vicuña,4106,2,2020-06-12
Coquimbo,4,Vicuña,4106,1,2020-06-17
Coquimbo,4,Vicuña,4106,1,2020-06-23
Coquimbo,4,Vicuña,4106,1,2020-06-24
Coquimbo,4,Vicuña,4106,2,2020-06-26
Coquimbo,4,Vicuña,4106,1,2020-06-27
Coquimbo,4,Vicuña,4106,1,2020-06-29
Coquimbo,4,Vicuña,4106,3,2020-06-30
Coquimbo,4,Vicuña,4106,1,2020-07-01
Coquimbo,4,Vicuña,4106,1,2020-07-03
Coquimbo,4,Vicuña,4106,1,2020-07-09
Coquimbo,4,Vicuña,4106,2,2020-07-13
Coquimbo,4,Vicuña,4106,1,2020-07-24
Coquimbo,4,Vicuña,4106,1,2020-07-28
Coquimbo,4,Vicuña,4106,1,2020-07-29
Coquimbo,4,Vicuña,4106,1,2020-07-30
Coquimbo,4,Vicuña,4106,1,2020-08-03
Coquimbo,4,Vicuña,4106,1,2020-08-04
Coquimbo,4,Vicuña,4106,1,2020-08-05
Coquimbo,4,Vicuña,4106,2,2020-08-10
Coquimbo,4,Vicuña,4106,2,2020-08-11
Coquimbo,4,Vicuña,4106,1,2020-08-13
Coquimbo,4,Vicuña,4106,1,2020-08-14
Coquimbo,4,Vicuña,4106,2,2020-08-17
Coquimbo,4,Vicuña,4106,1,2020-08-18
Coquimbo,4,Vicuña,4106,1,2020-08-25
Coquimbo,4,Vicuña,4106,1,2020-08-27
Coquimbo,4,Vicuña,4106,1,2020-09-03
Coquimbo,4,Vicuña,4106,1,2020-09-04
Coquimbo,4,Vicuña,4106,1,2020-09-07
Coquimbo,4,Vicuña,4106,1,2020-09-09
Coquimbo,4,Vicuña,4106,2,2020-09-14
Coquimbo,4,Vicuña,4106,2,2020-09-21
Coquimbo,4,Vicuña,4106,1,2020-09-23
Coquimbo,4,Vicuña,4106,2,2020-09-25
Coquimbo,4,Vicuña,4106,2,2020-10-02
Coquimbo,4,Vicuña,4106,1,2020-10-07
Coquimbo,4,Vicuña,4106,1,2020-10-08
Coquimbo,4,Vicuña,4106,2,2020-10-09
Coquimbo,4,Vicuña,4106,1,2020-10-13
Coquimbo,4,Vicuña,4106,1,2020-10-16
Coquimbo,4,Vicuña,4106,1,2020-10-20
Coquimbo,4,Vicuña,4106,1,2020-10-22
Coquimbo,4,Vicuña,4106,1,2020-10-23
Coquimbo,4,Vicuña,4106,1,2020-10-26
Coquimbo,4,Vicuña,4106,1,2020-10-28
Coquimbo,4,Vicuña,4106,2,2020-11-02
Coquimbo,4,Vicuña,4106,2,2020-11-05
Coquimbo,4,Vicuña,4106,1,2020-11-06
Coquimbo,4,Vicuña,4106,1,2020-11-10
Coquimbo,4,Vicuña,4106,1,2020-11-17
Coquimbo,4,Vicuña,4106,1,2020-11-27
Coquimbo,4,Vicuña,4106,2,2020-12-01
Coquimbo,4,Vicuña,4106,1,2020-12-07
Coquimbo,4,Vicuña,4106,2,2020-12-09
Coquimbo,4,Vicuña,4106,1,2020-12-11
Coquimbo,4,Vicuña,4106,2,2020-12-14
Coquimbo,4,Vicuña,4106,1,2020-12-18
Coquimbo,4,Vicuña,4106,1,2020-12-21
Coquimbo,4,Vicuña,4106,3,2020-12-28
Coquimbo,4,Vicuña,4106,1,2021-01-04
Coquimbo,4,Vicuña,4106,2,2021-01-12
Coquimbo,4,Illapel,4201,2,2020-01-02
Coquimbo,4,Illapel,4201,2,2020-01-03
Coquimbo,4,Illapel,4201,2,2020-01-06
Coquimbo,4,Illapel,4201,1,2020-01-07
Coquimbo,4,Illapel,4201,3,2020-01-13
Coquimbo,4,Illapel,4201,1,2020-01-16
Coquimbo,4,Illapel,4201,4,2020-01-20
Coquimbo,4,Illapel,4201,1,2020-01-21
Coquimbo,4,Illapel,4201,4,2020-01-27
Coquimbo,4,Illapel,4201,2,2020-01-28
Coquimbo,4,Illapel,4201,1,2020-01-30
Coquimbo,4,Illapel,4201,4,2020-02-03
Coquimbo,4,Illapel,4201,1,2020-02-10
Coquimbo,4,Illapel,4201,2,2020-02-12
Coquimbo,4,Illapel,4201,2,2020-02-13
Coquimbo,4,Illapel,4201,2,2020-02-17
Coquimbo,4,Illapel,4201,2,2020-02-19
Coquimbo,4,Illapel,4201,1,2020-02-28
Coquimbo,4,Illapel,4201,1,2020-03-02
Coquimbo,4,Illapel,4201,1,2020-03-03
Coquimbo,4,Illapel,4201,2,2020-03-04
Coquimbo,4,Illapel,4201,1,2020-03-05
Coquimbo,4,Illapel,4201,1,2020-03-06
Coquimbo,4,Illapel,4201,1,2020-03-09
Coquimbo,4,Illapel,4201,1,2020-03-12
Coquimbo,4,Illapel,4201,3,2020-03-16
Coquimbo,4,Illapel,4201,3,2020-03-20
Coquimbo,4,Illapel,4201,3,2020-03-23
Coquimbo,4,Illapel,4201,1,2020-03-25
Coquimbo,4,Illapel,4201,1,2020-03-31
Coquimbo,4,Illapel,4201,1,2020-04-01
Coquimbo,4,Illapel,4201,1,2020-04-02
Coquimbo,4,Illapel,4201,1,2020-04-03
Coquimbo,4,Illapel,4201,1,2020-04-06
Coquimbo,4,Illapel,4201,1,2020-04-08
Coquimbo,4,Illapel,4201,2,2020-04-09
Coquimbo,4,Illapel,4201,1,2020-04-12
Coquimbo,4,Illapel,4201,1,2020-04-17
Coquimbo,4,Illapel,4201,1,2020-04-18
Coquimbo,4,Illapel,4201,1,2020-04-20
Coquimbo,4,Illapel,4201,1,2020-04-21
Coquimbo,4,Illapel,4201,1,2020-04-22
Coquimbo,4,Illapel,4201,2,2020-04-24
Coquimbo,4,Illapel,4201,4,2020-04-27
Coquimbo,4,Illapel,4201,1,2020-04-28
Coquimbo,4,Illapel,4201,2,2020-04-29
Coquimbo,4,Illapel,4201,2,2020-05-04
Coquimbo,4,Illapel,4201,1,2020-05-05
Coquimbo,4,Illapel,4201,1,2020-05-06
Coquimbo,4,Illapel,4201,1,2020-05-07
Coquimbo,4,Illapel,4201,3,2020-05-08
Coquimbo,4,Illapel,4201,1,2020-05-12
Coquimbo,4,Illapel,4201,1,2020-05-18
Coquimbo,4,Illapel,4201,1,2020-05-22
Coquimbo,4,Illapel,4201,4,2020-05-25
Coquimbo,4,Illapel,4201,1,2020-05-27
Coquimbo,4,Illapel,4201,1,2020-05-28
Coquimbo,4,Illapel,4201,2,2020-06-01
Coquimbo,4,Illapel,4201,1,2020-06-03
Coquimbo,4,Illapel,4201,2,2020-06-04
Coquimbo,4,Illapel,4201,1,2020-06-08
Coquimbo,4,Illapel,4201,1,2020-06-11
Coquimbo,4,Illapel,4201,1,2020-06-15
Coquimbo,4,Illapel,4201,1,2020-06-17
Coquimbo,4,Illapel,4201,1,2020-06-25
Coquimbo,4,Illapel,4201,3,2020-06-26
Coquimbo,4,Illapel,4201,3,2020-06-30
Coquimbo,4,Illapel,4201,1,2020-07-01
Coquimbo,4,Illapel,4201,2,2020-07-06
Coquimbo,4,Illapel,4201,1,2020-07-08
Coquimbo,4,Illapel,4201,2,2020-07-09
Coquimbo,4,Illapel,4201,5,2020-07-13
Coquimbo,4,Illapel,4201,1,2020-07-14
Coquimbo,4,Illapel,4201,2,2020-07-15
Coquimbo,4,Illapel,4201,1,2020-07-17
Coquimbo,4,Illapel,4201,2,2020-07-20
Coquimbo,4,Illapel,4201,2,2020-07-22
Coquimbo,4,Illapel,4201,1,2020-07-23
Coquimbo,4,Illapel,4201,1,2020-07-27
Coquimbo,4,Illapel,4201,1,2020-08-03
Coquimbo,4,Illapel,4201,2,2020-08-04
Coquimbo,4,Illapel,4201,1,2020-08-06
Coquimbo,4,Illapel,4201,2,2020-08-07
Coquimbo,4,Illapel,4201,1,2020-08-11
Coquimbo,4,Illapel,4201,1,2020-08-12
Coquimbo,4,Illapel,4201,1,2020-08-13
Coquimbo,4,Illapel,4201,1,2020-08-14
Coquimbo,4,Illapel,4201,1,2020-08-17
Coquimbo,4,Illapel,4201,1,2020-08-18
Coquimbo,4,Illapel,4201,1,2020-08-21
Coquimbo,4,Illapel,4201,1,2020-08-24
Coquimbo,4,Illapel,4201,1,2020-08-25
Coquimbo,4,Illapel,4201,1,2020-08-27
Coquimbo,4,Illapel,4201,3,2020-08-31
Coquimbo,4,Illapel,4201,1,2020-09-01
Coquimbo,4,Illapel,4201,1,2020-09-02
Coquimbo,4,Illapel,4201,1,2020-09-03
Coquimbo,4,Illapel,4201,3,2020-09-04
Coquimbo,4,Illapel,4201,2,2020-09-07
Coquimbo,4,Illapel,4201,1,2020-09-08
Coquimbo,4,Illapel,4201,1,2020-09-09
Coquimbo,4,Illapel,4201,2,2020-09-10
Coquimbo,4,Illapel,4201,1,2020-09-11
Coquimbo,4,Illapel,4201,1,2020-09-15
Coquimbo,4,Illapel,4201,1,2020-09-18
Coquimbo,4,Illapel,4201,1,2020-09-22
Coquimbo,4,Illapel,4201,1,2020-09-25
Coquimbo,4,Illapel,4201,1,2020-09-28
Coquimbo,4,Illapel,4201,1,2020-09-29
Coquimbo,4,Illapel,4201,1,2020-09-30
Coquimbo,4,Illapel,4201,1,2020-10-03
Coquimbo,4,Illapel,4201,4,2020-10-05
Coquimbo,4,Illapel,4201,1,2020-10-06
Coquimbo,4,Illapel,4201,1,2020-10-07
Coquimbo,4,Illapel,4201,1,2020-10-08
Coquimbo,4,Illapel,4201,3,2020-10-09
Coquimbo,4,Illapel,4201,1,2020-10-13
Coquimbo,4,Illapel,4201,1,2020-10-14
Coquimbo,4,Illapel,4201,1,2020-10-20
Coquimbo,4,Illapel,4201,2,2020-10-21
Coquimbo,4,Illapel,4201,4,2020-10-22
Coquimbo,4,Illapel,4201,1,2020-10-26
Coquimbo,4,Illapel,4201,1,2020-10-29
Coquimbo,4,Illapel,4201,2,2020-11-02
Coquimbo,4,Illapel,4201,1,2020-11-04
Coquimbo,4,Illapel,4201,2,2020-11-05
Coquimbo,4,Illapel,4201,1,2020-11-09
Coquimbo,4,Illapel,4201,1,2020-11-16
Coquimbo,4,Illapel,4201,1,2020-11-17
Coquimbo,4,Illapel,4201,2,2020-11-20
Coquimbo,4,Illapel,4201,1,2020-11-25
Coquimbo,4,Illapel,4201,2,2020-12-01
Coquimbo,4,Illapel,4201,1,2020-12-03
Coquimbo,4,Illapel,4201,1,2020-12-04
Coquimbo,4,Illapel,4201,2,2020-12-09
Coquimbo,4,Illapel,4201,1,2020-12-11
Coquimbo,4,Illapel,4201,4,2020-12-14
Coquimbo,4,Illapel,4201,1,2020-12-18
Coquimbo,4,Illapel,4201,1,2020-12-23
Coquimbo,4,Illapel,4201,2,2020-12-24
Coquimbo,4,Illapel,4201,2,2020-12-28
Coquimbo,4,Illapel,4201,2,2020-12-29
Coquimbo,4,Illapel,4201,1,2020-12-30
Coquimbo,4,Illapel,4201,2,2021-01-07
Coquimbo,4,Illapel,4201,1,2021-01-08
Coquimbo,4,Illapel,4201,1,2021-01-11
Coquimbo,4,Illapel,4201,2,2021-01-12
Coquimbo,4,Illapel,4201,1,2021-01-13
Coquimbo,4,Illapel,4201,1,2021-01-14
Coquimbo,4,Canela,4202,2,2020-01-29
Coquimbo,4,Canela,4202,1,2020-02-24
Coquimbo,4,Canela,4202,1,2020-02-27
Coquimbo,4,Canela,4202,1,2020-03-05
Coquimbo,4,Canela,4202,1,2020-03-16
Coquimbo,4,Canela,4202,1,2020-03-30
Coquimbo,4,Canela,4202,1,2020-04-09
Coquimbo,4,Canela,4202,1,2020-04-20
Coquimbo,4,Canela,4202,2,2020-04-27
Coquimbo,4,Canela,4202,1,2020-04-28
Coquimbo,4,Canela,4202,1,2020-05-02
Coquimbo,4,Canela,4202,1,2020-05-14
Coquimbo,4,Canela,4202,1,2020-05-18
Coquimbo,4,Canela,4202,1,2020-05-20
Coquimbo,4,Canela,4202,1,2020-06-01
Coquimbo,4,Canela,4202,2,2020-06-08
Coquimbo,4,Canela,4202,1,2020-06-18
Coquimbo,4,Canela,4202,1,2020-07-01
Coquimbo,4,Canela,4202,1,2020-07-08
Coquimbo,4,Canela,4202,2,2020-07-17
Coquimbo,4,Canela,4202,1,2020-07-20
Coquimbo,4,Canela,4202,1,2020-07-24
Coquimbo,4,Canela,4202,1,2020-08-07
Coquimbo,4,Canela,4202,1,2020-08-18
Coquimbo,4,Canela,4202,2,2020-08-20
Coquimbo,4,Canela,4202,2,2020-08-31
Coquimbo,4,Canela,4202,2,2020-09-04
Coquimbo,4,Canela,4202,1,2020-09-10
Coquimbo,4,Canela,4202,1,2020-09-14
Coquimbo,4,Canela,4202,1,2020-09-17
Coquimbo,4,Canela,4202,1,2020-09-30
Coquimbo,4,Canela,4202,1,2020-10-08
Coquimbo,4,Canela,4202,1,2020-10-13
Coquimbo,4,Canela,4202,1,2020-10-15
Coquimbo,4,Canela,4202,1,2020-10-23
Coquimbo,4,Canela,4202,1,2020-11-05
Coquimbo,4,Canela,4202,1,2020-11-06
Coquimbo,4,Canela,4202,2,2020-12-07
Coquimbo,4,Canela,4202,1,2020-12-28
Coquimbo,4,Canela,4202,1,2020-12-31
Coquimbo,4,Canela,4202,1,2021-01-05
Coquimbo,4,Canela,4202,1,2021-01-08
Coquimbo,4,Los Vilos,4203,2,2020-01-07
Coquimbo,4,Los Vilos,4203,1,2020-01-08
Coquimbo,4,Los Vilos,4203,1,2020-01-20
Coquimbo,4,Los Vilos,4203,1,2020-01-21
Coquimbo,4,Los Vilos,4203,1,2020-01-22
Coquimbo,4,Los Vilos,4203,1,2020-01-23
Coquimbo,4,Los Vilos,4203,1,2020-01-25
Coquimbo,4,Los Vilos,4203,1,2020-02-06
Coquimbo,4,Los Vilos,4203,1,2020-02-10
Coquimbo,4,Los Vilos,4203,1,2020-02-11
Coquimbo,4,Los Vilos,4203,1,2020-02-13
Coquimbo,4,Los Vilos,4203,1,2020-02-14
Coquimbo,4,Los Vilos,4203,1,2020-02-24
Coquimbo,4,Los Vilos,4203,1,2020-03-02
Coquimbo,4,Los Vilos,4203,2,2020-03-09
Coquimbo,4,Los Vilos,4203,1,2020-03-13
Coquimbo,4,Los Vilos,4203,1,2020-03-19
Coquimbo,4,Los Vilos,4203,1,2020-03-22
Coquimbo,4,Los Vilos,4203,1,2020-03-31
Coquimbo,4,Los Vilos,4203,1,2020-04-07
Coquimbo,4,Los Vilos,4203,1,2020-04-09
Coquimbo,4,Los Vilos,4203,1,2020-04-13
Coquimbo,4,Los Vilos,4203,1,2020-04-17
Coquimbo,4,Los Vilos,4203,1,2020-04-27
Coquimbo,4,Los Vilos,4203,4,2020-04-28
Coquimbo,4,Los Vilos,4203,1,2020-05-01
Coquimbo,4,Los Vilos,4203,3,2020-05-04
Coquimbo,4,Los Vilos,4203,1,2020-05-05
Coquimbo,4,Los Vilos,4203,1,2020-05-08
Coquimbo,4,Los Vilos,4203,1,2020-05-11
Coquimbo,4,Los Vilos,4203,1,2020-05-12
Coquimbo,4,Los Vilos,4203,1,2020-05-15
Coquimbo,4,Los Vilos,4203,1,2020-05-19
Coquimbo,4,Los Vilos,4203,2,2020-05-28
Coquimbo,4,Los Vilos,4203,1,2020-06-01
Coquimbo,4,Los Vilos,4203,1,2020-06-04
Coquimbo,4,Los Vilos,4203,1,2020-06-05
Coquimbo,4,Los Vilos,4203,2,2020-06-12
Coquimbo,4,Los Vilos,4203,2,2020-06-16
Coquimbo,4,Los Vilos,4203,1,2020-06-22
Coquimbo,4,Los Vilos,4203,2,2020-06-24
Coquimbo,4,Los Vilos,4203,1,2020-07-08
Coquimbo,4,Los Vilos,4203,1,2020-07-09
Coquimbo,4,Los Vilos,4203,4,2020-07-13
Coquimbo,4,Los Vilos,4203,1,2020-07-27
Coquimbo,4,Los Vilos,4203,1,2020-07-30
Coquimbo,4,Los Vilos,4203,2,2020-08-03
Coquimbo,4,Los Vilos,4203,2,2020-08-10
Coquimbo,4,Los Vilos,4203,2,2020-08-18
Coquimbo,4,Los Vilos,4203,1,2020-08-20
Coquimbo,4,Los Vilos,4203,1,2020-08-21
Coquimbo,4,Los Vilos,4203,3,2020-08-24
Coquimbo,4,Los Vilos,4203,1,2020-08-27
Coquimbo,4,Los Vilos,4203,1,2020-08-31
Coquimbo,4,Los Vilos,4203,1,2020-09-02
Coquimbo,4,Los Vilos,4203,1,2020-09-03
Coquimbo,4,Los Vilos,4203,2,2020-09-04
Coquimbo,4,Los Vilos,4203,1,2020-09-08
Coquimbo,4,Los Vilos,4203,1,2020-09-11
Coquimbo,4,Los Vilos,4203,1,2020-09-13
Coquimbo,4,Los Vilos,4203,1,2020-09-15
Coquimbo,4,Los Vilos,4203,2,2020-09-18
Coquimbo,4,Los Vilos,4203,4,2020-09-21
Coquimbo,4,Los Vilos,4203,3,2020-09-28
Coquimbo,4,Los Vilos,4203,2,2020-09-29
Coquimbo,4,Los Vilos,4203,1,2020-09-30
Coquimbo,4,Los Vilos,4203,1,2020-10-01
Coquimbo,4,Los Vilos,4203,1,2020-10-06
Coquimbo,4,Los Vilos,4203,1,2020-10-07
Coquimbo,4,Los Vilos,4203,1,2020-10-09
Coquimbo,4,Los Vilos,4203,2,2020-10-11
Coquimbo,4,Los Vilos,4203,1,2020-10-13
Coquimbo,4,Los Vilos,4203,1,2020-10-14
Coquimbo,4,Los Vilos,4203,1,2020-10-19
Coquimbo,4,Los Vilos,4203,1,2020-10-22
Coquimbo,4,Los Vilos,4203,1,2020-10-26
Coquimbo,4,Los Vilos,4203,1,2020-10-28
Coquimbo,4,Los Vilos,4203,1,2020-11-10
Coquimbo,4,Los Vilos,4203,1,2020-11-11
Coquimbo,4,Los Vilos,4203,1,2020-11-23
Coquimbo,4,Los Vilos,4203,2,2020-11-24
Coquimbo,4,Los Vilos,4203,1,2020-12-04
Coquimbo,4,Los Vilos,4203,2,2020-12-07
Coquimbo,4,Los Vilos,4203,2,2020-12-09
Coquimbo,4,Los Vilos,4203,1,2020-12-14
Coquimbo,4,Los Vilos,4203,1,2020-12-16
Coquimbo,4,Los Vilos,4203,2,2020-12-17
Coquimbo,4,Los Vilos,4203,2,2020-12-23
Coquimbo,4,Los Vilos,4203,2,2020-12-28
Coquimbo,4,Los Vilos,4203,1,2020-12-31
Coquimbo,4,Los Vilos,4203,1,2021-01-05
Coquimbo,4,Los Vilos,4203,1,2021-01-11
Coquimbo,4,Los Vilos,4203,1,2021-01-14
Coquimbo,4,Salamanca,4204,1,2020-01-02
Coquimbo,4,Salamanca,4204,1,2020-01-03
Coquimbo,4,Salamanca,4204,1,2020-01-06
Coquimbo,4,Salamanca,4204,1,2020-01-07
Coquimbo,4,Salamanca,4204,2,2020-01-13
Coquimbo,4,Salamanca,4204,1,2020-01-14
Coquimbo,4,Salamanca,4204,1,2020-01-15
Coquimbo,4,Salamanca,4204,1,2020-01-16
Coquimbo,4,Salamanca,4204,1,2020-01-20
Coquimbo,4,Salamanca,4204,2,2020-01-21
Coquimbo,4,Salamanca,4204,1,2020-01-23
Coquimbo,4,Salamanca,4204,1,2020-02-04
Coquimbo,4,Salamanca,4204,1,2020-02-07
Coquimbo,4,Salamanca,4204,1,2020-02-19
Coquimbo,4,Salamanca,4204,1,2020-02-21
Coquimbo,4,Salamanca,4204,1,2020-03-02
Coquimbo,4,Salamanca,4204,1,2020-03-03
Coquimbo,4,Salamanca,4204,1,2020-03-05
Coquimbo,4,Salamanca,4204,1,2020-03-06
Coquimbo,4,Salamanca,4204,1,2020-03-13
Coquimbo,4,Salamanca,4204,1,2020-03-20
Coquimbo,4,Salamanca,4204,1,2020-03-24
Coquimbo,4,Salamanca,4204,2,2020-03-30
Coquimbo,4,Salamanca,4204,1,2020-04-06
Coquimbo,4,Salamanca,4204,1,2020-04-13
Coquimbo,4,Salamanca,4204,1,2020-04-16
Coquimbo,4,Salamanca,4204,1,2020-04-20
Coquimbo,4,Salamanca,4204,1,2020-04-23
Coquimbo,4,Salamanca,4204,3,2020-04-27
Coquimbo,4,Salamanca,4204,2,2020-04-28
Coquimbo,4,Salamanca,4204,1,2020-04-29
Coquimbo,4,Salamanca,4204,1,2020-04-30
Coquimbo,4,Salamanca,4204,1,2020-05-01
Coquimbo,4,Salamanca,4204,2,2020-05-18
Coquimbo,4,Salamanca,4204,1,2020-05-19
Coquimbo,4,Salamanca,4204,2,2020-05-25
Coquimbo,4,Salamanca,4204,1,2020-05-28
Coquimbo,4,Salamanca,4204,2,2020-06-01
Coquimbo,4,Salamanca,4204,1,2020-06-04
Coquimbo,4,Salamanca,4204,1,2020-06-09
Coquimbo,4,Salamanca,4204,1,2020-06-11
Coquimbo,4,Salamanca,4204,1,2020-06-12
Coquimbo,4,Salamanca,4204,1,2020-06-16
Coquimbo,4,Salamanca,4204,5,2020-06-22
Coquimbo,4,Salamanca,4204,1,2020-06-23
Coquimbo,4,Salamanca,4204,2,2020-06-24
Coquimbo,4,Salamanca,4204,1,2020-06-25
Coquimbo,4,Salamanca,4204,1,2020-06-30
Coquimbo,4,Salamanca,4204,1,2020-07-01
Coquimbo,4,Salamanca,4204,1,2020-07-03
Coquimbo,4,Salamanca,4204,4,2020-07-06
Coquimbo,4,Salamanca,4204,1,2020-07-07
Coquimbo,4,Salamanca,4204,1,2020-07-08
Coquimbo,4,Salamanca,4204,1,2020-07-10
Coquimbo,4,Salamanca,4204,1,2020-07-13
Coquimbo,4,Salamanca,4204,1,2020-07-14
Coquimbo,4,Salamanca,4204,1,2020-07-17
Coquimbo,4,Salamanca,4204,1,2020-07-20
Coquimbo,4,Salamanca,4204,1,2020-07-21
Coquimbo,4,Salamanca,4204,1,2020-07-27
Coquimbo,4,Salamanca,4204,1,2020-07-30
Coquimbo,4,Salamanca,4204,1,2020-07-31
Coquimbo,4,Salamanca,4204,1,2020-08-03
Coquimbo,4,Salamanca,4204,1,2020-08-04
Coquimbo,4,Salamanca,4204,1,2020-08-10
Coquimbo,4,Salamanca,4204,1,2020-08-13
Coquimbo,4,Salamanca,4204,2,2020-08-15
Coquimbo,4,Salamanca,4204,1,2020-08-18
Coquimbo,4,Salamanca,4204,1,2020-08-21
Coquimbo,4,Salamanca,4204,1,2020-08-22
Coquimbo,4,Salamanca,4204,1,2020-08-25
Coquimbo,4,Salamanca,4204,1,2020-08-31
Coquimbo,4,Salamanca,4204,1,2020-09-02
Coquimbo,4,Salamanca,4204,1,2020-09-03
Coquimbo,4,Salamanca,4204,2,2020-09-07
Coquimbo,4,Salamanca,4204,1,2020-09-09
Coquimbo,4,Salamanca,4204,1,2020-09-14
Coquimbo,4,Salamanca,4204,1,2020-09-15
Coquimbo,4,Salamanca,4204,1,2020-09-21
Coquimbo,4,Salamanca,4204,1,2020-09-24
Coquimbo,4,Salamanca,4204,1,2020-09-28
Coquimbo,4,Salamanca,4204,1,2020-09-29
Coquimbo,4,Salamanca,4204,1,2020-10-01
Coquimbo,4,Salamanca,4204,1,2020-10-07
Coquimbo,4,Salamanca,4204,1,2020-10-14
Coquimbo,4,Salamanca,4204,2,2020-10-16
Coquimbo,4,Salamanca,4204,1,2020-10-19
Coquimbo,4,Salamanca,4204,1,2020-10-22
Coquimbo,4,Salamanca,4204,1,2020-10-23
Coquimbo,4,Salamanca,4204,1,2020-10-26
Coquimbo,4,Salamanca,4204,1,2020-10-30
Coquimbo,4,Salamanca,4204,1,2020-11-02
Coquimbo,4,Salamanca,4204,4,2020-11-09
Coquimbo,4,Salamanca,4204,2,2020-11-16
Coquimbo,4,Salamanca,4204,1,2020-11-19
Coquimbo,4,Salamanca,4204,2,2020-11-23
Coquimbo,4,Salamanca,4204,1,2020-11-25
Coquimbo,4,Salamanca,4204,1,2020-12-01
Coquimbo,4,Salamanca,4204,1,2020-12-02
Coquimbo,4,Salamanca,4204,1,2020-12-03
Coquimbo,4,Salamanca,4204,1,2020-12-11
Coquimbo,4,Salamanca,4204,1,2020-12-23
Coquimbo,4,Salamanca,4204,1,2020-12-28
Coquimbo,4,Salamanca,4204,1,2020-12-31
Coquimbo,4,Salamanca,4204,1,2021-01-04
Coquimbo,4,Salamanca,4204,1,2021-01-05
Coquimbo,4,Salamanca,4204,1,2021-01-11
Coquimbo,4,Salamanca,4204,1,2021-01-12
Coquimbo,4,Salamanca,4204,1,2021-01-13
Coquimbo,4,Ovalle,4301,3,2020-01-02
Coquimbo,4,Ovalle,4301,1,2020-01-03
Coquimbo,4,Ovalle,4301,6,2020-01-06
Coquimbo,4,Ovalle,4301,1,2020-01-08
Coquimbo,4,Ovalle,4301,2,2020-01-09
Coquimbo,4,Ovalle,4301,1,2020-01-10
Coquimbo,4,Ovalle,4301,4,2020-01-13
Coquimbo,4,Ovalle,4301,4,2020-01-14
Coquimbo,4,Ovalle,4301,2,2020-01-15
Coquimbo,4,Ovalle,4301,1,2020-01-16
Coquimbo,4,Ovalle,4301,2,2020-01-17
Coquimbo,4,Ovalle,4301,13,2020-01-20
Coquimbo,4,Ovalle,4301,4,2020-01-21
Coquimbo,4,Ovalle,4301,1,2020-01-22
Coquimbo,4,Ovalle,4301,3,2020-01-23
Coquimbo,4,Ovalle,4301,1,2020-01-24
Coquimbo,4,Ovalle,4301,8,2020-01-27
Coquimbo,4,Ovalle,4301,2,2020-01-28
Coquimbo,4,Ovalle,4301,1,2020-01-29
Coquimbo,4,Ovalle,4301,2,2020-01-30
Coquimbo,4,Ovalle,4301,1,2020-01-31
Coquimbo,4,Ovalle,4301,4,2020-02-03
Coquimbo,4,Ovalle,4301,5,2020-02-04
Coquimbo,4,Ovalle,4301,2,2020-02-05
Coquimbo,4,Ovalle,4301,3,2020-02-06
Coquimbo,4,Ovalle,4301,2,2020-02-07
Coquimbo,4,Ovalle,4301,4,2020-02-10
Coquimbo,4,Ovalle,4301,2,2020-02-11
Coquimbo,4,Ovalle,4301,1,2020-02-12
Coquimbo,4,Ovalle,4301,1,2020-02-13
Coquimbo,4,Ovalle,4301,1,2020-02-14
Coquimbo,4,Ovalle,4301,2,2020-02-17
Coquimbo,4,Ovalle,4301,4,2020-02-18
Coquimbo,4,Ovalle,4301,4,2020-02-19
Coquimbo,4,Ovalle,4301,2,2020-02-20
Coquimbo,4,Ovalle,4301,3,2020-02-21
Coquimbo,4,Ovalle,4301,9,2020-02-24
Coquimbo,4,Ovalle,4301,4,2020-02-26
Coquimbo,4,Ovalle,4301,1,2020-02-27
Coquimbo,4,Ovalle,4301,10,2020-03-02
Coquimbo,4,Ovalle,4301,6,2020-03-03
Coquimbo,4,Ovalle,4301,1,2020-03-04
Coquimbo,4,Ovalle,4301,3,2020-03-05
Coquimbo,4,Ovalle,4301,3,2020-03-06
Coquimbo,4,Ovalle,4301,6,2020-03-09
Coquimbo,4,Ovalle,4301,2,2020-03-10
Coquimbo,4,Ovalle,4301,1,2020-03-11
Coquimbo,4,Ovalle,4301,8,2020-03-16
Coquimbo,4,Ovalle,4301,1,2020-03-17
Coquimbo,4,Ovalle,4301,2,2020-03-18
Coquimbo,4,Ovalle,4301,3,2020-03-19
Coquimbo,4,Ovalle,4301,3,2020-03-20
Coquimbo,4,Ovalle,4301,7,2020-03-23
Coquimbo,4,Ovalle,4301,6,2020-03-24
Coquimbo,4,Ovalle,4301,1,2020-03-25
Coquimbo,4,Ovalle,4301,2,2020-03-26
Coquimbo,4,Ovalle,4301,3,2020-03-30
Coquimbo,4,Ovalle,4301,1,2020-03-31
Coquimbo,4,Ovalle,4301,1,2020-04-01
Coquimbo,4,Ovalle,4301,5,2020-04-03
Coquimbo,4,Ovalle,4301,8,2020-04-06
Coquimbo,4,Ovalle,4301,5,2020-04-07
Coquimbo,4,Ovalle,4301,1,2020-04-09
Coquimbo,4,Ovalle,4301,9,2020-04-13
Coquimbo,4,Ovalle,4301,7,2020-04-14
Coquimbo,4,Ovalle,4301,2,2020-04-15
Coquimbo,4,Ovalle,4301,2,2020-04-16
Coquimbo,4,Ovalle,4301,2,2020-04-17
Coquimbo,4,Ovalle,4301,4,2020-04-20
Coquimbo,4,Ovalle,4301,2,2020-04-21
Coquimbo,4,Ovalle,4301,1,2020-04-22
Coquimbo,4,Ovalle,4301,3,2020-04-23
Coquimbo,4,Ovalle,4301,2,2020-04-24
Coquimbo,4,Ovalle,4301,3,2020-04-27
Coquimbo,4,Ovalle,4301,4,2020-04-28
Coquimbo,4,Ovalle,4301,2,2020-04-29
Coquimbo,4,Ovalle,4301,3,2020-04-30
Coquimbo,4,Ovalle,4301,6,2020-05-04
Coquimbo,4,Ovalle,4301,1,2020-05-05
Coquimbo,4,Ovalle,4301,1,2020-05-07
Coquimbo,4,Ovalle,4301,4,2020-05-08
Coquimbo,4,Ovalle,4301,6,2020-05-11
Coquimbo,4,Ovalle,4301,1,2020-05-12
Coquimbo,4,Ovalle,4301,2,2020-05-13
Coquimbo,4,Ovalle,4301,2,2020-05-14
Coquimbo,4,Ovalle,4301,3,2020-05-15
Coquimbo,4,Ovalle,4301,2,2020-05-18
Coquimbo,4,Ovalle,4301,4,2020-05-19
Coquimbo,4,Ovalle,4301,2,2020-05-20
Coquimbo,4,Ovalle,4301,5,2020-05-22
Coquimbo,4,Ovalle,4301,4,2020-05-25
Coquimbo,4,Ovalle,4301,2,2020-05-26
Coquimbo,4,Ovalle,4301,2,2020-05-27
Coquimbo,4,Ovalle,4301,1,2020-05-28
Coquimbo,4,Ovalle,4301,1,2020-05-29
Coquimbo,4,Ovalle,4301,7,2020-06-01
Coquimbo,4,Ovalle,4301,6,2020-06-02
Coquimbo,4,Ovalle,4301,4,2020-06-03
Coquimbo,4,Ovalle,4301,3,2020-06-04
Coquimbo,4,Ovalle,4301,3,2020-06-05
Coquimbo,4,Ovalle,4301,8,2020-06-08
Coquimbo,4,Ovalle,4301,2,2020-06-09
Coquimbo,4,Ovalle,4301,1,2020-06-10
Coquimbo,4,Ovalle,4301,6,2020-06-11
Coquimbo,4,Ovalle,4301,4,2020-06-12
Coquimbo,4,Ovalle,4301,12,2020-06-15
Coquimbo,4,Ovalle,4301,5,2020-06-16
Coquimbo,4,Ovalle,4301,5,2020-06-17
Coquimbo,4,Ovalle,4301,1,2020-06-18
Coquimbo,4,Ovalle,4301,2,2020-06-19
Coquimbo,4,Ovalle,4301,9,2020-06-22
Coquimbo,4,Ovalle,4301,2,2020-06-23
Coquimbo,4,Ovalle,4301,3,2020-06-24
Coquimbo,4,Ovalle,4301,6,2020-06-25
Coquimbo,4,Ovalle,4301,2,2020-06-26
Coquimbo,4,Ovalle,4301,5,2020-06-30
Coquimbo,4,Ovalle,4301,4,2020-07-01
Coquimbo,4,Ovalle,4301,6,2020-07-02
Coquimbo,4,Ovalle,4301,2,2020-07-03
Coquimbo,4,Ovalle,4301,1,2020-07-04
Coquimbo,4,Ovalle,4301,8,2020-07-06
Coquimbo,4,Ovalle,4301,5,2020-07-07
Coquimbo,4,Ovalle,4301,2,2020-07-08
Coquimbo,4,Ovalle,4301,6,2020-07-09
Coquimbo,4,Ovalle,4301,3,2020-07-10
Coquimbo,4,Ovalle,4301,9,2020-07-13
Coquimbo,4,Ovalle,4301,3,2020-07-14
Coquimbo,4,Ovalle,4301,5,2020-07-15
Coquimbo,4,Ovalle,4301,6,2020-07-17
Coquimbo,4,Ovalle,4301,8,2020-07-20
Coquimbo,4,Ovalle,4301,5,2020-07-21
Coquimbo,4,Ovalle,4301,3,2020-07-22
Coquimbo,4,Ovalle,4301,4,2020-07-23
Coquimbo,4,Ovalle,4301,1,2020-07-24
Coquimbo,4,Ovalle,4301,4,2020-07-27
Coquimbo,4,Ovalle,4301,2,2020-07-28
Coquimbo,4,Ovalle,4301,3,2020-07-29
Coquimbo,4,Ovalle,4301,1,2020-07-30
Coquimbo,4,Ovalle,4301,1,2020-07-31
Coquimbo,4,Ovalle,4301,5,2020-08-03
Coquimbo,4,Ovalle,4301,2,2020-08-04
Coquimbo,4,Ovalle,4301,1,2020-08-05
Coquimbo,4,Ovalle,4301,3,2020-08-06
Coquimbo,4,Ovalle,4301,3,2020-08-07
Coquimbo,4,Ovalle,4301,5,2020-08-10
Coquimbo,4,Ovalle,4301,5,2020-08-11
Coquimbo,4,Ovalle,4301,2,2020-08-12
Coquimbo,4,Ovalle,4301,4,2020-08-13
Coquimbo,4,Ovalle,4301,12,2020-08-17
Coquimbo,4,Ovalle,4301,5,2020-08-18
Coquimbo,4,Ovalle,4301,3,2020-08-19
Coquimbo,4,Ovalle,4301,5,2020-08-20
Coquimbo,4,Ovalle,4301,2,2020-08-21
Coquimbo,4,Ovalle,4301,2,2020-08-22
Coquimbo,4,Ovalle,4301,3,2020-08-24
Coquimbo,4,Ovalle,4301,1,2020-08-25
Coquimbo,4,Ovalle,4301,4,2020-08-26
Coquimbo,4,Ovalle,4301,3,2020-08-27
Coquimbo,4,Ovalle,4301,2,2020-08-28
Coquimbo,4,Ovalle,4301,4,2020-08-31
Coquimbo,4,Ovalle,4301,6,2020-09-01
Coquimbo,4,Ovalle,4301,3,2020-09-02
Coquimbo,4,Ovalle,4301,5,2020-09-03
Coquimbo,4,Ovalle,4301,6,2020-09-04
Coquimbo,4,Ovalle,4301,1,2020-09-06
Coquimbo,4,Ovalle,4301,6,2020-09-07
Coquimbo,4,Ovalle,4301,5,2020-09-08
Coquimbo,4,Ovalle,4301,3,2020-09-09
Coquimbo,4,Ovalle,4301,3,2020-09-11
Coquimbo,4,Ovalle,4301,10,2020-09-14
Coquimbo,4,Ovalle,4301,2,2020-09-15
Coquimbo,4,Ovalle,4301,3,2020-09-16
Coquimbo,4,Ovalle,4301,3,2020-09-17
Coquimbo,4,Ovalle,4301,1,2020-09-18
Coquimbo,4,Ovalle,4301,10,2020-09-21
Coquimbo,4,Ovalle,4301,4,2020-09-22
Coquimbo,4,Ovalle,4301,1,2020-09-23
Coquimbo,4,Ovalle,4301,1,2020-09-24
Coquimbo,4,Ovalle,4301,8,2020-09-25
Coquimbo,4,Ovalle,4301,8,2020-09-28
Coquimbo,4,Ovalle,4301,1,2020-09-29
Coquimbo,4,Ovalle,4301,5,2020-09-30
Coquimbo,4,Ovalle,4301,1,2020-10-01
Coquimbo,4,Ovalle,4301,6,2020-10-05
Coquimbo,4,Ovalle,4301,3,2020-10-06
Coquimbo,4,Ovalle,4301,3,2020-10-07
Coquimbo,4,Ovalle,4301,2,2020-10-08
Coquimbo,4,Ovalle,4301,1,2020-10-09
Coquimbo,4,Ovalle,4301,1,2020-10-12
Coquimbo,4,Ovalle,4301,8,2020-10-13
Coquimbo,4,Ovalle,4301,2,2020-10-14
Coquimbo,4,Ovalle,4301,4,2020-10-15
Coquimbo,4,Ovalle,4301,2,2020-10-16
Coquimbo,4,Ovalle,4301,1,2020-10-17
Coquimbo,4,Ovalle,4301,5,2020-10-19
Coquimbo,4,Ovalle,4301,4,2020-10-20
Coquimbo,4,Ovalle,4301,5,2020-10-21
Coquimbo,4,Ovalle,4301,2,2020-10-22
Coquimbo,4,Ovalle,4301,5,2020-10-23
Coquimbo,4,Ovalle,4301,6,2020-10-26
Coquimbo,4,Ovalle,4301,4,2020-10-27
Coquimbo,4,Ovalle,4301,3,2020-10-28
Coquimbo,4,Ovalle,4301,3,2020-10-29
Coquimbo,4,Ovalle,4301,2,2020-10-30
Coquimbo,4,Ovalle,4301,14,2020-11-02
Coquimbo,4,Ovalle,4301,1,2020-11-03
Coquimbo,4,Ovalle,4301,8,2020-11-04
Coquimbo,4,Ovalle,4301,4,2020-11-05
Coquimbo,4,Ovalle,4301,4,2020-11-06
Coquimbo,4,Ovalle,4301,5,2020-11-09
Coquimbo,4,Ovalle,4301,2,2020-11-10
Coquimbo,4,Ovalle,4301,5,2020-11-11
Coquimbo,4,Ovalle,4301,1,2020-11-13
Coquimbo,4,Ovalle,4301,4,2020-11-16
Coquimbo,4,Ovalle,4301,2,2020-11-17
Coquimbo,4,Ovalle,4301,4,2020-11-19
Coquimbo,4,Ovalle,4301,2,2020-11-20
Coquimbo,4,Ovalle,4301,6,2020-11-23
Coquimbo,4,Ovalle,4301,3,2020-11-24
Coquimbo,4,Ovalle,4301,2,2020-11-25
Coquimbo,4,Ovalle,4301,2,2020-11-27
Coquimbo,4,Ovalle,4301,3,2020-11-30
Coquimbo,4,Ovalle,4301,3,2020-12-01
Coquimbo,4,Ovalle,4301,1,2020-12-02
Coquimbo,4,Ovalle,4301,2,2020-12-03
Coquimbo,4,Ovalle,4301,1,2020-12-04
Coquimbo,4,Ovalle,4301,4,2020-12-07
Coquimbo,4,Ovalle,4301,9,2020-12-09
Coquimbo,4,Ovalle,4301,5,2020-12-10
Coquimbo,4,Ovalle,4301,3,2020-12-11
Coquimbo,4,Ovalle,4301,9,2020-12-14
Coquimbo,4,Ovalle,4301,3,2020-12-15
Coquimbo,4,Ovalle,4301,2,2020-12-16
Coquimbo,4,Ovalle,4301,2,2020-12-17
Coquimbo,4,Ovalle,4301,1,2020-12-18
Coquimbo,4,Ovalle,4301,1,2020-12-19
Coquimbo,4,Ovalle,4301,8,2020-12-21
Coquimbo,4,Ovalle,4301,3,2020-12-22
Coquimbo,4,Ovalle,4301,6,2020-12-23
Coquimbo,4,Ovalle,4301,2,2020-12-24
Coquimbo,4,Ovalle,4301,7,2020-12-28
Coquimbo,4,Ovalle,4301,4,2020-12-29
Coquimbo,4,Ovalle,4301,2,2020-12-30
Coquimbo,4,Ovalle,4301,3,2020-12-31
Coquimbo,4,Ovalle,4301,10,2021-01-04
Coquimbo,4,Ovalle,4301,9,2021-01-05
Coquimbo,4,Ovalle,4301,8,2021-01-06
Coquimbo,4,Ovalle,4301,2,2021-01-07
Coquimbo,4,Ovalle,4301,2,2021-01-08
Coquimbo,4,Ovalle,4301,4,2021-01-11
Coquimbo,4,Ovalle,4301,4,2021-01-12
Coquimbo,4,Ovalle,4301,6,2021-01-13
Coquimbo,4,Ovalle,4301,2,2021-01-14
Coquimbo,4,Combarbalá,4302,1,2020-01-02
Coquimbo,4,Combarbalá,4302,1,2020-01-08
Coquimbo,4,Combarbalá,4302,1,2020-01-27
Coquimbo,4,Combarbalá,4302,1,2020-02-05
Coquimbo,4,Combarbalá,4302,1,2020-02-06
Coquimbo,4,Combarbalá,4302,1,2020-02-13
Coquimbo,4,Combarbalá,4302,1,2020-02-18
Coquimbo,4,Combarbalá,4302,1,2020-02-20
Coquimbo,4,Combarbalá,4302,1,2020-02-24
Coquimbo,4,Combarbalá,4302,1,2020-02-25
Coquimbo,4,Combarbalá,4302,1,2020-03-05
Coquimbo,4,Combarbalá,4302,1,2020-03-13
Coquimbo,4,Combarbalá,4302,1,2020-03-16
Coquimbo,4,Combarbalá,4302,1,2020-03-17
Coquimbo,4,Combarbalá,4302,1,2020-03-24
Coquimbo,4,Combarbalá,4302,1,2020-03-25
Coquimbo,4,Combarbalá,4302,3,2020-03-26
Coquimbo,4,Combarbalá,4302,1,2020-04-01
Coquimbo,4,Combarbalá,4302,2,2020-04-03
Coquimbo,4,Combarbalá,4302,1,2020-04-14
Coquimbo,4,Combarbalá,4302,1,2020-04-20
Coquimbo,4,Combarbalá,4302,1,2020-04-23
Coquimbo,4,Combarbalá,4302,1,2020-04-28
Coquimbo,4,Combarbalá,4302,1,2020-05-04
Coquimbo,4,Combarbalá,4302,1,2020-05-05
Coquimbo,4,Combarbalá,4302,1,2020-05-11
Coquimbo,4,Combarbalá,4302,1,2020-05-18
Coquimbo,4,Combarbalá,4302,1,2020-05-25
Coquimbo,4,Combarbalá,4302,1,2020-05-28
Coquimbo,4,Combarbalá,4302,2,2020-06-01
Coquimbo,4,Combarbalá,4302,1,2020-06-08
Coquimbo,4,Combarbalá,4302,1,2020-06-11
Coquimbo,4,Combarbalá,4302,1,2020-06-18
Coquimbo,4,Combarbalá,4302,1,2020-06-23
Coquimbo,4,Combarbalá,4302,2,2020-06-30
Coquimbo,4,Combarbalá,4302,2,2020-07-24
Coquimbo,4,Combarbalá,4302,1,2020-07-27
Coquimbo,4,Combarbalá,4302,1,2020-08-06
Coquimbo,4,Combarbalá,4302,1,2020-08-13
Coquimbo,4,Combarbalá,4302,1,2020-08-18
Coquimbo,4,Combarbalá,4302,1,2020-08-24
Coquimbo,4,Combarbalá,4302,1,2020-08-27
Coquimbo,4,Combarbalá,4302,2,2020-09-03
Coquimbo,4,Combarbalá,4302,2,2020-09-04
Coquimbo,4,Combarbalá,4302,3,2020-09-07
Coquimbo,4,Combarbalá,4302,1,2020-09-08
Coquimbo,4,Combarbalá,4302,1,2020-09-10
Coquimbo,4,Combarbalá,4302,2,2020-09-21
Coquimbo,4,Combarbalá,4302,4,2020-09-28
Coquimbo,4,Combarbalá,4302,2,2020-10-06
Coquimbo,4,Combarbalá,4302,1,2020-10-13
Coquimbo,4,Combarbalá,4302,1,2020-10-19
Coquimbo,4,Combarbalá,4302,1,2020-10-23
Coquimbo,4,Combarbalá,4302,1,2020-10-26
Coquimbo,4,Combarbalá,4302,2,2020-11-02
Coquimbo,4,Combarbalá,4302,1,2020-11-11
Coquimbo,4,Combarbalá,4302,1,2020-11-12
Coquimbo,4,Combarbalá,4302,1,2020-11-23
Coquimbo,4,Combarbalá,4302,2,2020-11-30
Coquimbo,4,Combarbalá,4302,1,2020-12-02
Coquimbo,4,Combarbalá,4302,1,2020-12-11
Coquimbo,4,Combarbalá,4302,1,2020-12-21
Coquimbo,4,Combarbalá,4302,1,2020-12-28
Coquimbo,4,Combarbalá,4302,1,2021-01-04
Coquimbo,4,Combarbalá,4302,1,2021-01-05
Coquimbo,4,Combarbalá,4302,1,2021-01-07
Coquimbo,4,Combarbalá,4302,3,2021-01-11
Coquimbo,4,Combarbalá,4302,1,2021-01-12
Coquimbo,4,Combarbalá,4302,1,2021-01-14
Coquimbo,4,Monte Patria,4303,2,2020-01-02
Coquimbo,4,Monte Patria,4303,1,2020-01-06
Coquimbo,4,Monte Patria,4303,1,2020-01-10
Coquimbo,4,Monte Patria,4303,2,2020-01-13
Coquimbo,4,Monte Patria,4303,1,2020-01-16
Coquimbo,4,Monte Patria,4303,1,2020-01-20
Coquimbo,4,Monte Patria,4303,1,2020-01-21
Coquimbo,4,Monte Patria,4303,1,2020-01-24
Coquimbo,4,Monte Patria,4303,1,2020-01-31
Coquimbo,4,Monte Patria,4303,1,2020-02-12
Coquimbo,4,Monte Patria,4303,3,2020-02-17
Coquimbo,4,Monte Patria,4303,1,2020-02-24
Coquimbo,4,Monte Patria,4303,1,2020-02-27
Coquimbo,4,Monte Patria,4303,1,2020-02-28
Coquimbo,4,Monte Patria,4303,1,2020-03-02
Coquimbo,4,Monte Patria,4303,1,2020-03-03
Coquimbo,4,Monte Patria,4303,1,2020-03-04
Coquimbo,4,Monte Patria,4303,1,2020-03-09
Coquimbo,4,Monte Patria,4303,1,2020-03-12
Coquimbo,4,Monte Patria,4303,1,2020-03-16
Coquimbo,4,Monte Patria,4303,1,2020-03-19
Coquimbo,4,Monte Patria,4303,2,2020-03-23
Coquimbo,4,Monte Patria,4303,1,2020-03-25
Coquimbo,4,Monte Patria,4303,3,2020-04-01
Coquimbo,4,Monte Patria,4303,1,2020-04-09
Coquimbo,4,Monte Patria,4303,1,2020-04-16
Coquimbo,4,Monte Patria,4303,2,2020-04-20
Coquimbo,4,Monte Patria,4303,1,2020-04-21
Coquimbo,4,Monte Patria,4303,2,2020-04-24
Coquimbo,4,Monte Patria,4303,2,2020-04-27
Coquimbo,4,Monte Patria,4303,2,2020-04-29
Coquimbo,4,Monte Patria,4303,3,2020-04-30
Coquimbo,4,Monte Patria,4303,3,2020-05-04
Coquimbo,4,Monte Patria,4303,2,2020-05-22
Coquimbo,4,Monte Patria,4303,1,2020-05-25
Coquimbo,4,Monte Patria,4303,1,2020-05-27
Coquimbo,4,Monte Patria,4303,1,2020-05-28
Coquimbo,4,Monte Patria,4303,1,2020-06-04
Coquimbo,4,Monte Patria,4303,1,2020-06-10
Coquimbo,4,Monte Patria,4303,1,2020-06-11
Coquimbo,4,Monte Patria,4303,1,2020-06-12
Coquimbo,4,Monte Patria,4303,2,2020-06-15
Coquimbo,4,Monte Patria,4303,1,2020-06-16
Coquimbo,4,Monte Patria,4303,1,2020-06-19
Coquimbo,4,Monte Patria,4303,2,2020-06-22
Coquimbo,4,Monte Patria,4303,2,2020-06-23
Coquimbo,4,Monte Patria,4303,1,2020-06-26
Coquimbo,4,Monte Patria,4303,1,2020-06-30
Coquimbo,4,Monte Patria,4303,1,2020-07-01
Coquimbo,4,Monte Patria,4303,2,2020-07-06
Coquimbo,4,Monte Patria,4303,1,2020-07-14
Coquimbo,4,Monte Patria,4303,1,2020-07-15
Coquimbo,4,Monte Patria,4303,1,2020-07-17
Coquimbo,4,Monte Patria,4303,2,2020-07-20
Coquimbo,4,Monte Patria,4303,2,2020-07-29
Coquimbo,4,Monte Patria,4303,2,2020-07-31
Coquimbo,4,Monte Patria,4303,3,2020-08-03
Coquimbo,4,Monte Patria,4303,1,2020-08-04
Coquimbo,4,Monte Patria,4303,1,2020-08-10
Coquimbo,4,Monte Patria,4303,1,2020-08-14
Coquimbo,4,Monte Patria,4303,2,2020-08-17
Coquimbo,4,Monte Patria,4303,1,2020-08-21
Coquimbo,4,Monte Patria,4303,3,2020-08-24
Coquimbo,4,Monte Patria,4303,1,2020-08-28
Coquimbo,4,Monte Patria,4303,1,2020-08-31
Coquimbo,4,Monte Patria,4303,1,2020-09-01
Coquimbo,4,Monte Patria,4303,1,2020-09-02
Coquimbo,4,Monte Patria,4303,2,2020-09-03
Coquimbo,4,Monte Patria,4303,1,2020-09-04
Coquimbo,4,Monte Patria,4303,2,2020-09-07
Coquimbo,4,Monte Patria,4303,1,2020-09-08
Coquimbo,4,Monte Patria,4303,1,2020-09-09
Coquimbo,4,Monte Patria,4303,2,2020-09-17
Coquimbo,4,Monte Patria,4303,3,2020-09-21
Coquimbo,4,Monte Patria,4303,1,2020-09-25
Coquimbo,4,Monte Patria,4303,1,2020-09-28
Coquimbo,4,Monte Patria,4303,1,2020-09-29
Coquimbo,4,Monte Patria,4303,1,2020-09-30
Coquimbo,4,Monte Patria,4303,2,2020-10-05
Coquimbo,4,Monte Patria,4303,2,2020-10-06
Coquimbo,4,Monte Patria,4303,1,2020-10-13
Coquimbo,4,Monte Patria,4303,3,2020-10-14
Coquimbo,4,Monte Patria,4303,2,2020-10-20
Coquimbo,4,Monte Patria,4303,1,2020-10-23
Coquimbo,4,Monte Patria,4303,1,2020-11-02
Coquimbo,4,Monte Patria,4303,1,2020-11-06
Coquimbo,4,Monte Patria,4303,3,2020-11-09
Coquimbo,4,Monte Patria,4303,1,2020-11-12
Coquimbo,4,Monte Patria,4303,1,2020-11-16
Coquimbo,4,Monte Patria,4303,1,2020-11-18
Coquimbo,4,Monte Patria,4303,1,2020-11-23
Coquimbo,4,Monte Patria,4303,1,2020-11-24
Coquimbo,4,Monte Patria,4303,2,2020-11-30
Coquimbo,4,Monte Patria,4303,1,2020-12-04
Coquimbo,4,Monte Patria,4303,1,2020-12-11
Coquimbo,4,Monte Patria,4303,1,2020-12-17
Coquimbo,4,Monte Patria,4303,2,2020-12-21
Coquimbo,4,Monte Patria,4303,1,2020-12-23
Coquimbo,4,Monte Patria,4303,1,2020-12-24
Coquimbo,4,Monte Patria,4303,1,2020-12-30
Coquimbo,4,Monte Patria,4303,1,2021-01-05
Coquimbo,4,Punitaqui,4304,1,2020-01-03
Coquimbo,4,Punitaqui,4304,1,2020-01-31
Coquimbo,4,Punitaqui,4304,1,2020-02-04
Coquimbo,4,Punitaqui,4304,2,2020-02-20
Coquimbo,4,Punitaqui,4304,1,2020-03-16
Coquimbo,4,Punitaqui,4304,1,2020-03-23
Coquimbo,4,Punitaqui,4304,1,2020-03-30
Coquimbo,4,Punitaqui,4304,1,2020-04-08
Coquimbo,4,Punitaqui,4304,1,2020-04-15
Coquimbo,4,Punitaqui,4304,1,2020-04-17
Coquimbo,4,Punitaqui,4304,1,2020-04-23
Coquimbo,4,Punitaqui,4304,1,2020-04-30
Coquimbo,4,Punitaqui,4304,1,2020-05-02
Coquimbo,4,Punitaqui,4304,1,2020-06-09
Coquimbo,4,Punitaqui,4304,1,2020-06-26
Coquimbo,4,Punitaqui,4304,1,2020-07-15
Coquimbo,4,Punitaqui,4304,1,2020-07-27
Coquimbo,4,Punitaqui,4304,1,2020-07-30
Coquimbo,4,Punitaqui,4304,1,2020-07-31
Coquimbo,4,Punitaqui,4304,1,2020-08-03
Coquimbo,4,Punitaqui,4304,1,2020-08-17
Coquimbo,4,Punitaqui,4304,1,2020-08-21
Coquimbo,4,Punitaqui,4304,1,2020-09-04
Coquimbo,4,Punitaqui,4304,1,2020-09-21
Coquimbo,4,Punitaqui,4304,1,2020-09-29
Coquimbo,4,Punitaqui,4304,1,2020-10-01
Coquimbo,4,Punitaqui,4304,1,2020-10-13
Coquimbo,4,Punitaqui,4304,1,2020-10-26
Coquimbo,4,Punitaqui,4304,1,2020-11-02
Coquimbo,4,Punitaqui,4304,2,2020-11-03
Coquimbo,4,Punitaqui,4304,1,2020-11-16
Coquimbo,4,Punitaqui,4304,2,2020-11-30
Coquimbo,4,Punitaqui,4304,1,2020-12-03
Coquimbo,4,Punitaqui,4304,1,2020-12-11
Coquimbo,4,Río Hurtado,4305,1,2020-01-07
Coquimbo,4,Río Hurtado,4305,2,2020-01-09
Coquimbo,4,Río Hurtado,4305,1,2020-01-24
Coquimbo,4,Río Hurtado,4305,1,2020-02-25
Coquimbo,4,Río Hurtado,4305,1,2020-03-16
Coquimbo,4,Río Hurtado,4305,1,2020-03-26
Coquimbo,4,Río Hurtado,4305,2,2020-03-30
Coquimbo,4,Río Hurtado,4305,1,2020-04-07
Coquimbo,4,Río Hurtado,4305,1,2020-04-17
Coquimbo,4,Río Hurtado,4305,1,2020-04-21
Coquimbo,4,Río Hurtado,4305,1,2020-05-18
Coquimbo,4,Río Hurtado,4305,1,2020-05-22
Coquimbo,4,Río Hurtado,4305,1,2020-05-26
Coquimbo,4,Río Hurtado,4305,1,2020-06-03
Coquimbo,4,Río Hurtado,4305,1,2020-06-25
Coquimbo,4,Río Hurtado,4305,1,2020-07-24
Coquimbo,4,Río Hurtado,4305,1,2020-07-27
Coquimbo,4,Río Hurtado,4305,1,2020-08-13
Coquimbo,4,Río Hurtado,4305,1,2020-08-14
Coquimbo,4,Río Hurtado,4305,1,2020-10-09
Coquimbo,4,Río Hurtado,4305,1,2020-11-26
Coquimbo,4,Río Hurtado,4305,1,2020-12-22
Valparaíso,5,Valparaíso,5101,9,2020-01-02
Valparaíso,5,Valparaíso,5101,11,2020-01-03
Valparaíso,5,Valparaíso,5101,14,2020-01-06
Valparaíso,5,Valparaíso,5101,9,2020-01-07
Valparaíso,5,Valparaíso,5101,8,2020-01-08
Valparaíso,5,Valparaíso,5101,4,2020-01-09
Valparaíso,5,Valparaíso,5101,11,2020-01-10
Valparaíso,5,Valparaíso,5101,20,2020-01-13
Valparaíso,5,Valparaíso,5101,8,2020-01-14
Valparaíso,5,Valparaíso,5101,9,2020-01-15
Valparaíso,5,Valparaíso,5101,6,2020-01-16
Valparaíso,5,Valparaíso,5101,15,2020-01-17
Valparaíso,5,Valparaíso,5101,1,2020-01-18
Valparaíso,5,Valparaíso,5101,21,2020-01-20
Valparaíso,5,Valparaíso,5101,10,2020-01-21
Valparaíso,5,Valparaíso,5101,5,2020-01-22
Valparaíso,5,Valparaíso,5101,3,2020-01-23
Valparaíso,5,Valparaíso,5101,5,2020-01-24
Valparaíso,5,Valparaíso,5101,2,2020-01-26
Valparaíso,5,Valparaíso,5101,16,2020-01-27
Valparaíso,5,Valparaíso,5101,11,2020-01-28
Valparaíso,5,Valparaíso,5101,8,2020-01-29
Valparaíso,5,Valparaíso,5101,5,2020-01-30
Valparaíso,5,Valparaíso,5101,7,2020-01-31
Valparaíso,5,Valparaíso,5101,19,2020-02-03
Valparaíso,5,Valparaíso,5101,2,2020-02-04
Valparaíso,5,Valparaíso,5101,3,2020-02-05
Valparaíso,5,Valparaíso,5101,10,2020-02-06
Valparaíso,5,Valparaíso,5101,14,2020-02-07
Valparaíso,5,Valparaíso,5101,22,2020-02-10
Valparaíso,5,Valparaíso,5101,6,2020-02-11
Valparaíso,5,Valparaíso,5101,8,2020-02-12
Valparaíso,5,Valparaíso,5101,8,2020-02-13
Valparaíso,5,Valparaíso,5101,8,2020-02-14
Valparaíso,5,Valparaíso,5101,18,2020-02-17
Valparaíso,5,Valparaíso,5101,9,2020-02-18
Valparaíso,5,Valparaíso,5101,11,2020-02-19
Valparaíso,5,Valparaíso,5101,9,2020-02-20
Valparaíso,5,Valparaíso,5101,5,2020-02-21
Valparaíso,5,Valparaíso,5101,15,2020-02-24
Valparaíso,5,Valparaíso,5101,11,2020-02-25
Valparaíso,5,Valparaíso,5101,9,2020-02-26
Valparaíso,5,Valparaíso,5101,8,2020-02-27
Valparaíso,5,Valparaíso,5101,5,2020-02-28
Valparaíso,5,Valparaíso,5101,19,2020-03-02
Valparaíso,5,Valparaíso,5101,10,2020-03-03
Valparaíso,5,Valparaíso,5101,11,2020-03-04
Valparaíso,5,Valparaíso,5101,12,2020-03-05
Valparaíso,5,Valparaíso,5101,9,2020-03-06
Valparaíso,5,Valparaíso,5101,21,2020-03-09
Valparaíso,5,Valparaíso,5101,8,2020-03-10
Valparaíso,5,Valparaíso,5101,9,2020-03-11
Valparaíso,5,Valparaíso,5101,6,2020-03-12
Valparaíso,5,Valparaíso,5101,5,2020-03-13
Valparaíso,5,Valparaíso,5101,1,2020-03-14
Valparaíso,5,Valparaíso,5101,1,2020-03-15
Valparaíso,5,Valparaíso,5101,14,2020-03-16
Valparaíso,5,Valparaíso,5101,10,2020-03-17
Valparaíso,5,Valparaíso,5101,3,2020-03-18
Valparaíso,5,Valparaíso,5101,6,2020-03-19
Valparaíso,5,Valparaíso,5101,6,2020-03-20
Valparaíso,5,Valparaíso,5101,24,2020-03-23
Valparaíso,5,Valparaíso,5101,10,2020-03-24
Valparaíso,5,Valparaíso,5101,7,2020-03-25
Valparaíso,5,Valparaíso,5101,7,2020-03-26
Valparaíso,5,Valparaíso,5101,7,2020-03-27
Valparaíso,5,Valparaíso,5101,1,2020-03-29
Valparaíso,5,Valparaíso,5101,18,2020-03-30
Valparaíso,5,Valparaíso,5101,4,2020-03-31
Valparaíso,5,Valparaíso,5101,8,2020-04-01
Valparaíso,5,Valparaíso,5101,8,2020-04-02
Valparaíso,5,Valparaíso,5101,8,2020-04-03
Valparaíso,5,Valparaíso,5101,17,2020-04-06
Valparaíso,5,Valparaíso,5101,6,2020-04-07
Valparaíso,5,Valparaíso,5101,8,2020-04-08
Valparaíso,5,Valparaíso,5101,17,2020-04-09
Valparaíso,5,Valparaíso,5101,17,2020-04-13
Valparaíso,5,Valparaíso,5101,7,2020-04-14
Valparaíso,5,Valparaíso,5101,10,2020-04-15
Valparaíso,5,Valparaíso,5101,9,2020-04-16
Valparaíso,5,Valparaíso,5101,5,2020-04-17
Valparaíso,5,Valparaíso,5101,16,2020-04-20
Valparaíso,5,Valparaíso,5101,5,2020-04-21
Valparaíso,5,Valparaíso,5101,6,2020-04-22
Valparaíso,5,Valparaíso,5101,8,2020-04-23
Valparaíso,5,Valparaíso,5101,6,2020-04-24
Valparaíso,5,Valparaíso,5101,16,2020-04-27
Valparaíso,5,Valparaíso,5101,5,2020-04-28
Valparaíso,5,Valparaíso,5101,5,2020-04-29
Valparaíso,5,Valparaíso,5101,7,2020-04-30
Valparaíso,5,Valparaíso,5101,1,2020-05-01
Valparaíso,5,Valparaíso,5101,15,2020-05-04
Valparaíso,5,Valparaíso,5101,16,2020-05-05
Valparaíso,5,Valparaíso,5101,6,2020-05-06
Valparaíso,5,Valparaíso,5101,9,2020-05-07
Valparaíso,5,Valparaíso,5101,6,2020-05-08
Valparaíso,5,Valparaíso,5101,27,2020-05-11
Valparaíso,5,Valparaíso,5101,10,2020-05-12
Valparaíso,5,Valparaíso,5101,5,2020-05-13
Valparaíso,5,Valparaíso,5101,7,2020-05-14
Valparaíso,5,Valparaíso,5101,8,2020-05-15
Valparaíso,5,Valparaíso,5101,1,2020-05-16
Valparaíso,5,Valparaíso,5101,15,2020-05-18
Valparaíso,5,Valparaíso,5101,12,2020-05-19
Valparaíso,5,Valparaíso,5101,5,2020-05-20
Valparaíso,5,Valparaíso,5101,1,2020-05-21
Valparaíso,5,Valparaíso,5101,17,2020-05-22
Valparaíso,5,Valparaíso,5101,19,2020-05-25
Valparaíso,5,Valparaíso,5101,7,2020-05-26
Valparaíso,5,Valparaíso,5101,10,2020-05-27
Valparaíso,5,Valparaíso,5101,10,2020-05-28
Valparaíso,5,Valparaíso,5101,7,2020-05-29
Valparaíso,5,Valparaíso,5101,5,2020-05-30
Valparaíso,5,Valparaíso,5101,20,2020-06-01
Valparaíso,5,Valparaíso,5101,10,2020-06-02
Valparaíso,5,Valparaíso,5101,11,2020-06-03
Valparaíso,5,Valparaíso,5101,6,2020-06-04
Valparaíso,5,Valparaíso,5101,12,2020-06-05
Valparaíso,5,Valparaíso,5101,1,2020-06-06
Valparaíso,5,Valparaíso,5101,36,2020-06-08
Valparaíso,5,Valparaíso,5101,6,2020-06-09
Valparaíso,5,Valparaíso,5101,8,2020-06-10
Valparaíso,5,Valparaíso,5101,8,2020-06-11
Valparaíso,5,Valparaíso,5101,15,2020-06-12
Valparaíso,5,Valparaíso,5101,1,2020-06-13
Valparaíso,5,Valparaíso,5101,30,2020-06-15
Valparaíso,5,Valparaíso,5101,8,2020-06-16
Valparaíso,5,Valparaíso,5101,12,2020-06-17
Valparaíso,5,Valparaíso,5101,5,2020-06-18
Valparaíso,5,Valparaíso,5101,8,2020-06-19
Valparaíso,5,Valparaíso,5101,20,2020-06-22
Valparaíso,5,Valparaíso,5101,17,2020-06-23
Valparaíso,5,Valparaíso,5101,15,2020-06-24
Valparaíso,5,Valparaíso,5101,5,2020-06-25
Valparaíso,5,Valparaíso,5101,16,2020-06-26
Valparaíso,5,Valparaíso,5101,2,2020-06-27
Valparaíso,5,Valparaíso,5101,1,2020-06-28
Valparaíso,5,Valparaíso,5101,26,2020-06-30
Valparaíso,5,Valparaíso,5101,4,2020-07-01
Valparaíso,5,Valparaíso,5101,9,2020-07-02
Valparaíso,5,Valparaíso,5101,9,2020-07-03
Valparaíso,5,Valparaíso,5101,1,2020-07-04
Valparaíso,5,Valparaíso,5101,1,2020-07-05
Valparaíso,5,Valparaíso,5101,23,2020-07-06
Valparaíso,5,Valparaíso,5101,17,2020-07-07
Valparaíso,5,Valparaíso,5101,4,2020-07-08
Valparaíso,5,Valparaíso,5101,12,2020-07-09
Valparaíso,5,Valparaíso,5101,13,2020-07-10
Valparaíso,5,Valparaíso,5101,3,2020-07-11
Valparaíso,5,Valparaíso,5101,3,2020-07-12
Valparaíso,5,Valparaíso,5101,14,2020-07-13
Valparaíso,5,Valparaíso,5101,10,2020-07-14
Valparaíso,5,Valparaíso,5101,10,2020-07-15
Valparaíso,5,Valparaíso,5101,7,2020-07-16
Valparaíso,5,Valparaíso,5101,11,2020-07-17
Valparaíso,5,Valparaíso,5101,6,2020-07-18
Valparaíso,5,Valparaíso,5101,3,2020-07-19
Valparaíso,5,Valparaíso,5101,16,2020-07-20
Valparaíso,5,Valparaíso,5101,9,2020-07-21
Valparaíso,5,Valparaíso,5101,7,2020-07-22
Valparaíso,5,Valparaíso,5101,4,2020-07-23
Valparaíso,5,Valparaíso,5101,3,2020-07-24
Valparaíso,5,Valparaíso,5101,1,2020-07-25
Valparaíso,5,Valparaíso,5101,6,2020-07-26
Valparaíso,5,Valparaíso,5101,9,2020-07-27
Valparaíso,5,Valparaíso,5101,6,2020-07-28
Valparaíso,5,Valparaíso,5101,13,2020-07-29
Valparaíso,5,Valparaíso,5101,13,2020-07-30
Valparaíso,5,Valparaíso,5101,13,2020-07-31
Valparaíso,5,Valparaíso,5101,7,2020-08-01
Valparaíso,5,Valparaíso,5101,6,2020-08-02
Valparaíso,5,Valparaíso,5101,12,2020-08-03
Valparaíso,5,Valparaíso,5101,14,2020-08-04
Valparaíso,5,Valparaíso,5101,10,2020-08-05
Valparaíso,5,Valparaíso,5101,9,2020-08-06
Valparaíso,5,Valparaíso,5101,5,2020-08-07
Valparaíso,5,Valparaíso,5101,6,2020-08-08
Valparaíso,5,Valparaíso,5101,7,2020-08-09
Valparaíso,5,Valparaíso,5101,12,2020-08-10
Valparaíso,5,Valparaíso,5101,7,2020-08-11
Valparaíso,5,Valparaíso,5101,6,2020-08-12
Valparaíso,5,Valparaíso,5101,9,2020-08-13
Valparaíso,5,Valparaíso,5101,8,2020-08-14
Valparaíso,5,Valparaíso,5101,5,2020-08-15
Valparaíso,5,Valparaíso,5101,3,2020-08-16
Valparaíso,5,Valparaíso,5101,13,2020-08-17
Valparaíso,5,Valparaíso,5101,12,2020-08-18
Valparaíso,5,Valparaíso,5101,8,2020-08-19
Valparaíso,5,Valparaíso,5101,11,2020-08-20
Valparaíso,5,Valparaíso,5101,6,2020-08-21
Valparaíso,5,Valparaíso,5101,6,2020-08-22
Valparaíso,5,Valparaíso,5101,8,2020-08-23
Valparaíso,5,Valparaíso,5101,8,2020-08-24
Valparaíso,5,Valparaíso,5101,11,2020-08-25
Valparaíso,5,Valparaíso,5101,9,2020-08-26
Valparaíso,5,Valparaíso,5101,14,2020-08-27
Valparaíso,5,Valparaíso,5101,6,2020-08-28
Valparaíso,5,Valparaíso,5101,5,2020-08-29
Valparaíso,5,Valparaíso,5101,2,2020-08-30
Valparaíso,5,Valparaíso,5101,22,2020-08-31
Valparaíso,5,Valparaíso,5101,5,2020-09-01
Valparaíso,5,Valparaíso,5101,15,2020-09-02
Valparaíso,5,Valparaíso,5101,11,2020-09-03
Valparaíso,5,Valparaíso,5101,5,2020-09-04
Valparaíso,5,Valparaíso,5101,6,2020-09-05
Valparaíso,5,Valparaíso,5101,4,2020-09-06
Valparaíso,5,Valparaíso,5101,8,2020-09-07
Valparaíso,5,Valparaíso,5101,4,2020-09-08
Valparaíso,5,Valparaíso,5101,9,2020-09-09
Valparaíso,5,Valparaíso,5101,12,2020-09-10
Valparaíso,5,Valparaíso,5101,12,2020-09-11
Valparaíso,5,Valparaíso,5101,5,2020-09-12
Valparaíso,5,Valparaíso,5101,15,2020-09-14
Valparaíso,5,Valparaíso,5101,7,2020-09-15
Valparaíso,5,Valparaíso,5101,10,2020-09-16
Valparaíso,5,Valparaíso,5101,13,2020-09-17
Valparaíso,5,Valparaíso,5101,1,2020-09-18
Valparaíso,5,Valparaíso,5101,1,2020-09-20
Valparaíso,5,Valparaíso,5101,31,2020-09-21
Valparaíso,5,Valparaíso,5101,12,2020-09-22
Valparaíso,5,Valparaíso,5101,8,2020-09-23
Valparaíso,5,Valparaíso,5101,11,2020-09-24
Valparaíso,5,Valparaíso,5101,6,2020-09-25
Valparaíso,5,Valparaíso,5101,1,2020-09-26
Valparaíso,5,Valparaíso,5101,20,2020-09-28
Valparaíso,5,Valparaíso,5101,5,2020-09-29
Valparaíso,5,Valparaíso,5101,6,2020-09-30
Valparaíso,5,Valparaíso,5101,10,2020-10-01
Valparaíso,5,Valparaíso,5101,13,2020-10-02
Valparaíso,5,Valparaíso,5101,1,2020-10-03
Valparaíso,5,Valparaíso,5101,17,2020-10-05
Valparaíso,5,Valparaíso,5101,14,2020-10-06
Valparaíso,5,Valparaíso,5101,11,2020-10-07
Valparaíso,5,Valparaíso,5101,10,2020-10-08
Valparaíso,5,Valparaíso,5101,10,2020-10-09
Valparaíso,5,Valparaíso,5101,2,2020-10-10
Valparaíso,5,Valparaíso,5101,2,2020-10-11
Valparaíso,5,Valparaíso,5101,1,2020-10-12
Valparaíso,5,Valparaíso,5101,33,2020-10-13
Valparaíso,5,Valparaíso,5101,7,2020-10-14
Valparaíso,5,Valparaíso,5101,8,2020-10-15
Valparaíso,5,Valparaíso,5101,7,2020-10-16
Valparaíso,5,Valparaíso,5101,1,2020-10-17
Valparaíso,5,Valparaíso,5101,24,2020-10-19
Valparaíso,5,Valparaíso,5101,8,2020-10-20
Valparaíso,5,Valparaíso,5101,9,2020-10-21
Valparaíso,5,Valparaíso,5101,11,2020-10-22
Valparaíso,5,Valparaíso,5101,15,2020-10-23
Valparaíso,5,Valparaíso,5101,14,2020-10-26
Valparaíso,5,Valparaíso,5101,11,2020-10-27
Valparaíso,5,Valparaíso,5101,14,2020-10-28
Valparaíso,5,Valparaíso,5101,9,2020-10-29
Valparaíso,5,Valparaíso,5101,5,2020-10-30
Valparaíso,5,Valparaíso,5101,21,2020-11-02
Valparaíso,5,Valparaíso,5101,7,2020-11-03
Valparaíso,5,Valparaíso,5101,10,2020-11-04
Valparaíso,5,Valparaíso,5101,5,2020-11-05
Valparaíso,5,Valparaíso,5101,8,2020-11-06
Valparaíso,5,Valparaíso,5101,22,2020-11-09
Valparaíso,5,Valparaíso,5101,3,2020-11-10
Valparaíso,5,Valparaíso,5101,8,2020-11-11
Valparaíso,5,Valparaíso,5101,7,2020-11-12
Valparaíso,5,Valparaíso,5101,5,2020-11-13
Valparaíso,5,Valparaíso,5101,2,2020-11-14
Valparaíso,5,Valparaíso,5101,1,2020-11-15
Valparaíso,5,Valparaíso,5101,18,2020-11-16
Valparaíso,5,Valparaíso,5101,9,2020-11-17
Valparaíso,5,Valparaíso,5101,8,2020-11-18
Valparaíso,5,Valparaíso,5101,8,2020-11-19
Valparaíso,5,Valparaíso,5101,8,2020-11-20
Valparaíso,5,Valparaíso,5101,1,2020-11-21
Valparaíso,5,Valparaíso,5101,15,2020-11-23
Valparaíso,5,Valparaíso,5101,16,2020-11-24
Valparaíso,5,Valparaíso,5101,8,2020-11-25
Valparaíso,5,Valparaíso,5101,12,2020-11-26
Valparaíso,5,Valparaíso,5101,9,2020-11-27
Valparaíso,5,Valparaíso,5101,22,2020-11-30
Valparaíso,5,Valparaíso,5101,11,2020-12-01
Valparaíso,5,Valparaíso,5101,11,2020-12-02
Valparaíso,5,Valparaíso,5101,11,2020-12-03
Valparaíso,5,Valparaíso,5101,7,2020-12-04
Valparaíso,5,Valparaíso,5101,21,2020-12-07
Valparaíso,5,Valparaíso,5101,13,2020-12-09
Valparaíso,5,Valparaíso,5101,7,2020-12-10
Valparaíso,5,Valparaíso,5101,13,2020-12-11
Valparaíso,5,Valparaíso,5101,1,2020-12-13
Valparaíso,5,Valparaíso,5101,21,2020-12-14
Valparaíso,5,Valparaíso,5101,11,2020-12-15
Valparaíso,5,Valparaíso,5101,11,2020-12-16
Valparaíso,5,Valparaíso,5101,6,2020-12-17
Valparaíso,5,Valparaíso,5101,2,2020-12-18
Valparaíso,5,Valparaíso,5101,2,2020-12-20
Valparaíso,5,Valparaíso,5101,15,2020-12-21
Valparaíso,5,Valparaíso,5101,9,2020-12-22
Valparaíso,5,Valparaíso,5101,7,2020-12-23
Valparaíso,5,Valparaíso,5101,7,2020-12-24
Valparaíso,5,Valparaíso,5101,2,2020-12-25
Valparaíso,5,Valparaíso,5101,2,2020-12-26
Valparaíso,5,Valparaíso,5101,1,2020-12-27
Valparaíso,5,Valparaíso,5101,20,2020-12-28
Valparaíso,5,Valparaíso,5101,12,2020-12-29
Valparaíso,5,Valparaíso,5101,4,2020-12-30
Valparaíso,5,Valparaíso,5101,4,2020-12-31
Valparaíso,5,Valparaíso,5101,1,2021-01-01
Valparaíso,5,Valparaíso,5101,2,2021-01-02
Valparaíso,5,Valparaíso,5101,18,2021-01-04
Valparaíso,5,Valparaíso,5101,9,2021-01-05
Valparaíso,5,Valparaíso,5101,4,2021-01-06
Valparaíso,5,Valparaíso,5101,9,2021-01-07
Valparaíso,5,Valparaíso,5101,8,2021-01-08
Valparaíso,5,Valparaíso,5101,27,2021-01-11
Valparaíso,5,Valparaíso,5101,8,2021-01-12
Valparaíso,5,Valparaíso,5101,7,2021-01-13
Valparaíso,5,Valparaíso,5101,7,2021-01-14
Valparaíso,5,Casablanca,5102,1,2020-01-06
Valparaíso,5,Casablanca,5102,1,2020-02-04
Valparaíso,5,Casablanca,5102,1,2020-02-10
Valparaíso,5,Casablanca,5102,1,2020-02-11
Valparaíso,5,Casablanca,5102,1,2020-02-19
Valparaíso,5,Casablanca,5102,1,2020-03-11
Valparaíso,5,Casablanca,5102,1,2020-03-12
Valparaíso,5,Casablanca,5102,2,2020-03-16
Valparaíso,5,Casablanca,5102,1,2020-03-25
Valparaíso,5,Casablanca,5102,1,2020-04-06
Valparaíso,5,Casablanca,5102,1,2020-04-07
Valparaíso,5,Casablanca,5102,1,2020-04-16
Valparaíso,5,Casablanca,5102,1,2020-04-20
Valparaíso,5,Casablanca,5102,1,2020-04-23
Valparaíso,5,Casablanca,5102,1,2020-04-28
Valparaíso,5,Casablanca,5102,3,2020-04-30
Valparaíso,5,Casablanca,5102,2,2020-05-13
Valparaíso,5,Casablanca,5102,1,2020-05-15
Valparaíso,5,Casablanca,5102,1,2020-05-18
Valparaíso,5,Casablanca,5102,1,2020-05-25
Valparaíso,5,Casablanca,5102,1,2020-05-26
Valparaíso,5,Casablanca,5102,1,2020-05-27
Valparaíso,5,Casablanca,5102,1,2020-05-28
Valparaíso,5,Casablanca,5102,1,2020-06-02
Valparaíso,5,Casablanca,5102,1,2020-06-05
Valparaíso,5,Casablanca,5102,1,2020-06-08
Valparaíso,5,Casablanca,5102,1,2020-06-15
Valparaíso,5,Casablanca,5102,1,2020-06-22
Valparaíso,5,Casablanca,5102,1,2020-06-26
Valparaíso,5,Casablanca,5102,1,2020-06-28
Valparaíso,5,Casablanca,5102,4,2020-06-30
Valparaíso,5,Casablanca,5102,1,2020-07-06
Valparaíso,5,Casablanca,5102,1,2020-07-13
Valparaíso,5,Casablanca,5102,1,2020-07-18
Valparaíso,5,Casablanca,5102,1,2020-07-25
Valparaíso,5,Casablanca,5102,2,2020-07-27
Valparaíso,5,Casablanca,5102,1,2020-07-29
Valparaíso,5,Casablanca,5102,1,2020-08-01
Valparaíso,5,Casablanca,5102,1,2020-08-03
Valparaíso,5,Casablanca,5102,2,2020-08-05
Valparaíso,5,Casablanca,5102,1,2020-08-06
Valparaíso,5,Casablanca,5102,1,2020-08-10
Valparaíso,5,Casablanca,5102,1,2020-08-13
Valparaíso,5,Casablanca,5102,1,2020-08-14
Valparaíso,5,Casablanca,5102,1,2020-08-17
Valparaíso,5,Casablanca,5102,1,2020-08-19
Valparaíso,5,Casablanca,5102,1,2020-08-21
Valparaíso,5,Casablanca,5102,1,2020-08-23
Valparaíso,5,Casablanca,5102,1,2020-08-24
Valparaíso,5,Casablanca,5102,1,2020-08-28
Valparaíso,5,Casablanca,5102,3,2020-08-31
Valparaíso,5,Casablanca,5102,0,2020-09-03
Valparaíso,5,Casablanca,5102,1,2020-09-04
Valparaíso,5,Casablanca,5102,2,2020-09-07
Valparaíso,5,Casablanca,5102,1,2020-09-08
Valparaíso,5,Casablanca,5102,3,2020-09-14
Valparaíso,5,Casablanca,5102,1,2020-09-21
Valparaíso,5,Casablanca,5102,1,2020-09-22
Valparaíso,5,Casablanca,5102,1,2020-09-25
Valparaíso,5,Casablanca,5102,1,2020-09-28
Valparaíso,5,Casablanca,5102,1,2020-09-29
Valparaíso,5,Casablanca,5102,3,2020-10-05
Valparaíso,5,Casablanca,5102,3,2020-10-13
Valparaíso,5,Casablanca,5102,2,2020-10-14
Valparaíso,5,Casablanca,5102,1,2020-10-26
Valparaíso,5,Casablanca,5102,1,2020-10-27
Valparaíso,5,Casablanca,5102,1,2020-10-28
Valparaíso,5,Casablanca,5102,1,2020-10-29
Valparaíso,5,Casablanca,5102,1,2020-10-30
Valparaíso,5,Casablanca,5102,2,2020-11-02
Valparaíso,5,Casablanca,5102,4,2020-11-04
Valparaíso,5,Casablanca,5102,1,2020-11-05
Valparaíso,5,Casablanca,5102,2,2020-11-09
Valparaíso,5,Casablanca,5102,1,2020-11-13
Valparaíso,5,Casablanca,5102,1,2020-11-16
Valparaíso,5,Casablanca,5102,1,2020-11-17
Valparaíso,5,Casablanca,5102,1,2020-11-25
Valparaíso,5,Casablanca,5102,1,2020-11-30
Valparaíso,5,Casablanca,5102,2,2020-12-02
Valparaíso,5,Casablanca,5102,1,2020-12-04
Valparaíso,5,Casablanca,5102,3,2020-12-07
Valparaíso,5,Casablanca,5102,2,2020-12-09
Valparaíso,5,Casablanca,5102,1,2020-12-14
Valparaíso,5,Casablanca,5102,1,2020-12-16
Valparaíso,5,Casablanca,5102,1,2020-12-17
Valparaíso,5,Casablanca,5102,2,2020-12-21
Valparaíso,5,Casablanca,5102,1,2020-12-29
Valparaíso,5,Casablanca,5102,1,2021-01-08
Valparaíso,5,Casablanca,5102,1,2021-01-12
Valparaíso,5,Casablanca,5102,1,2021-01-13
Valparaíso,5,Concón,5103,1,2020-01-03
Valparaíso,5,Concón,5103,2,2020-01-07
Valparaíso,5,Concón,5103,1,2020-01-09
Valparaíso,5,Concón,5103,1,2020-01-21
Valparaíso,5,Concón,5103,1,2020-01-22
Valparaíso,5,Concón,5103,1,2020-01-27
Valparaíso,5,Concón,5103,1,2020-01-28
Valparaíso,5,Concón,5103,1,2020-01-31
Valparaíso,5,Concón,5103,1,2020-02-01
Valparaíso,5,Concón,5103,1,2020-02-03
Valparaíso,5,Concón,5103,2,2020-02-06
Valparaíso,5,Concón,5103,1,2020-02-10
Valparaíso,5,Concón,5103,1,2020-02-12
Valparaíso,5,Concón,5103,2,2020-02-17
Valparaíso,5,Concón,5103,1,2020-02-24
Valparaíso,5,Concón,5103,1,2020-03-05
Valparaíso,5,Concón,5103,1,2020-03-12
Valparaíso,5,Concón,5103,1,2020-03-18
Valparaíso,5,Concón,5103,2,2020-03-20
Valparaíso,5,Concón,5103,2,2020-03-26
Valparaíso,5,Concón,5103,1,2020-03-27
Valparaíso,5,Concón,5103,3,2020-03-30
Valparaíso,5,Concón,5103,1,2020-03-31
Valparaíso,5,Concón,5103,1,2020-04-01
Valparaíso,5,Concón,5103,2,2020-04-03
Valparaíso,5,Concón,5103,1,2020-04-11
Valparaíso,5,Concón,5103,1,2020-04-13
Valparaíso,5,Concón,5103,1,2020-04-15
Valparaíso,5,Concón,5103,1,2020-04-17
Valparaíso,5,Concón,5103,1,2020-04-20
Valparaíso,5,Concón,5103,2,2020-04-22
Valparaíso,5,Concón,5103,1,2020-04-24
Valparaíso,5,Concón,5103,1,2020-05-01
Valparaíso,5,Concón,5103,1,2020-05-04
Valparaíso,5,Concón,5103,1,2020-05-05
Valparaíso,5,Concón,5103,1,2020-05-06
Valparaíso,5,Concón,5103,2,2020-05-18
Valparaíso,5,Concón,5103,2,2020-05-19
Valparaíso,5,Concón,5103,2,2020-05-25
Valparaíso,5,Concón,5103,1,2020-05-28
Valparaíso,5,Concón,5103,1,2020-06-01
Valparaíso,5,Concón,5103,1,2020-06-05
Valparaíso,5,Concón,5103,2,2020-06-08
Valparaíso,5,Concón,5103,1,2020-06-11
Valparaíso,5,Concón,5103,1,2020-06-12
Valparaíso,5,Concón,5103,2,2020-06-15
Valparaíso,5,Concón,5103,2,2020-06-18
Valparaíso,5,Concón,5103,2,2020-06-19
Valparaíso,5,Concón,5103,1,2020-06-22
Valparaíso,5,Concón,5103,1,2020-06-27
Valparaíso,5,Concón,5103,1,2020-07-01
Valparaíso,5,Concón,5103,2,2020-07-02
Valparaíso,5,Concón,5103,1,2020-07-03
Valparaíso,5,Concón,5103,1,2020-07-05
Valparaíso,5,Concón,5103,3,2020-07-08
Valparaíso,5,Concón,5103,1,2020-07-09
Valparaíso,5,Concón,5103,1,2020-07-10
Valparaíso,5,Concón,5103,2,2020-07-13
Valparaíso,5,Concón,5103,1,2020-07-17
Valparaíso,5,Concón,5103,2,2020-07-20
Valparaíso,5,Concón,5103,2,2020-07-27
Valparaíso,5,Concón,5103,1,2020-07-31
Valparaíso,5,Concón,5103,1,2020-08-10
Valparaíso,5,Concón,5103,1,2020-08-13
Valparaíso,5,Concón,5103,3,2020-08-14
Valparaíso,5,Concón,5103,1,2020-08-18
Valparaíso,5,Concón,5103,1,2020-09-03
Valparaíso,5,Concón,5103,1,2020-09-04
Valparaíso,5,Concón,5103,1,2020-09-09
Valparaíso,5,Concón,5103,1,2020-09-10
Valparaíso,5,Concón,5103,1,2020-09-11
Valparaíso,5,Concón,5103,2,2020-09-14
Valparaíso,5,Concón,5103,1,2020-09-16
Valparaíso,5,Concón,5103,1,2020-09-17
Valparaíso,5,Concón,5103,3,2020-09-21
Valparaíso,5,Concón,5103,1,2020-09-22
Valparaíso,5,Concón,5103,3,2020-09-29
Valparaíso,5,Concón,5103,1,2020-09-30
Valparaíso,5,Concón,5103,1,2020-10-02
Valparaíso,5,Concón,5103,2,2020-10-05
Valparaíso,5,Concón,5103,1,2020-10-08
Valparaíso,5,Concón,5103,1,2020-10-15
Valparaíso,5,Concón,5103,1,2020-10-16
Valparaíso,5,Concón,5103,1,2020-10-18
Valparaíso,5,Concón,5103,1,2020-10-19
Valparaíso,5,Concón,5103,1,2020-10-20
Valparaíso,5,Concón,5103,1,2020-10-21
Valparaíso,5,Concón,5103,1,2020-10-23
Valparaíso,5,Concón,5103,1,2020-10-29
Valparaíso,5,Concón,5103,1,2020-10-30
Valparaíso,5,Concón,5103,1,2020-11-02
Valparaíso,5,Concón,5103,2,2020-11-04
Valparaíso,5,Concón,5103,2,2020-11-09
Valparaíso,5,Concón,5103,1,2020-11-10
Valparaíso,5,Concón,5103,1,2020-11-19
Valparaíso,5,Concón,5103,1,2020-11-20
Valparaíso,5,Concón,5103,2,2020-11-23
Valparaíso,5,Concón,5103,2,2020-11-24
Valparaíso,5,Concón,5103,2,2020-11-30
Valparaíso,5,Concón,5103,1,2020-12-02
Valparaíso,5,Concón,5103,1,2020-12-07
Valparaíso,5,Concón,5103,1,2020-12-14
Valparaíso,5,Concón,5103,1,2020-12-15
Valparaíso,5,Concón,5103,1,2020-12-16
Valparaíso,5,Concón,5103,1,2020-12-18
Valparaíso,5,Concón,5103,2,2020-12-21
Valparaíso,5,Concón,5103,2,2020-12-23
Valparaíso,5,Concón,5103,1,2020-12-26
Valparaíso,5,Concón,5103,2,2020-12-28
Valparaíso,5,Concón,5103,1,2020-12-31
Valparaíso,5,Concón,5103,1,2021-01-04
Valparaíso,5,Concón,5103,2,2021-01-05
Valparaíso,5,Concón,5103,2,2021-01-11
Valparaíso,5,Concón,5103,1,2021-01-13
Valparaíso,5,Puchuncaví,5105,1,2020-01-02
Valparaíso,5,Puchuncaví,5105,1,2020-01-13
Valparaíso,5,Puchuncaví,5105,2,2020-01-16
Valparaíso,5,Puchuncaví,5105,1,2020-01-17
Valparaíso,5,Puchuncaví,5105,1,2020-01-20
Valparaíso,5,Puchuncaví,5105,1,2020-01-23
Valparaíso,5,Puchuncaví,5105,1,2020-01-27
Valparaíso,5,Puchuncaví,5105,1,2020-01-28
Valparaíso,5,Puchuncaví,5105,1,2020-02-03
Valparaíso,5,Puchuncaví,5105,1,2020-02-04
Valparaíso,5,Puchuncaví,5105,1,2020-02-07
Valparaíso,5,Puchuncaví,5105,1,2020-02-08
Valparaíso,5,Puchuncaví,5105,1,2020-02-12
Valparaíso,5,Puchuncaví,5105,1,2020-02-17
Valparaíso,5,Puchuncaví,5105,1,2020-02-19
Valparaíso,5,Puchuncaví,5105,1,2020-02-20
Valparaíso,5,Puchuncaví,5105,1,2020-02-28
Valparaíso,5,Puchuncaví,5105,1,2020-03-06
Valparaíso,5,Puchuncaví,5105,1,2020-03-12
Valparaíso,5,Puchuncaví,5105,1,2020-03-26
Valparaíso,5,Puchuncaví,5105,3,2020-03-30
Valparaíso,5,Puchuncaví,5105,1,2020-04-20
Valparaíso,5,Puchuncaví,5105,1,2020-04-24
Valparaíso,5,Puchuncaví,5105,1,2020-04-29
Valparaíso,5,Puchuncaví,5105,1,2020-05-07
Valparaíso,5,Puchuncaví,5105,1,2020-05-08
Valparaíso,5,Puchuncaví,5105,1,2020-05-11
Valparaíso,5,Puchuncaví,5105,1,2020-05-12
Valparaíso,5,Puchuncaví,5105,1,2020-05-13
Valparaíso,5,Puchuncaví,5105,1,2020-05-14
Valparaíso,5,Puchuncaví,5105,1,2020-05-15
Valparaíso,5,Puchuncaví,5105,3,2020-05-18
Valparaíso,5,Puchuncaví,5105,1,2020-05-19
Valparaíso,5,Puchuncaví,5105,1,2020-05-29
Valparaíso,5,Puchuncaví,5105,1,2020-06-01
Valparaíso,5,Puchuncaví,5105,1,2020-06-02
Valparaíso,5,Puchuncaví,5105,1,2020-06-03
Valparaíso,5,Puchuncaví,5105,1,2020-06-05
Valparaíso,5,Puchuncaví,5105,2,2020-06-08
Valparaíso,5,Puchuncaví,5105,2,2020-06-15
Valparaíso,5,Puchuncaví,5105,1,2020-06-16
Valparaíso,5,Puchuncaví,5105,1,2020-06-22
Valparaíso,5,Puchuncaví,5105,2,2020-06-24
Valparaíso,5,Puchuncaví,5105,2,2020-06-30
Valparaíso,5,Puchuncaví,5105,1,2020-07-08
Valparaíso,5,Puchuncaví,5105,1,2020-07-10
Valparaíso,5,Puchuncaví,5105,1,2020-07-13
Valparaíso,5,Puchuncaví,5105,1,2020-07-17
Valparaíso,5,Puchuncaví,5105,2,2020-07-20
Valparaíso,5,Puchuncaví,5105,1,2020-07-26
Valparaíso,5,Puchuncaví,5105,2,2020-07-31
Valparaíso,5,Puchuncaví,5105,1,2020-08-03
Valparaíso,5,Puchuncaví,5105,1,2020-08-06
Valparaíso,5,Puchuncaví,5105,1,2020-08-13
Valparaíso,5,Puchuncaví,5105,2,2020-08-17
Valparaíso,5,Puchuncaví,5105,1,2020-08-18
Valparaíso,5,Puchuncaví,5105,1,2020-08-20
Valparaíso,5,Puchuncaví,5105,1,2020-08-21
Valparaíso,5,Puchuncaví,5105,1,2020-08-24
Valparaíso,5,Puchuncaví,5105,1,2020-09-02
Valparaíso,5,Puchuncaví,5105,1,2020-09-09
Valparaíso,5,Puchuncaví,5105,1,2020-09-14
Valparaíso,5,Puchuncaví,5105,1,2020-09-15
Valparaíso,5,Puchuncaví,5105,1,2020-09-16
Valparaíso,5,Puchuncaví,5105,3,2020-10-05
Valparaíso,5,Puchuncaví,5105,1,2020-10-06
Valparaíso,5,Puchuncaví,5105,2,2020-10-08
Valparaíso,5,Puchuncaví,5105,2,2020-10-16
Valparaíso,5,Puchuncaví,5105,2,2020-10-19
Valparaíso,5,Puchuncaví,5105,1,2020-11-03
Valparaíso,5,Puchuncaví,5105,1,2020-11-13
Valparaíso,5,Puchuncaví,5105,2,2020-11-16
Valparaíso,5,Puchuncaví,5105,1,2020-11-17
Valparaíso,5,Puchuncaví,5105,1,2020-11-19
Valparaíso,5,Puchuncaví,5105,1,2020-11-27
Valparaíso,5,Puchuncaví,5105,1,2020-11-30
Valparaíso,5,Puchuncaví,5105,1,2020-12-09
Valparaíso,5,Puchuncaví,5105,2,2020-12-14
Valparaíso,5,Puchuncaví,5105,1,2020-12-16
Valparaíso,5,Puchuncaví,5105,1,2020-12-22
Valparaíso,5,Puchuncaví,5105,1,2020-12-28
Valparaíso,5,Puchuncaví,5105,1,2020-12-29
Valparaíso,5,Puchuncaví,5105,1,2020-12-30
Valparaíso,5,Puchuncaví,5105,1,2021-01-05
Valparaíso,5,Puchuncaví,5105,2,2021-01-06
Valparaíso,5,Puchuncaví,5105,1,2021-01-07
Valparaíso,5,Puchuncaví,5105,1,2021-01-08
Valparaíso,5,Puchuncaví,5105,1,2021-01-12
Valparaíso,5,Quintero,5107,2,2020-01-03
Valparaíso,5,Quintero,5107,2,2020-01-06
Valparaíso,5,Quintero,5107,1,2020-01-07
Valparaíso,5,Quintero,5107,1,2020-01-08
Valparaíso,5,Quintero,5107,1,2020-01-09
Valparaíso,5,Quintero,5107,1,2020-01-10
Valparaíso,5,Quintero,5107,2,2020-01-13
Valparaíso,5,Quintero,5107,1,2020-01-15
Valparaíso,5,Quintero,5107,1,2020-01-21
Valparaíso,5,Quintero,5107,2,2020-01-29
Valparaíso,5,Quintero,5107,4,2020-01-31
Valparaíso,5,Quintero,5107,1,2020-02-03
Valparaíso,5,Quintero,5107,1,2020-02-05
Valparaíso,5,Quintero,5107,1,2020-02-07
Valparaíso,5,Quintero,5107,3,2020-02-10
Valparaíso,5,Quintero,5107,1,2020-02-17
Valparaíso,5,Quintero,5107,1,2020-02-19
Valparaíso,5,Quintero,5107,1,2020-02-21
Valparaíso,5,Quintero,5107,1,2020-02-24
Valparaíso,5,Quintero,5107,2,2020-02-27
Valparaíso,5,Quintero,5107,1,2020-03-02
Valparaíso,5,Quintero,5107,1,2020-03-03
Valparaíso,5,Quintero,5107,1,2020-03-08
Valparaíso,5,Quintero,5107,2,2020-03-09
Valparaíso,5,Quintero,5107,1,2020-03-10
Valparaíso,5,Quintero,5107,1,2020-03-17
Valparaíso,5,Quintero,5107,1,2020-03-19
Valparaíso,5,Quintero,5107,2,2020-03-20
Valparaíso,5,Quintero,5107,1,2020-03-22
Valparaíso,5,Quintero,5107,3,2020-03-23
Valparaíso,5,Quintero,5107,1,2020-03-24
Valparaíso,5,Quintero,5107,2,2020-03-30
Valparaíso,5,Quintero,5107,1,2020-03-31
Valparaíso,5,Quintero,5107,1,2020-04-01
Valparaíso,5,Quintero,5107,1,2020-04-03
Valparaíso,5,Quintero,5107,1,2020-04-09
Valparaíso,5,Quintero,5107,3,2020-04-13
Valparaíso,5,Quintero,5107,1,2020-04-14
Valparaíso,5,Quintero,5107,2,2020-04-16
Valparaíso,5,Quintero,5107,1,2020-04-17
Valparaíso,5,Quintero,5107,1,2020-04-20
Valparaíso,5,Quintero,5107,1,2020-04-21
Valparaíso,5,Quintero,5107,1,2020-04-23
Valparaíso,5,Quintero,5107,1,2020-04-27
Valparaíso,5,Quintero,5107,2,2020-04-28
Valparaíso,5,Quintero,5107,3,2020-04-30
Valparaíso,5,Quintero,5107,1,2020-05-04
Valparaíso,5,Quintero,5107,1,2020-05-05
Valparaíso,5,Quintero,5107,2,2020-05-07
Valparaíso,5,Quintero,5107,2,2020-05-11
Valparaíso,5,Quintero,5107,1,2020-05-18
Valparaíso,5,Quintero,5107,1,2020-05-19
Valparaíso,5,Quintero,5107,1,2020-05-25
Valparaíso,5,Quintero,5107,1,2020-05-26
Valparaíso,5,Quintero,5107,3,2020-06-01
Valparaíso,5,Quintero,5107,1,2020-06-03
Valparaíso,5,Quintero,5107,2,2020-06-04
Valparaíso,5,Quintero,5107,2,2020-06-05
Valparaíso,5,Quintero,5107,4,2020-06-08
Valparaíso,5,Quintero,5107,1,2020-06-09
Valparaíso,5,Quintero,5107,1,2020-06-12
Valparaíso,5,Quintero,5107,1,2020-06-15
Valparaíso,5,Quintero,5107,1,2020-06-17
Valparaíso,5,Quintero,5107,2,2020-06-18
Valparaíso,5,Quintero,5107,4,2020-06-22
Valparaíso,5,Quintero,5107,1,2020-06-23
Valparaíso,5,Quintero,5107,3,2020-06-24
Valparaíso,5,Quintero,5107,1,2020-06-26
Valparaíso,5,Quintero,5107,1,2020-07-03
Valparaíso,5,Quintero,5107,1,2020-07-06
Valparaíso,5,Quintero,5107,1,2020-07-07
Valparaíso,5,Quintero,5107,1,2020-07-13
Valparaíso,5,Quintero,5107,1,2020-07-14
Valparaíso,5,Quintero,5107,1,2020-07-15
Valparaíso,5,Quintero,5107,2,2020-07-17
Valparaíso,5,Quintero,5107,1,2020-07-19
Valparaíso,5,Quintero,5107,1,2020-07-20
Valparaíso,5,Quintero,5107,3,2020-07-27
Valparaíso,5,Quintero,5107,1,2020-07-28
Valparaíso,5,Quintero,5107,1,2020-07-29
Valparaíso,5,Quintero,5107,1,2020-07-31
Valparaíso,5,Quintero,5107,1,2020-08-03
Valparaíso,5,Quintero,5107,1,2020-08-06
Valparaíso,5,Quintero,5107,1,2020-08-08
Valparaíso,5,Quintero,5107,2,2020-08-10
Valparaíso,5,Quintero,5107,1,2020-08-15
Valparaíso,5,Quintero,5107,3,2020-08-17
Valparaíso,5,Quintero,5107,1,2020-08-18
Valparaíso,5,Quintero,5107,3,2020-08-20
Valparaíso,5,Quintero,5107,3,2020-08-24
Valparaíso,5,Quintero,5107,1,2020-08-27
Valparaíso,5,Quintero,5107,2,2020-08-31
Valparaíso,5,Quintero,5107,1,2020-09-01
Valparaíso,5,Quintero,5107,1,2020-09-03
Valparaíso,5,Quintero,5107,3,2020-09-07
Valparaíso,5,Quintero,5107,1,2020-09-08
Valparaíso,5,Quintero,5107,2,2020-09-09
Valparaíso,5,Quintero,5107,1,2020-09-11
Valparaíso,5,Quintero,5107,1,2020-09-14
Valparaíso,5,Quintero,5107,1,2020-09-15
Valparaíso,5,Quintero,5107,2,2020-09-21
Valparaíso,5,Quintero,5107,1,2020-09-22
Valparaíso,5,Quintero,5107,1,2020-09-23
Valparaíso,5,Quintero,5107,1,2020-09-24
Valparaíso,5,Quintero,5107,4,2020-09-28
Valparaíso,5,Quintero,5107,3,2020-10-05
Valparaíso,5,Quintero,5107,1,2020-10-06
Valparaíso,5,Quintero,5107,3,2020-10-13
Valparaíso,5,Quintero,5107,1,2020-10-20
Valparaíso,5,Quintero,5107,2,2020-10-21
Valparaíso,5,Quintero,5107,1,2020-10-23
Valparaíso,5,Quintero,5107,1,2020-10-26
Valparaíso,5,Quintero,5107,1,2020-10-30
Valparaíso,5,Quintero,5107,2,2020-11-02
Valparaíso,5,Quintero,5107,2,2020-11-03
Valparaíso,5,Quintero,5107,1,2020-11-09
Valparaíso,5,Quintero,5107,1,2020-11-12
Valparaíso,5,Quintero,5107,3,2020-11-16
Valparaíso,5,Quintero,5107,1,2020-11-17
Valparaíso,5,Quintero,5107,1,2020-11-19
Valparaíso,5,Quintero,5107,1,2020-11-20
Valparaíso,5,Quintero,5107,2,2020-11-23
Valparaíso,5,Quintero,5107,1,2020-11-24
Valparaíso,5,Quintero,5107,1,2020-11-26
Valparaíso,5,Quintero,5107,2,2020-11-30
Valparaíso,5,Quintero,5107,1,2020-12-01
Valparaíso,5,Quintero,5107,1,2020-12-03
Valparaíso,5,Quintero,5107,1,2020-12-04
Valparaíso,5,Quintero,5107,2,2020-12-09
Valparaíso,5,Quintero,5107,1,2020-12-10
Valparaíso,5,Quintero,5107,1,2020-12-11
Valparaíso,5,Quintero,5107,1,2020-12-16
Valparaíso,5,Quintero,5107,1,2020-12-18
Valparaíso,5,Quintero,5107,1,2020-12-21
Valparaíso,5,Quintero,5107,1,2020-12-22
Valparaíso,5,Quintero,5107,1,2020-12-23
Valparaíso,5,Quintero,5107,1,2020-12-28
Valparaíso,5,Quintero,5107,1,2020-12-29
Valparaíso,5,Quintero,5107,1,2021-01-04
Valparaíso,5,Quintero,5107,1,2021-01-06
Valparaíso,5,Quintero,5107,1,2021-01-10
Valparaíso,5,Quintero,5107,1,2021-01-11
Valparaíso,5,Quintero,5107,1,2021-01-12
Valparaíso,5,Viña del Mar,5109,1,2020-01-01
Valparaíso,5,Viña del Mar,5109,19,2020-01-02
Valparaíso,5,Viña del Mar,5109,6,2020-01-03
Valparaíso,5,Viña del Mar,5109,18,2020-01-06
Valparaíso,5,Viña del Mar,5109,13,2020-01-07
Valparaíso,5,Viña del Mar,5109,6,2020-01-08
Valparaíso,5,Viña del Mar,5109,9,2020-01-09
Valparaíso,5,Viña del Mar,5109,10,2020-01-10
Valparaíso,5,Viña del Mar,5109,1,2020-01-11
Valparaíso,5,Viña del Mar,5109,15,2020-01-13
Valparaíso,5,Viña del Mar,5109,6,2020-01-14
Valparaíso,5,Viña del Mar,5109,6,2020-01-15
Valparaíso,5,Viña del Mar,5109,6,2020-01-16
Valparaíso,5,Viña del Mar,5109,8,2020-01-17
Valparaíso,5,Viña del Mar,5109,1,2020-01-18
Valparaíso,5,Viña del Mar,5109,17,2020-01-20
Valparaíso,5,Viña del Mar,5109,4,2020-01-21
Valparaíso,5,Viña del Mar,5109,3,2020-01-22
Valparaíso,5,Viña del Mar,5109,10,2020-01-23
Valparaíso,5,Viña del Mar,5109,7,2020-01-24
Valparaíso,5,Viña del Mar,5109,17,2020-01-27
Valparaíso,5,Viña del Mar,5109,12,2020-01-28
Valparaíso,5,Viña del Mar,5109,2,2020-01-29
Valparaíso,5,Viña del Mar,5109,8,2020-01-30
Valparaíso,5,Viña del Mar,5109,8,2020-01-31
Valparaíso,5,Viña del Mar,5109,17,2020-02-03
Valparaíso,5,Viña del Mar,5109,12,2020-02-04
Valparaíso,5,Viña del Mar,5109,7,2020-02-05
Valparaíso,5,Viña del Mar,5109,9,2020-02-06
Valparaíso,5,Viña del Mar,5109,9,2020-02-07
Valparaíso,5,Viña del Mar,5109,11,2020-02-10
Valparaíso,5,Viña del Mar,5109,13,2020-02-11
Valparaíso,5,Viña del Mar,5109,11,2020-02-12
Valparaíso,5,Viña del Mar,5109,7,2020-02-13
Valparaíso,5,Viña del Mar,5109,13,2020-02-14
Valparaíso,5,Viña del Mar,5109,1,2020-02-15
Valparaíso,5,Viña del Mar,5109,22,2020-02-17
Valparaíso,5,Viña del Mar,5109,5,2020-02-18
Valparaíso,5,Viña del Mar,5109,7,2020-02-19
Valparaíso,5,Viña del Mar,5109,3,2020-02-20
Valparaíso,5,Viña del Mar,5109,8,2020-02-21
Valparaíso,5,Viña del Mar,5109,16,2020-02-24
Valparaíso,5,Viña del Mar,5109,6,2020-02-25
Valparaíso,5,Viña del Mar,5109,12,2020-02-26
Valparaíso,5,Viña del Mar,5109,7,2020-02-27
Valparaíso,5,Viña del Mar,5109,3,2020-02-28
Valparaíso,5,Viña del Mar,5109,2,2020-02-29
Valparaíso,5,Viña del Mar,5109,15,2020-03-02
Valparaíso,5,Viña del Mar,5109,11,2020-03-03
Valparaíso,5,Viña del Mar,5109,6,2020-03-04
Valparaíso,5,Viña del Mar,5109,13,2020-03-05
Valparaíso,5,Viña del Mar,5109,6,2020-03-06
Valparaíso,5,Viña del Mar,5109,2,2020-03-07
Valparaíso,5,Viña del Mar,5109,19,2020-03-09
Valparaíso,5,Viña del Mar,5109,7,2020-03-10
Valparaíso,5,Viña del Mar,5109,7,2020-03-11
Valparaíso,5,Viña del Mar,5109,4,2020-03-12
Valparaíso,5,Viña del Mar,5109,8,2020-03-13
Valparaíso,5,Viña del Mar,5109,1,2020-03-14
Valparaíso,5,Viña del Mar,5109,2,2020-03-15
Valparaíso,5,Viña del Mar,5109,27,2020-03-16
Valparaíso,5,Viña del Mar,5109,5,2020-03-17
Valparaíso,5,Viña del Mar,5109,11,2020-03-18
Valparaíso,5,Viña del Mar,5109,6,2020-03-19
Valparaíso,5,Viña del Mar,5109,10,2020-03-20
Valparaíso,5,Viña del Mar,5109,11,2020-03-23
Valparaíso,5,Viña del Mar,5109,7,2020-03-24
Valparaíso,5,Viña del Mar,5109,8,2020-03-25
Valparaíso,5,Viña del Mar,5109,10,2020-03-26
Valparaíso,5,Viña del Mar,5109,12,2020-03-27
Valparaíso,5,Viña del Mar,5109,16,2020-03-30
Valparaíso,5,Viña del Mar,5109,7,2020-03-31
Valparaíso,5,Viña del Mar,5109,7,2020-04-01
Valparaíso,5,Viña del Mar,5109,4,2020-04-02
Valparaíso,5,Viña del Mar,5109,8,2020-04-03
Valparaíso,5,Viña del Mar,5109,1,2020-04-04
Valparaíso,5,Viña del Mar,5109,2,2020-04-05
Valparaíso,5,Viña del Mar,5109,23,2020-04-06
Valparaíso,5,Viña del Mar,5109,6,2020-04-07
Valparaíso,5,Viña del Mar,5109,6,2020-04-08
Valparaíso,5,Viña del Mar,5109,9,2020-04-09
Valparaíso,5,Viña del Mar,5109,5,2020-04-10
Valparaíso,5,Viña del Mar,5109,5,2020-04-11
Valparaíso,5,Viña del Mar,5109,1,2020-04-12
Valparaíso,5,Viña del Mar,5109,23,2020-04-13
Valparaíso,5,Viña del Mar,5109,9,2020-04-14
Valparaíso,5,Viña del Mar,5109,8,2020-04-15
Valparaíso,5,Viña del Mar,5109,8,2020-04-16
Valparaíso,5,Viña del Mar,5109,7,2020-04-17
Valparaíso,5,Viña del Mar,5109,1,2020-04-18
Valparaíso,5,Viña del Mar,5109,24,2020-04-20
Valparaíso,5,Viña del Mar,5109,10,2020-04-21
Valparaíso,5,Viña del Mar,5109,13,2020-04-22
Valparaíso,5,Viña del Mar,5109,9,2020-04-23
Valparaíso,5,Viña del Mar,5109,8,2020-04-24
Valparaíso,5,Viña del Mar,5109,2,2020-04-25
Valparaíso,5,Viña del Mar,5109,22,2020-04-27
Valparaíso,5,Viña del Mar,5109,9,2020-04-28
Valparaíso,5,Viña del Mar,5109,7,2020-04-29
Valparaíso,5,Viña del Mar,5109,10,2020-04-30
Valparaíso,5,Viña del Mar,5109,5,2020-05-01
Valparaíso,5,Viña del Mar,5109,5,2020-05-02
Valparaíso,5,Viña del Mar,5109,25,2020-05-04
Valparaíso,5,Viña del Mar,5109,10,2020-05-05
Valparaíso,5,Viña del Mar,5109,8,2020-05-06
Valparaíso,5,Viña del Mar,5109,9,2020-05-07
Valparaíso,5,Viña del Mar,5109,12,2020-05-08
Valparaíso,5,Viña del Mar,5109,1,2020-05-09
Valparaíso,5,Viña del Mar,5109,33,2020-05-11
Valparaíso,5,Viña del Mar,5109,17,2020-05-12
Valparaíso,5,Viña del Mar,5109,7,2020-05-13
Valparaíso,5,Viña del Mar,5109,10,2020-05-14
Valparaíso,5,Viña del Mar,5109,12,2020-05-15
Valparaíso,5,Viña del Mar,5109,2,2020-05-16
Valparaíso,5,Viña del Mar,5109,20,2020-05-18
Valparaíso,5,Viña del Mar,5109,19,2020-05-19
Valparaíso,5,Viña del Mar,5109,16,2020-05-20
Valparaíso,5,Viña del Mar,5109,15,2020-05-22
Valparaíso,5,Viña del Mar,5109,1,2020-05-24
Valparaíso,5,Viña del Mar,5109,28,2020-05-25
Valparaíso,5,Viña del Mar,5109,11,2020-05-26
Valparaíso,5,Viña del Mar,5109,7,2020-05-27
Valparaíso,5,Viña del Mar,5109,6,2020-05-28
Valparaíso,5,Viña del Mar,5109,17,2020-05-29
Valparaíso,5,Viña del Mar,5109,1,2020-05-30
Valparaíso,5,Viña del Mar,5109,1,2020-05-31
Valparaíso,5,Viña del Mar,5109,15,2020-06-01
Valparaíso,5,Viña del Mar,5109,7,2020-06-02
Valparaíso,5,Viña del Mar,5109,6,2020-06-03
Valparaíso,5,Viña del Mar,5109,13,2020-06-04
Valparaíso,5,Viña del Mar,5109,12,2020-06-05
Valparaíso,5,Viña del Mar,5109,1,2020-06-06
Valparaíso,5,Viña del Mar,5109,1,2020-06-07
Valparaíso,5,Viña del Mar,5109,34,2020-06-08
Valparaíso,5,Viña del Mar,5109,13,2020-06-09
Valparaíso,5,Viña del Mar,5109,11,2020-06-10
Valparaíso,5,Viña del Mar,5109,13,2020-06-11
Valparaíso,5,Viña del Mar,5109,11,2020-06-12
Valparaíso,5,Viña del Mar,5109,1,2020-06-14
Valparaíso,5,Viña del Mar,5109,31,2020-06-15
Valparaíso,5,Viña del Mar,5109,12,2020-06-16
Valparaíso,5,Viña del Mar,5109,11,2020-06-17
Valparaíso,5,Viña del Mar,5109,20,2020-06-18
Valparaíso,5,Viña del Mar,5109,11,2020-06-19
Valparaíso,5,Viña del Mar,5109,1,2020-06-20
Valparaíso,5,Viña del Mar,5109,2,2020-06-21
Valparaíso,5,Viña del Mar,5109,18,2020-06-22
Valparaíso,5,Viña del Mar,5109,14,2020-06-23
Valparaíso,5,Viña del Mar,5109,9,2020-06-24
Valparaíso,5,Viña del Mar,5109,7,2020-06-25
Valparaíso,5,Viña del Mar,5109,18,2020-06-26
Valparaíso,5,Viña del Mar,5109,7,2020-06-27
Valparaíso,5,Viña del Mar,5109,5,2020-06-28
Valparaíso,5,Viña del Mar,5109,32,2020-06-30
Valparaíso,5,Viña del Mar,5109,7,2020-07-01
Valparaíso,5,Viña del Mar,5109,8,2020-07-02
Valparaíso,5,Viña del Mar,5109,12,2020-07-03
Valparaíso,5,Viña del Mar,5109,2,2020-07-04
Valparaíso,5,Viña del Mar,5109,19,2020-07-06
Valparaíso,5,Viña del Mar,5109,8,2020-07-07
Valparaíso,5,Viña del Mar,5109,13,2020-07-08
Valparaíso,5,Viña del Mar,5109,13,2020-07-09
Valparaíso,5,Viña del Mar,5109,16,2020-07-10
Valparaíso,5,Viña del Mar,5109,23,2020-07-13
Valparaíso,5,Viña del Mar,5109,12,2020-07-14
Valparaíso,5,Viña del Mar,5109,13,2020-07-15
Valparaíso,5,Viña del Mar,5109,3,2020-07-16
Valparaíso,5,Viña del Mar,5109,16,2020-07-17
Valparaíso,5,Viña del Mar,5109,2,2020-07-18
Valparaíso,5,Viña del Mar,5109,4,2020-07-19
Valparaíso,5,Viña del Mar,5109,25,2020-07-20
Valparaíso,5,Viña del Mar,5109,7,2020-07-21
Valparaíso,5,Viña del Mar,5109,14,2020-07-22
Valparaíso,5,Viña del Mar,5109,10,2020-07-23
Valparaíso,5,Viña del Mar,5109,13,2020-07-24
Valparaíso,5,Viña del Mar,5109,4,2020-07-25
Valparaíso,5,Viña del Mar,5109,3,2020-07-26
Valparaíso,5,Viña del Mar,5109,15,2020-07-27
Valparaíso,5,Viña del Mar,5109,14,2020-07-28
Valparaíso,5,Viña del Mar,5109,11,2020-07-29
Valparaíso,5,Viña del Mar,5109,12,2020-07-30
Valparaíso,5,Viña del Mar,5109,10,2020-07-31
Valparaíso,5,Viña del Mar,5109,3,2020-08-01
Valparaíso,5,Viña del Mar,5109,3,2020-08-02
Valparaíso,5,Viña del Mar,5109,21,2020-08-03
Valparaíso,5,Viña del Mar,5109,11,2020-08-04
Valparaíso,5,Viña del Mar,5109,13,2020-08-05
Valparaíso,5,Viña del Mar,5109,6,2020-08-06
Valparaíso,5,Viña del Mar,5109,17,2020-08-07
Valparaíso,5,Viña del Mar,5109,7,2020-08-08
Valparaíso,5,Viña del Mar,5109,3,2020-08-09
Valparaíso,5,Viña del Mar,5109,21,2020-08-10
Valparaíso,5,Viña del Mar,5109,8,2020-08-11
Valparaíso,5,Viña del Mar,5109,8,2020-08-12
Valparaíso,5,Viña del Mar,5109,9,2020-08-13
Valparaíso,5,Viña del Mar,5109,16,2020-08-14
Valparaíso,5,Viña del Mar,5109,3,2020-08-15
Valparaíso,5,Viña del Mar,5109,8,2020-08-16
Valparaíso,5,Viña del Mar,5109,16,2020-08-17
Valparaíso,5,Viña del Mar,5109,22,2020-08-18
Valparaíso,5,Viña del Mar,5109,10,2020-08-19
Valparaíso,5,Viña del Mar,5109,8,2020-08-20
Valparaíso,5,Viña del Mar,5109,12,2020-08-21
Valparaíso,5,Viña del Mar,5109,6,2020-08-22
Valparaíso,5,Viña del Mar,5109,6,2020-08-23
Valparaíso,5,Viña del Mar,5109,15,2020-08-24
Valparaíso,5,Viña del Mar,5109,13,2020-08-25
Valparaíso,5,Viña del Mar,5109,9,2020-08-26
Valparaíso,5,Viña del Mar,5109,10,2020-08-27
Valparaíso,5,Viña del Mar,5109,20,2020-08-28
Valparaíso,5,Viña del Mar,5109,3,2020-08-29
Valparaíso,5,Viña del Mar,5109,1,2020-08-30
Valparaíso,5,Viña del Mar,5109,17,2020-08-31
Valparaíso,5,Viña del Mar,5109,11,2020-09-01
Valparaíso,5,Viña del Mar,5109,11,2020-09-02
Valparaíso,5,Viña del Mar,5109,7,2020-09-03
Valparaíso,5,Viña del Mar,5109,14,2020-09-04
Valparaíso,5,Viña del Mar,5109,4,2020-09-05
Valparaíso,5,Viña del Mar,5109,1,2020-09-06
Valparaíso,5,Viña del Mar,5109,28,2020-09-07
Valparaíso,5,Viña del Mar,5109,15,2020-09-08
Valparaíso,5,Viña del Mar,5109,12,2020-09-09
Valparaíso,5,Viña del Mar,5109,5,2020-09-10
Valparaíso,5,Viña del Mar,5109,12,2020-09-11
Valparaíso,5,Viña del Mar,5109,4,2020-09-12
Valparaíso,5,Viña del Mar,5109,1,2020-09-13
Valparaíso,5,Viña del Mar,5109,25,2020-09-14
Valparaíso,5,Viña del Mar,5109,10,2020-09-15
Valparaíso,5,Viña del Mar,5109,14,2020-09-16
Valparaíso,5,Viña del Mar,5109,9,2020-09-17
Valparaíso,5,Viña del Mar,5109,7,2020-09-18
Valparaíso,5,Viña del Mar,5109,3,2020-09-19
Valparaíso,5,Viña del Mar,5109,28,2020-09-21
Valparaíso,5,Viña del Mar,5109,7,2020-09-22
Valparaíso,5,Viña del Mar,5109,9,2020-09-23
Valparaíso,5,Viña del Mar,5109,7,2020-09-24
Valparaíso,5,Viña del Mar,5109,10,2020-09-25
Valparaíso,5,Viña del Mar,5109,1,2020-09-27
Valparaíso,5,Viña del Mar,5109,27,2020-09-28
Valparaíso,5,Viña del Mar,5109,12,2020-09-29
Valparaíso,5,Viña del Mar,5109,8,2020-09-30
Valparaíso,5,Viña del Mar,5109,11,2020-10-01
Valparaíso,5,Viña del Mar,5109,12,2020-10-02
Valparaíso,5,Viña del Mar,5109,2,2020-10-03
Valparaíso,5,Viña del Mar,5109,1,2020-10-04
Valparaíso,5,Viña del Mar,5109,29,2020-10-05
Valparaíso,5,Viña del Mar,5109,6,2020-10-06
Valparaíso,5,Viña del Mar,5109,11,2020-10-07
Valparaíso,5,Viña del Mar,5109,12,2020-10-08
Valparaíso,5,Viña del Mar,5109,12,2020-10-09
Valparaíso,5,Viña del Mar,5109,2,2020-10-10
Valparaíso,5,Viña del Mar,5109,3,2020-10-11
Valparaíso,5,Viña del Mar,5109,19,2020-10-13
Valparaíso,5,Viña del Mar,5109,7,2020-10-14
Valparaíso,5,Viña del Mar,5109,8,2020-10-15
Valparaíso,5,Viña del Mar,5109,10,2020-10-16
Valparaíso,5,Viña del Mar,5109,1,2020-10-17
Valparaíso,5,Viña del Mar,5109,1,2020-10-18
Valparaíso,5,Viña del Mar,5109,25,2020-10-19
Valparaíso,5,Viña del Mar,5109,9,2020-10-20
Valparaíso,5,Viña del Mar,5109,13,2020-10-21
Valparaíso,5,Viña del Mar,5109,12,2020-10-22
Valparaíso,5,Viña del Mar,5109,7,2020-10-23
Valparaíso,5,Viña del Mar,5109,1,2020-10-24
Valparaíso,5,Viña del Mar,5109,16,2020-10-26
Valparaíso,5,Viña del Mar,5109,9,2020-10-27
Valparaíso,5,Viña del Mar,5109,7,2020-10-28
Valparaíso,5,Viña del Mar,5109,10,2020-10-29
Valparaíso,5,Viña del Mar,5109,15,2020-10-30
Valparaíso,5,Viña del Mar,5109,14,2020-11-02
Valparaíso,5,Viña del Mar,5109,12,2020-11-03
Valparaíso,5,Viña del Mar,5109,11,2020-11-04
Valparaíso,5,Viña del Mar,5109,16,2020-11-05
Valparaíso,5,Viña del Mar,5109,13,2020-11-06
Valparaíso,5,Viña del Mar,5109,24,2020-11-09
Valparaíso,5,Viña del Mar,5109,8,2020-11-10
Valparaíso,5,Viña del Mar,5109,9,2020-11-11
Valparaíso,5,Viña del Mar,5109,4,2020-11-12
Valparaíso,5,Viña del Mar,5109,7,2020-11-13
Valparaíso,5,Viña del Mar,5109,1,2020-11-15
Valparaíso,5,Viña del Mar,5109,17,2020-11-16
Valparaíso,5,Viña del Mar,5109,4,2020-11-17
Valparaíso,5,Viña del Mar,5109,9,2020-11-18
Valparaíso,5,Viña del Mar,5109,12,2020-11-19
Valparaíso,5,Viña del Mar,5109,11,2020-11-20
Valparaíso,5,Viña del Mar,5109,1,2020-11-22
Valparaíso,5,Viña del Mar,5109,21,2020-11-23
Valparaíso,5,Viña del Mar,5109,9,2020-11-24
Valparaíso,5,Viña del Mar,5109,3,2020-11-25
Valparaíso,5,Viña del Mar,5109,9,2020-11-26
Valparaíso,5,Viña del Mar,5109,11,2020-11-27
Valparaíso,5,Viña del Mar,5109,1,2020-11-29
Valparaíso,5,Viña del Mar,5109,19,2020-11-30
Valparaíso,5,Viña del Mar,5109,4,2020-12-01
Valparaíso,5,Viña del Mar,5109,9,2020-12-02
Valparaíso,5,Viña del Mar,5109,6,2020-12-03
Valparaíso,5,Viña del Mar,5109,6,2020-12-04
Valparaíso,5,Viña del Mar,5109,1,2020-12-05
Valparaíso,5,Viña del Mar,5109,19,2020-12-07
Valparaíso,5,Viña del Mar,5109,11,2020-12-09
Valparaíso,5,Viña del Mar,5109,8,2020-12-10
Valparaíso,5,Viña del Mar,5109,14,2020-12-11
Valparaíso,5,Viña del Mar,5109,13,2020-12-14
Valparaíso,5,Viña del Mar,5109,15,2020-12-15
Valparaíso,5,Viña del Mar,5109,10,2020-12-16
Valparaíso,5,Viña del Mar,5109,11,2020-12-17
Valparaíso,5,Viña del Mar,5109,8,2020-12-18
Valparaíso,5,Viña del Mar,5109,1,2020-12-19
Valparaíso,5,Viña del Mar,5109,1,2020-12-20
Valparaíso,5,Viña del Mar,5109,18,2020-12-21
Valparaíso,5,Viña del Mar,5109,13,2020-12-22
Valparaíso,5,Viña del Mar,5109,7,2020-12-23
Valparaíso,5,Viña del Mar,5109,5,2020-12-24
Valparaíso,5,Viña del Mar,5109,2,2020-12-25
Valparaíso,5,Viña del Mar,5109,7,2020-12-26
Valparaíso,5,Viña del Mar,5109,23,2020-12-28
Valparaíso,5,Viña del Mar,5109,10,2020-12-29
Valparaíso,5,Viña del Mar,5109,6,2020-12-30
Valparaíso,5,Viña del Mar,5109,7,2020-12-31
Valparaíso,5,Viña del Mar,5109,4,2021-01-01
Valparaíso,5,Viña del Mar,5109,3,2021-01-02
Valparaíso,5,Viña del Mar,5109,1,2021-01-03
Valparaíso,5,Viña del Mar,5109,27,2021-01-04
Valparaíso,5,Viña del Mar,5109,11,2021-01-05
Valparaíso,5,Viña del Mar,5109,10,2021-01-06
Valparaíso,5,Viña del Mar,5109,10,2021-01-07
Valparaíso,5,Viña del Mar,5109,12,2021-01-08
Valparaíso,5,Viña del Mar,5109,14,2021-01-11
Valparaíso,5,Viña del Mar,5109,9,2021-01-12
Valparaíso,5,Viña del Mar,5109,6,2021-01-13
Valparaíso,5,Viña del Mar,5109,10,2021-01-14
Valparaíso,5,Isla de Pascua,5201,1,2020-01-21
Valparaíso,5,Isla de Pascua,5201,1,2020-01-24
Valparaíso,5,Isla de Pascua,5201,1,2020-01-29
Valparaíso,5,Isla de Pascua,5201,1,2020-02-03
Valparaíso,5,Isla de Pascua,5201,1,2020-02-17
Valparaíso,5,Isla de Pascua,5201,1,2020-03-04
Valparaíso,5,Isla de Pascua,5201,1,2020-03-05
Valparaíso,5,Isla de Pascua,5201,1,2020-03-10
Valparaíso,5,Isla de Pascua,5201,1,2020-03-18
Valparaíso,5,Isla de Pascua,5201,1,2020-04-03
Valparaíso,5,Isla de Pascua,5201,1,2020-04-07
Valparaíso,5,Isla de Pascua,5201,1,2020-04-20
Valparaíso,5,Isla de Pascua,5201,1,2020-04-28
Valparaíso,5,Isla de Pascua,5201,1,2020-05-22
Valparaíso,5,Isla de Pascua,5201,1,2020-08-10
Valparaíso,5,Isla de Pascua,5201,1,2020-08-17
Valparaíso,5,Isla de Pascua,5201,1,2020-09-15
Valparaíso,5,Isla de Pascua,5201,1,2020-09-17
Valparaíso,5,Isla de Pascua,5201,1,2020-09-28
Valparaíso,5,Isla de Pascua,5201,1,2020-10-02
Valparaíso,5,Isla de Pascua,5201,1,2020-10-07
Valparaíso,5,Isla de Pascua,5201,1,2020-10-23
Valparaíso,5,Isla de Pascua,5201,1,2020-11-09
Valparaíso,5,Isla de Pascua,5201,1,2020-12-11
Valparaíso,5,Isla de Pascua,5201,1,2020-12-16
Valparaíso,5,Isla de Pascua,5201,1,2021-01-05
Valparaíso,5,Isla de Pascua,5201,1,2021-01-13
Valparaíso,5,Los Andes,5301,6,2020-01-02
Valparaíso,5,Los Andes,5301,1,2020-01-03
Valparaíso,5,Los Andes,5301,2,2020-01-06
Valparaíso,5,Los Andes,5301,2,2020-01-07
Valparaíso,5,Los Andes,5301,1,2020-01-08
Valparaíso,5,Los Andes,5301,1,2020-01-09
Valparaíso,5,Los Andes,5301,3,2020-01-10
Valparaíso,5,Los Andes,5301,5,2020-01-13
Valparaíso,5,Los Andes,5301,2,2020-01-14
Valparaíso,5,Los Andes,5301,3,2020-01-15
Valparaíso,5,Los Andes,5301,2,2020-01-17
Valparaíso,5,Los Andes,5301,2,2020-01-20
Valparaíso,5,Los Andes,5301,2,2020-01-21
Valparaíso,5,Los Andes,5301,1,2020-01-23
Valparaíso,5,Los Andes,5301,1,2020-01-24
Valparaíso,5,Los Andes,5301,10,2020-01-27
Valparaíso,5,Los Andes,5301,1,2020-01-28
Valparaíso,5,Los Andes,5301,2,2020-01-30
Valparaíso,5,Los Andes,5301,2,2020-01-31
Valparaíso,5,Los Andes,5301,5,2020-02-03
Valparaíso,5,Los Andes,5301,1,2020-02-04
Valparaíso,5,Los Andes,5301,2,2020-02-07
Valparaíso,5,Los Andes,5301,5,2020-02-10
Valparaíso,5,Los Andes,5301,3,2020-02-11
Valparaíso,5,Los Andes,5301,1,2020-02-12
Valparaíso,5,Los Andes,5301,2,2020-02-14
Valparaíso,5,Los Andes,5301,4,2020-02-17
Valparaíso,5,Los Andes,5301,1,2020-02-19
Valparaíso,5,Los Andes,5301,1,2020-02-20
Valparaíso,5,Los Andes,5301,1,2020-02-21
Valparaíso,5,Los Andes,5301,2,2020-02-24
Valparaíso,5,Los Andes,5301,2,2020-02-25
Valparaíso,5,Los Andes,5301,1,2020-02-26
Valparaíso,5,Los Andes,5301,1,2020-02-27
Valparaíso,5,Los Andes,5301,3,2020-03-02
Valparaíso,5,Los Andes,5301,2,2020-03-03
Valparaíso,5,Los Andes,5301,1,2020-03-08
Valparaíso,5,Los Andes,5301,11,2020-03-09
Valparaíso,5,Los Andes,5301,3,2020-03-10
Valparaíso,5,Los Andes,5301,1,2020-03-11
Valparaíso,5,Los Andes,5301,3,2020-03-12
Valparaíso,5,Los Andes,5301,4,2020-03-16
Valparaíso,5,Los Andes,5301,2,2020-03-17
Valparaíso,5,Los Andes,5301,2,2020-03-19
Valparaíso,5,Los Andes,5301,1,2020-03-23
Valparaíso,5,Los Andes,5301,2,2020-03-25
Valparaíso,5,Los Andes,5301,1,2020-03-26
Valparaíso,5,Los Andes,5301,1,2020-03-27
Valparaíso,5,Los Andes,5301,2,2020-03-28
Valparaíso,5,Los Andes,5301,5,2020-03-30
Valparaíso,5,Los Andes,5301,1,2020-04-01
Valparaíso,5,Los Andes,5301,3,2020-04-03
Valparaíso,5,Los Andes,5301,5,2020-04-06
Valparaíso,5,Los Andes,5301,2,2020-04-08
Valparaíso,5,Los Andes,5301,3,2020-04-13
Valparaíso,5,Los Andes,5301,1,2020-04-14
Valparaíso,5,Los Andes,5301,3,2020-04-15
Valparaíso,5,Los Andes,5301,2,2020-04-16
Valparaíso,5,Los Andes,5301,2,2020-04-21
Valparaíso,5,Los Andes,5301,1,2020-04-22
Valparaíso,5,Los Andes,5301,1,2020-04-24
Valparaíso,5,Los Andes,5301,5,2020-04-27
Valparaíso,5,Los Andes,5301,2,2020-04-28
Valparaíso,5,Los Andes,5301,2,2020-04-29
Valparaíso,5,Los Andes,5301,1,2020-04-30
Valparaíso,5,Los Andes,5301,2,2020-05-02
Valparaíso,5,Los Andes,5301,2,2020-05-04
Valparaíso,5,Los Andes,5301,3,2020-05-05
Valparaíso,5,Los Andes,5301,1,2020-05-06
Valparaíso,5,Los Andes,5301,2,2020-05-07
Valparaíso,5,Los Andes,5301,3,2020-05-11
Valparaíso,5,Los Andes,5301,2,2020-05-12
Valparaíso,5,Los Andes,5301,2,2020-05-13
Valparaíso,5,Los Andes,5301,3,2020-05-14
Valparaíso,5,Los Andes,5301,3,2020-05-15
Valparaíso,5,Los Andes,5301,2,2020-05-18
Valparaíso,5,Los Andes,5301,1,2020-05-19
Valparaíso,5,Los Andes,5301,2,2020-05-20
Valparaíso,5,Los Andes,5301,3,2020-05-22
Valparaíso,5,Los Andes,5301,2,2020-05-25
Valparaíso,5,Los Andes,5301,2,2020-05-26
Valparaíso,5,Los Andes,5301,2,2020-05-27
Valparaíso,5,Los Andes,5301,1,2020-05-28
Valparaíso,5,Los Andes,5301,1,2020-05-29
Valparaíso,5,Los Andes,5301,3,2020-06-02
Valparaíso,5,Los Andes,5301,1,2020-06-03
Valparaíso,5,Los Andes,5301,6,2020-06-04
Valparaíso,5,Los Andes,5301,8,2020-06-08
Valparaíso,5,Los Andes,5301,4,2020-06-10
Valparaíso,5,Los Andes,5301,3,2020-06-11
Valparaíso,5,Los Andes,5301,4,2020-06-15
Valparaíso,5,Los Andes,5301,5,2020-06-17
Valparaíso,5,Los Andes,5301,1,2020-06-18
Valparaíso,5,Los Andes,5301,4,2020-06-22
Valparaíso,5,Los Andes,5301,1,2020-06-23
Valparaíso,5,Los Andes,5301,3,2020-06-24
Valparaíso,5,Los Andes,5301,1,2020-06-25
Valparaíso,5,Los Andes,5301,5,2020-06-26
Valparaíso,5,Los Andes,5301,1,2020-06-27
Valparaíso,5,Los Andes,5301,13,2020-06-30
Valparaíso,5,Los Andes,5301,1,2020-07-01
Valparaíso,5,Los Andes,5301,3,2020-07-02
Valparaíso,5,Los Andes,5301,1,2020-07-03
Valparaíso,5,Los Andes,5301,2,2020-07-04
Valparaíso,5,Los Andes,5301,1,2020-07-05
Valparaíso,5,Los Andes,5301,6,2020-07-06
Valparaíso,5,Los Andes,5301,3,2020-07-07
Valparaíso,5,Los Andes,5301,1,2020-07-08
Valparaíso,5,Los Andes,5301,2,2020-07-09
Valparaíso,5,Los Andes,5301,4,2020-07-13
Valparaíso,5,Los Andes,5301,5,2020-07-14
Valparaíso,5,Los Andes,5301,1,2020-07-15
Valparaíso,5,Los Andes,5301,4,2020-07-17
Valparaíso,5,Los Andes,5301,9,2020-07-20
Valparaíso,5,Los Andes,5301,4,2020-07-22
Valparaíso,5,Los Andes,5301,2,2020-07-23
Valparaíso,5,Los Andes,5301,2,2020-07-24
Valparaíso,5,Los Andes,5301,8,2020-07-27
Valparaíso,5,Los Andes,5301,2,2020-07-28
Valparaíso,5,Los Andes,5301,2,2020-07-29
Valparaíso,5,Los Andes,5301,1,2020-07-30
Valparaíso,5,Los Andes,5301,2,2020-07-31
Valparaíso,5,Los Andes,5301,8,2020-08-03
Valparaíso,5,Los Andes,5301,3,2020-08-04
Valparaíso,5,Los Andes,5301,2,2020-08-05
Valparaíso,5,Los Andes,5301,2,2020-08-06
Valparaíso,5,Los Andes,5301,1,2020-08-07
Valparaíso,5,Los Andes,5301,2,2020-08-10
Valparaíso,5,Los Andes,5301,3,2020-08-11
Valparaíso,5,Los Andes,5301,2,2020-08-12
Valparaíso,5,Los Andes,5301,1,2020-08-13
Valparaíso,5,Los Andes,5301,1,2020-08-14
Valparaíso,5,Los Andes,5301,4,2020-08-17
Valparaíso,5,Los Andes,5301,2,2020-08-18
Valparaíso,5,Los Andes,5301,2,2020-08-19
Valparaíso,5,Los Andes,5301,3,2020-08-20
Valparaíso,5,Los Andes,5301,2,2020-08-21
Valparaíso,5,Los Andes,5301,1,2020-08-22
Valparaíso,5,Los Andes,5301,6,2020-08-24
Valparaíso,5,Los Andes,5301,2,2020-08-25
Valparaíso,5,Los Andes,5301,1,2020-08-26
Valparaíso,5,Los Andes,5301,1,2020-08-27
Valparaíso,5,Los Andes,5301,3,2020-08-28
Valparaíso,5,Los Andes,5301,6,2020-08-31
Valparaíso,5,Los Andes,5301,3,2020-09-02
Valparaíso,5,Los Andes,5301,1,2020-09-03
Valparaíso,5,Los Andes,5301,2,2020-09-04
Valparaíso,5,Los Andes,5301,1,2020-09-05
Valparaíso,5,Los Andes,5301,5,2020-09-07
Valparaíso,5,Los Andes,5301,3,2020-09-08
Valparaíso,5,Los Andes,5301,4,2020-09-09
Valparaíso,5,Los Andes,5301,2,2020-09-10
Valparaíso,5,Los Andes,5301,1,2020-09-11
Valparaíso,5,Los Andes,5301,1,2020-09-14
Valparaíso,5,Los Andes,5301,2,2020-09-15
Valparaíso,5,Los Andes,5301,1,2020-09-17
Valparaíso,5,Los Andes,5301,5,2020-09-21
Valparaíso,5,Los Andes,5301,1,2020-09-22
Valparaíso,5,Los Andes,5301,3,2020-09-23
Valparaíso,5,Los Andes,5301,1,2020-09-24
Valparaíso,5,Los Andes,5301,2,2020-09-25
Valparaíso,5,Los Andes,5301,3,2020-09-28
Valparaíso,5,Los Andes,5301,3,2020-09-29
Valparaíso,5,Los Andes,5301,2,2020-09-30
Valparaíso,5,Los Andes,5301,1,2020-10-01
Valparaíso,5,Los Andes,5301,6,2020-10-02
Valparaíso,5,Los Andes,5301,2,2020-10-05
Valparaíso,5,Los Andes,5301,1,2020-10-06
Valparaíso,5,Los Andes,5301,2,2020-10-07
Valparaíso,5,Los Andes,5301,2,2020-10-10
Valparaíso,5,Los Andes,5301,5,2020-10-13
Valparaíso,5,Los Andes,5301,4,2020-10-14
Valparaíso,5,Los Andes,5301,1,2020-10-15
Valparaíso,5,Los Andes,5301,3,2020-10-16
Valparaíso,5,Los Andes,5301,1,2020-10-17
Valparaíso,5,Los Andes,5301,2,2020-10-19
Valparaíso,5,Los Andes,5301,1,2020-10-20
Valparaíso,5,Los Andes,5301,2,2020-10-21
Valparaíso,5,Los Andes,5301,1,2020-10-22
Valparaíso,5,Los Andes,5301,2,2020-10-23
Valparaíso,5,Los Andes,5301,5,2020-10-26
Valparaíso,5,Los Andes,5301,1,2020-10-27
Valparaíso,5,Los Andes,5301,1,2020-10-28
Valparaíso,5,Los Andes,5301,4,2020-10-30
Valparaíso,5,Los Andes,5301,5,2020-11-02
Valparaíso,5,Los Andes,5301,1,2020-11-04
Valparaíso,5,Los Andes,5301,1,2020-11-05
Valparaíso,5,Los Andes,5301,1,2020-11-06
Valparaíso,5,Los Andes,5301,3,2020-11-09
Valparaíso,5,Los Andes,5301,3,2020-11-10
Valparaíso,5,Los Andes,5301,2,2020-11-11
Valparaíso,5,Los Andes,5301,2,2020-11-13
Valparaíso,5,Los Andes,5301,3,2020-11-16
Valparaíso,5,Los Andes,5301,1,2020-11-18
Valparaíso,5,Los Andes,5301,1,2020-11-20
Valparaíso,5,Los Andes,5301,2,2020-11-23
Valparaíso,5,Los Andes,5301,1,2020-11-25
Valparaíso,5,Los Andes,5301,1,2020-11-26
Valparaíso,5,Los Andes,5301,1,2020-11-27
Valparaíso,5,Los Andes,5301,6,2020-11-30
Valparaíso,5,Los Andes,5301,2,2020-12-01
Valparaíso,5,Los Andes,5301,4,2020-12-02
Valparaíso,5,Los Andes,5301,3,2020-12-03
Valparaíso,5,Los Andes,5301,3,2020-12-04
Valparaíso,5,Los Andes,5301,3,2020-12-07
Valparaíso,5,Los Andes,5301,5,2020-12-09
Valparaíso,5,Los Andes,5301,3,2020-12-10
Valparaíso,5,Los Andes,5301,5,2020-12-11
Valparaíso,5,Los Andes,5301,5,2020-12-14
Valparaíso,5,Los Andes,5301,2,2020-12-15
Valparaíso,5,Los Andes,5301,2,2020-12-16
Valparaíso,5,Los Andes,5301,2,2020-12-17
Valparaíso,5,Los Andes,5301,1,2020-12-18
Valparaíso,5,Los Andes,5301,2,2020-12-21
Valparaíso,5,Los Andes,5301,3,2020-12-22
Valparaíso,5,Los Andes,5301,1,2020-12-23
Valparaíso,5,Los Andes,5301,7,2020-12-28
Valparaíso,5,Los Andes,5301,1,2020-12-29
Valparaíso,5,Los Andes,5301,3,2020-12-30
Valparaíso,5,Los Andes,5301,3,2020-12-31
Valparaíso,5,Los Andes,5301,6,2021-01-04
Valparaíso,5,Los Andes,5301,1,2021-01-05
Valparaíso,5,Los Andes,5301,3,2021-01-06
Valparaíso,5,Los Andes,5301,1,2021-01-07
Valparaíso,5,Los Andes,5301,1,2021-01-08
Valparaíso,5,Los Andes,5301,4,2021-01-11
Valparaíso,5,Los Andes,5301,3,2021-01-12
Valparaíso,5,Los Andes,5301,2,2021-01-13
Valparaíso,5,Calle Larga,5302,1,2020-01-06
Valparaíso,5,Calle Larga,5302,1,2020-01-10
Valparaíso,5,Calle Larga,5302,1,2020-02-21
Valparaíso,5,Calle Larga,5302,1,2020-03-20
Valparaíso,5,Calle Larga,5302,1,2020-03-23
Valparaíso,5,Calle Larga,5302,1,2020-04-06
Valparaíso,5,Calle Larga,5302,1,2020-04-16
Valparaíso,5,Calle Larga,5302,1,2020-05-14
Valparaíso,5,Calle Larga,5302,1,2020-05-18
Valparaíso,5,Calle Larga,5302,1,2020-06-17
Valparaíso,5,Calle Larga,5302,1,2020-06-19
Valparaíso,5,Calle Larga,5302,1,2020-06-25
Valparaíso,5,Calle Larga,5302,1,2020-06-30
Valparaíso,5,Calle Larga,5302,1,2020-07-05
Valparaíso,5,Calle Larga,5302,1,2020-07-08
Valparaíso,5,Calle Larga,5302,1,2020-08-11
Valparaíso,5,Calle Larga,5302,1,2020-08-13
Valparaíso,5,Calle Larga,5302,1,2020-08-17
Valparaíso,5,Calle Larga,5302,1,2020-09-04
Valparaíso,5,Calle Larga,5302,1,2020-09-07
Valparaíso,5,Calle Larga,5302,1,2020-10-07
Valparaíso,5,Calle Larga,5302,1,2020-12-03
Valparaíso,5,Calle Larga,5302,1,2020-12-13
Valparaíso,5,Calle Larga,5302,1,2020-12-21
Valparaíso,5,Rinconada,5303,1,2020-01-10
Valparaíso,5,Rinconada,5303,1,2020-01-15
Valparaíso,5,Rinconada,5303,1,2020-01-29
Valparaíso,5,Rinconada,5303,1,2020-01-30
Valparaíso,5,Rinconada,5303,1,2020-03-09
Valparaíso,5,Rinconada,5303,1,2020-03-10
Valparaíso,5,Rinconada,5303,1,2020-04-23
Valparaíso,5,Rinconada,5303,1,2020-05-06
Valparaíso,5,Rinconada,5303,1,2020-05-07
Valparaíso,5,Rinconada,5303,1,2020-05-08
Valparaíso,5,Rinconada,5303,1,2020-05-14
Valparaíso,5,Rinconada,5303,1,2020-05-19
Valparaíso,5,Rinconada,5303,2,2020-06-10
Valparaíso,5,Rinconada,5303,1,2020-06-15
Valparaíso,5,Rinconada,5303,1,2020-06-30
Valparaíso,5,Rinconada,5303,1,2020-07-10
Valparaíso,5,Rinconada,5303,1,2020-07-13
Valparaíso,5,Rinconada,5303,1,2020-07-22
Valparaíso,5,Rinconada,5303,1,2020-07-27
Valparaíso,5,Rinconada,5303,1,2020-08-17
Valparaíso,5,Rinconada,5303,1,2020-09-05
Valparaíso,5,Rinconada,5303,1,2020-09-10
Valparaíso,5,Rinconada,5303,1,2020-09-19
Valparaíso,5,Rinconada,5303,1,2020-09-22
Valparaíso,5,Rinconada,5303,2,2020-09-28
Valparaíso,5,Rinconada,5303,1,2020-10-13
Valparaíso,5,Rinconada,5303,1,2020-10-14
Valparaíso,5,Rinconada,5303,1,2020-11-09
Valparaíso,5,Rinconada,5303,1,2020-11-16
Valparaíso,5,Rinconada,5303,1,2020-11-25
Valparaíso,5,Rinconada,5303,1,2020-12-09
Valparaíso,5,Rinconada,5303,1,2021-01-04
Valparaíso,5,San Esteban,5304,1,2020-01-03
Valparaíso,5,San Esteban,5304,1,2020-01-09
Valparaíso,5,San Esteban,5304,1,2020-01-27
Valparaíso,5,San Esteban,5304,1,2020-02-10
Valparaíso,5,San Esteban,5304,1,2020-02-11
Valparaíso,5,San Esteban,5304,1,2020-02-18
Valparaíso,5,San Esteban,5304,1,2020-02-24
Valparaíso,5,San Esteban,5304,1,2020-03-02
Valparaíso,5,San Esteban,5304,1,2020-03-03
Valparaíso,5,San Esteban,5304,1,2020-03-16
Valparaíso,5,San Esteban,5304,1,2020-03-24
Valparaíso,5,San Esteban,5304,1,2020-03-27
Valparaíso,5,San Esteban,5304,1,2020-03-30
Valparaíso,5,San Esteban,5304,1,2020-04-03
Valparaíso,5,San Esteban,5304,1,2020-04-18
Valparaíso,5,San Esteban,5304,1,2020-04-27
Valparaíso,5,San Esteban,5304,2,2020-05-05
Valparaíso,5,San Esteban,5304,1,2020-05-11
Valparaíso,5,San Esteban,5304,1,2020-05-19
Valparaíso,5,San Esteban,5304,1,2020-05-22
Valparaíso,5,San Esteban,5304,2,2020-05-25
Valparaíso,5,San Esteban,5304,1,2020-05-27
Valparaíso,5,San Esteban,5304,1,2020-06-08
Valparaíso,5,San Esteban,5304,1,2020-06-12
Valparaíso,5,San Esteban,5304,1,2020-06-15
Valparaíso,5,San Esteban,5304,1,2020-06-17
Valparaíso,5,San Esteban,5304,1,2020-06-19
Valparaíso,5,San Esteban,5304,1,2020-06-24
Valparaíso,5,San Esteban,5304,1,2020-07-02
Valparaíso,5,San Esteban,5304,1,2020-07-07
Valparaíso,5,San Esteban,5304,1,2020-07-08
Valparaíso,5,San Esteban,5304,1,2020-07-23
Valparaíso,5,San Esteban,5304,1,2020-07-27
Valparaíso,5,San Esteban,5304,1,2020-07-30
Valparaíso,5,San Esteban,5304,1,2020-07-31
Valparaíso,5,San Esteban,5304,1,2020-08-07
Valparaíso,5,San Esteban,5304,1,2020-08-10
Valparaíso,5,San Esteban,5304,1,2020-08-11
Valparaíso,5,San Esteban,5304,1,2020-08-17
Valparaíso,5,San Esteban,5304,2,2020-08-24
Valparaíso,5,San Esteban,5304,2,2020-09-08
Valparaíso,5,San Esteban,5304,1,2020-09-09
Valparaíso,5,San Esteban,5304,1,2020-09-10
Valparaíso,5,San Esteban,5304,1,2020-09-15
Valparaíso,5,San Esteban,5304,1,2020-09-19
Valparaíso,5,San Esteban,5304,0,2020-09-22
Valparaíso,5,San Esteban,5304,1,2020-09-29
Valparaíso,5,San Esteban,5304,1,2020-10-06
Valparaíso,5,San Esteban,5304,1,2020-10-20
Valparaíso,5,San Esteban,5304,1,2020-10-25
Valparaíso,5,San Esteban,5304,1,2020-11-13
Valparaíso,5,San Esteban,5304,1,2020-11-17
Valparaíso,5,San Esteban,5304,1,2020-11-18
Valparaíso,5,San Esteban,5304,2,2020-12-15
Valparaíso,5,San Esteban,5304,1,2020-12-17
Valparaíso,5,San Esteban,5304,1,2020-12-21
Valparaíso,5,San Esteban,5304,1,2020-12-24
Valparaíso,5,San Esteban,5304,1,2021-01-02
Valparaíso,5,San Esteban,5304,1,2021-01-04
Valparaíso,5,La Ligua,5401,1,2020-01-03
Valparaíso,5,La Ligua,5401,1,2020-01-07
Valparaíso,5,La Ligua,5401,1,2020-01-09
Valparaíso,5,La Ligua,5401,2,2020-01-10
Valparaíso,5,La Ligua,5401,2,2020-01-15
Valparaíso,5,La Ligua,5401,1,2020-01-16
Valparaíso,5,La Ligua,5401,1,2020-01-21
Valparaíso,5,La Ligua,5401,1,2020-01-23
Valparaíso,5,La Ligua,5401,2,2020-01-27
Valparaíso,5,La Ligua,5401,1,2020-01-29
Valparaíso,5,La Ligua,5401,1,2020-01-30
Valparaíso,5,La Ligua,5401,1,2020-02-06
Valparaíso,5,La Ligua,5401,1,2020-02-10
Valparaíso,5,La Ligua,5401,1,2020-02-13
Valparaíso,5,La Ligua,5401,1,2020-02-14
Valparaíso,5,La Ligua,5401,3,2020-02-17
Valparaíso,5,La Ligua,5401,1,2020-02-21
Valparaíso,5,La Ligua,5401,1,2020-02-24
Valparaíso,5,La Ligua,5401,2,2020-02-27
Valparaíso,5,La Ligua,5401,3,2020-03-03
Valparaíso,5,La Ligua,5401,1,2020-03-04
Valparaíso,5,La Ligua,5401,1,2020-03-09
Valparaíso,5,La Ligua,5401,2,2020-03-12
Valparaíso,5,La Ligua,5401,1,2020-03-16
Valparaíso,5,La Ligua,5401,1,2020-03-17
Valparaíso,5,La Ligua,5401,1,2020-03-20
Valparaíso,5,La Ligua,5401,1,2020-03-24
Valparaíso,5,La Ligua,5401,1,2020-03-25
Valparaíso,5,La Ligua,5401,1,2020-03-26
Valparaíso,5,La Ligua,5401,1,2020-03-27
Valparaíso,5,La Ligua,5401,4,2020-03-30
Valparaíso,5,La Ligua,5401,3,2020-03-31
Valparaíso,5,La Ligua,5401,1,2020-04-02
Valparaíso,5,La Ligua,5401,1,2020-04-08
Valparaíso,5,La Ligua,5401,1,2020-04-09
Valparaíso,5,La Ligua,5401,3,2020-04-13
Valparaíso,5,La Ligua,5401,1,2020-04-14
Valparaíso,5,La Ligua,5401,2,2020-04-23
Valparaíso,5,La Ligua,5401,1,2020-04-24
Valparaíso,5,La Ligua,5401,1,2020-04-27
Valparaíso,5,La Ligua,5401,1,2020-04-28
Valparaíso,5,La Ligua,5401,1,2020-04-29
Valparaíso,5,La Ligua,5401,1,2020-04-30
Valparaíso,5,La Ligua,5401,1,2020-05-04
Valparaíso,5,La Ligua,5401,2,2020-05-05
Valparaíso,5,La Ligua,5401,5,2020-05-11
Valparaíso,5,La Ligua,5401,1,2020-05-15
Valparaíso,5,La Ligua,5401,2,2020-05-18
Valparaíso,5,La Ligua,5401,1,2020-05-19
Valparaíso,5,La Ligua,5401,1,2020-05-22
Valparaíso,5,La Ligua,5401,1,2020-05-25
Valparaíso,5,La Ligua,5401,1,2020-05-26
Valparaíso,5,La Ligua,5401,2,2020-05-28
Valparaíso,5,La Ligua,5401,4,2020-06-01
Valparaíso,5,La Ligua,5401,1,2020-06-02
Valparaíso,5,La Ligua,5401,3,2020-06-03
Valparaíso,5,La Ligua,5401,1,2020-06-05
Valparaíso,5,La Ligua,5401,4,2020-06-08
Valparaíso,5,La Ligua,5401,2,2020-06-09
Valparaíso,5,La Ligua,5401,1,2020-06-10
Valparaíso,5,La Ligua,5401,3,2020-06-11
Valparaíso,5,La Ligua,5401,1,2020-06-12
Valparaíso,5,La Ligua,5401,2,2020-06-15
Valparaíso,5,La Ligua,5401,2,2020-06-16
Valparaíso,5,La Ligua,5401,1,2020-06-17
Valparaíso,5,La Ligua,5401,3,2020-06-19
Valparaíso,5,La Ligua,5401,1,2020-06-22
Valparaíso,5,La Ligua,5401,3,2020-06-23
Valparaíso,5,La Ligua,5401,1,2020-06-24
Valparaíso,5,La Ligua,5401,3,2020-06-26
Valparaíso,5,La Ligua,5401,6,2020-06-30
Valparaíso,5,La Ligua,5401,5,2020-07-01
Valparaíso,5,La Ligua,5401,1,2020-07-02
Valparaíso,5,La Ligua,5401,2,2020-07-03
Valparaíso,5,La Ligua,5401,1,2020-07-05
Valparaíso,5,La Ligua,5401,1,2020-07-07
Valparaíso,5,La Ligua,5401,1,2020-07-09
Valparaíso,5,La Ligua,5401,1,2020-07-13
Valparaíso,5,La Ligua,5401,1,2020-07-14
Valparaíso,5,La Ligua,5401,6,2020-07-17
Valparaíso,5,La Ligua,5401,1,2020-07-24
Valparaíso,5,La Ligua,5401,2,2020-07-27
Valparaíso,5,La Ligua,5401,1,2020-07-29
Valparaíso,5,La Ligua,5401,1,2020-07-30
Valparaíso,5,La Ligua,5401,3,2020-08-03
Valparaíso,5,La Ligua,5401,1,2020-08-04
Valparaíso,5,La Ligua,5401,2,2020-08-06
Valparaíso,5,La Ligua,5401,3,2020-08-10
Valparaíso,5,La Ligua,5401,3,2020-08-11
Valparaíso,5,La Ligua,5401,1,2020-08-13
Valparaíso,5,La Ligua,5401,4,2020-08-14
Valparaíso,5,La Ligua,5401,2,2020-08-17
Valparaíso,5,La Ligua,5401,2,2020-08-18
Valparaíso,5,La Ligua,5401,2,2020-08-20
Valparaíso,5,La Ligua,5401,1,2020-08-21
Valparaíso,5,La Ligua,5401,1,2020-08-22
Valparaíso,5,La Ligua,5401,1,2020-08-24
Valparaíso,5,La Ligua,5401,1,2020-08-25
Valparaíso,5,La Ligua,5401,2,2020-08-26
Valparaíso,5,La Ligua,5401,2,2020-08-27
Valparaíso,5,La Ligua,5401,5,2020-08-28
Valparaíso,5,La Ligua,5401,1,2020-08-29
Valparaíso,5,La Ligua,5401,2,2020-08-31
Valparaíso,5,La Ligua,5401,1,2020-09-01
Valparaíso,5,La Ligua,5401,3,2020-09-07
Valparaíso,5,La Ligua,5401,1,2020-09-09
Valparaíso,5,La Ligua,5401,0,2020-09-10
Valparaíso,5,La Ligua,5401,2,2020-09-14
Valparaíso,5,La Ligua,5401,3,2020-09-15
Valparaíso,5,La Ligua,5401,1,2020-09-17
Valparaíso,5,La Ligua,5401,3,2020-09-21
Valparaíso,5,La Ligua,5401,1,2020-09-23
Valparaíso,5,La Ligua,5401,1,2020-09-26
Valparaíso,5,La Ligua,5401,2,2020-09-28
Valparaíso,5,La Ligua,5401,1,2020-09-29
Valparaíso,5,La Ligua,5401,1,2020-09-30
Valparaíso,5,La Ligua,5401,3,2020-10-02
Valparaíso,5,La Ligua,5401,1,2020-10-06
Valparaíso,5,La Ligua,5401,2,2020-10-08
Valparaíso,5,La Ligua,5401,1,2020-10-13
Valparaíso,5,La Ligua,5401,2,2020-10-14
Valparaíso,5,La Ligua,5401,1,2020-10-16
Valparaíso,5,La Ligua,5401,4,2020-10-20
Valparaíso,5,La Ligua,5401,1,2020-10-22
Valparaíso,5,La Ligua,5401,3,2020-10-23
Valparaíso,5,La Ligua,5401,1,2020-10-26
Valparaíso,5,La Ligua,5401,1,2020-10-27
Valparaíso,5,La Ligua,5401,2,2020-10-29
Valparaíso,5,La Ligua,5401,1,2020-10-30
Valparaíso,5,La Ligua,5401,2,2020-11-02
Valparaíso,5,La Ligua,5401,1,2020-11-05
Valparaíso,5,La Ligua,5401,1,2020-11-06
Valparaíso,5,La Ligua,5401,2,2020-11-09
Valparaíso,5,La Ligua,5401,2,2020-11-11
Valparaíso,5,La Ligua,5401,1,2020-11-20
Valparaíso,5,La Ligua,5401,4,2020-11-30
Valparaíso,5,La Ligua,5401,2,2020-12-03
Valparaíso,5,La Ligua,5401,1,2020-12-04
Valparaíso,5,La Ligua,5401,3,2020-12-10
Valparaíso,5,La Ligua,5401,1,2020-12-11
Valparaíso,5,La Ligua,5401,3,2020-12-14
Valparaíso,5,La Ligua,5401,1,2020-12-15
Valparaíso,5,La Ligua,5401,1,2020-12-17
Valparaíso,5,La Ligua,5401,1,2020-12-23
Valparaíso,5,La Ligua,5401,1,2020-12-24
Valparaíso,5,La Ligua,5401,3,2020-12-28
Valparaíso,5,La Ligua,5401,1,2020-12-30
Valparaíso,5,La Ligua,5401,3,2021-01-04
Valparaíso,5,La Ligua,5401,1,2021-01-05
Valparaíso,5,La Ligua,5401,1,2021-01-07
Valparaíso,5,La Ligua,5401,2,2021-01-11
Valparaíso,5,La Ligua,5401,1,2021-01-12
Valparaíso,5,La Ligua,5401,2,2021-01-13
Valparaíso,5,Cabildo,5402,1,2020-01-13
Valparaíso,5,Cabildo,5402,1,2020-01-27
Valparaíso,5,Cabildo,5402,1,2020-02-04
Valparaíso,5,Cabildo,5402,1,2020-02-17
Valparaíso,5,Cabildo,5402,1,2020-02-18
Valparaíso,5,Cabildo,5402,1,2020-02-20
Valparaíso,5,Cabildo,5402,1,2020-03-05
Valparaíso,5,Cabildo,5402,1,2020-03-06
Valparaíso,5,Cabildo,5402,1,2020-03-13
Valparaíso,5,Cabildo,5402,1,2020-03-25
Valparaíso,5,Cabildo,5402,1,2020-03-30
Valparaíso,5,Cabildo,5402,1,2020-04-01
Valparaíso,5,Cabildo,5402,2,2020-04-06
Valparaíso,5,Cabildo,5402,1,2020-04-14
Valparaíso,5,Cabildo,5402,2,2020-04-29
Valparaíso,5,Cabildo,5402,1,2020-04-30
Valparaíso,5,Cabildo,5402,1,2020-05-06
Valparaíso,5,Cabildo,5402,2,2020-05-11
Valparaíso,5,Cabildo,5402,1,2020-05-13
Valparaíso,5,Cabildo,5402,1,2020-05-15
Valparaíso,5,Cabildo,5402,1,2020-05-20
Valparaíso,5,Cabildo,5402,1,2020-05-27
Valparaíso,5,Cabildo,5402,3,2020-05-29
Valparaíso,5,Cabildo,5402,2,2020-06-05
Valparaíso,5,Cabildo,5402,1,2020-06-10
Valparaíso,5,Cabildo,5402,2,2020-06-12
Valparaíso,5,Cabildo,5402,1,2020-06-17
Valparaíso,5,Cabildo,5402,1,2020-06-19
Valparaíso,5,Cabildo,5402,2,2020-06-26
Valparaíso,5,Cabildo,5402,4,2020-07-01
Valparaíso,5,Cabildo,5402,2,2020-07-06
Valparaíso,5,Cabildo,5402,2,2020-07-08
Valparaíso,5,Cabildo,5402,1,2020-07-24
Valparaíso,5,Cabildo,5402,1,2020-07-27
Valparaíso,5,Cabildo,5402,3,2020-07-29
Valparaíso,5,Cabildo,5402,1,2020-08-07
Valparaíso,5,Cabildo,5402,1,2020-08-10
Valparaíso,5,Cabildo,5402,1,2020-08-18
Valparaíso,5,Cabildo,5402,1,2020-08-21
Valparaíso,5,Cabildo,5402,2,2020-08-24
Valparaíso,5,Cabildo,5402,1,2020-08-28
Valparaíso,5,Cabildo,5402,2,2020-08-31
Valparaíso,5,Cabildo,5402,1,2020-09-02
Valparaíso,5,Cabildo,5402,2,2020-09-07
Valparaíso,5,Cabildo,5402,1,2020-09-10
Valparaíso,5,Cabildo,5402,1,2020-09-11
Valparaíso,5,Cabildo,5402,1,2020-09-15
Valparaíso,5,Cabildo,5402,1,2020-09-16
Valparaíso,5,Cabildo,5402,2,2020-09-21
Valparaíso,5,Cabildo,5402,1,2020-09-22
Valparaíso,5,Cabildo,5402,1,2020-09-23
Valparaíso,5,Cabildo,5402,1,2020-10-05
Valparaíso,5,Cabildo,5402,1,2020-10-08
Valparaíso,5,Cabildo,5402,1,2020-10-21
Valparaíso,5,Cabildo,5402,1,2020-10-23
Valparaíso,5,Cabildo,5402,1,2020-11-06
Valparaíso,5,Cabildo,5402,3,2020-11-09
Valparaíso,5,Cabildo,5402,1,2020-11-20
Valparaíso,5,Cabildo,5402,2,2020-11-23
Valparaíso,5,Cabildo,5402,1,2020-11-24
Valparaíso,5,Cabildo,5402,1,2020-11-27
Valparaíso,5,Cabildo,5402,2,2020-11-30
Valparaíso,5,Cabildo,5402,1,2020-12-18
Valparaíso,5,Cabildo,5402,1,2020-12-23
Valparaíso,5,Cabildo,5402,1,2021-01-04
Valparaíso,5,Cabildo,5402,1,2021-01-08
Valparaíso,5,Cabildo,5402,1,2021-01-12
Valparaíso,5,Papudo,5403,1,2020-01-03
Valparaíso,5,Papudo,5403,1,2020-01-22
Valparaíso,5,Papudo,5403,1,2020-01-27
Valparaíso,5,Papudo,5403,1,2020-02-24
Valparaíso,5,Papudo,5403,1,2020-04-07
Valparaíso,5,Papudo,5403,1,2020-04-17
Valparaíso,5,Papudo,5403,1,2020-04-24
Valparaíso,5,Papudo,5403,1,2020-05-15
Valparaíso,5,Papudo,5403,1,2020-05-18
Valparaíso,5,Papudo,5403,2,2020-06-05
Valparaíso,5,Papudo,5403,1,2020-07-03
Valparaíso,5,Papudo,5403,1,2020-07-13
Valparaíso,5,Papudo,5403,1,2020-07-22
Valparaíso,5,Papudo,5403,1,2020-07-31
Valparaíso,5,Papudo,5403,1,2020-08-04
Valparaíso,5,Papudo,5403,1,2020-08-10
Valparaíso,5,Papudo,5403,1,2020-08-17
Valparaíso,5,Papudo,5403,1,2020-08-25
Valparaíso,5,Papudo,5403,1,2020-09-08
Valparaíso,5,Papudo,5403,1,2020-09-16
Valparaíso,5,Papudo,5403,1,2020-09-22
Valparaíso,5,Papudo,5403,2,2020-10-13
Valparaíso,5,Papudo,5403,1,2020-10-26
Valparaíso,5,Papudo,5403,1,2020-11-01
Valparaíso,5,Papudo,5403,1,2020-11-06
Valparaíso,5,Papudo,5403,1,2020-11-17
Valparaíso,5,Papudo,5403,1,2020-11-23
Valparaíso,5,Papudo,5403,1,2020-12-29
Valparaíso,5,Papudo,5403,1,2020-12-31
Valparaíso,5,Petorca,5404,1,2020-01-02
Valparaíso,5,Petorca,5404,2,2020-01-13
Valparaíso,5,Petorca,5404,2,2020-01-15
Valparaíso,5,Petorca,5404,1,2020-01-27
Valparaíso,5,Petorca,5404,1,2020-02-04
Valparaíso,5,Petorca,5404,1,2020-02-07
Valparaíso,5,Petorca,5404,1,2020-02-10
Valparaíso,5,Petorca,5404,2,2020-02-27
Valparaíso,5,Petorca,5404,1,2020-02-28
Valparaíso,5,Petorca,5404,1,2020-03-05
Valparaíso,5,Petorca,5404,1,2020-03-20
Valparaíso,5,Petorca,5404,1,2020-03-25
Valparaíso,5,Petorca,5404,1,2020-04-01
Valparaíso,5,Petorca,5404,1,2020-04-13
Valparaíso,5,Petorca,5404,1,2020-04-22
Valparaíso,5,Petorca,5404,1,2020-04-27
Valparaíso,5,Petorca,5404,1,2020-05-04
Valparaíso,5,Petorca,5404,1,2020-05-05
Valparaíso,5,Petorca,5404,1,2020-05-25
Valparaíso,5,Petorca,5404,1,2020-05-26
Valparaíso,5,Petorca,5404,1,2020-05-28
Valparaíso,5,Petorca,5404,1,2020-06-11
Valparaíso,5,Petorca,5404,1,2020-06-12
Valparaíso,5,Petorca,5404,1,2020-06-16
Valparaíso,5,Petorca,5404,2,2020-06-23
Valparaíso,5,Petorca,5404,1,2020-07-02
Valparaíso,5,Petorca,5404,2,2020-07-03
Valparaíso,5,Petorca,5404,2,2020-07-14
Valparaíso,5,Petorca,5404,1,2020-07-21
Valparaíso,5,Petorca,5404,1,2020-07-22
Valparaíso,5,Petorca,5404,1,2020-07-28
Valparaíso,5,Petorca,5404,1,2020-08-05
Valparaíso,5,Petorca,5404,1,2020-08-06
Valparaíso,5,Petorca,5404,1,2020-08-18
Valparaíso,5,Petorca,5404,2,2020-08-20
Valparaíso,5,Petorca,5404,1,2020-08-25
Valparaíso,5,Petorca,5404,3,2020-09-01
Valparaíso,5,Petorca,5404,1,2020-09-08
Valparaíso,5,Petorca,5404,1,2020-09-14
Valparaíso,5,Petorca,5404,1,2020-09-21
Valparaíso,5,Petorca,5404,1,2020-09-29
Valparaíso,5,Petorca,5404,1,2020-10-22
Valparaíso,5,Petorca,5404,1,2020-10-23
Valparaíso,5,Petorca,5404,2,2020-10-27
Valparaíso,5,Petorca,5404,1,2020-11-02
Valparaíso,5,Petorca,5404,1,2020-11-06
Valparaíso,5,Petorca,5404,1,2020-11-12
Valparaíso,5,Petorca,5404,1,2020-11-17
Valparaíso,5,Petorca,5404,1,2020-11-24
Valparaíso,5,Petorca,5404,1,2020-12-04
Valparaíso,5,Petorca,5404,1,2020-12-17
Valparaíso,5,Petorca,5404,1,2020-12-22
Valparaíso,5,Petorca,5404,1,2020-12-29
Valparaíso,5,Petorca,5404,1,2021-01-05
Valparaíso,5,Zapallar,5405,1,2020-01-21
Valparaíso,5,Zapallar,5405,1,2020-02-07
Valparaíso,5,Zapallar,5405,1,2020-02-14
Valparaíso,5,Zapallar,5405,1,2020-02-25
Valparaíso,5,Zapallar,5405,1,2020-02-26
Valparaíso,5,Zapallar,5405,1,2020-03-19
Valparaíso,5,Zapallar,5405,1,2020-05-06
Valparaíso,5,Zapallar,5405,1,2020-05-29
Valparaíso,5,Zapallar,5405,1,2020-06-01
Valparaíso,5,Zapallar,5405,1,2020-06-25
Valparaíso,5,Zapallar,5405,1,2020-06-30
Valparaíso,5,Zapallar,5405,1,2020-07-07
Valparaíso,5,Zapallar,5405,1,2020-07-09
Valparaíso,5,Zapallar,5405,1,2020-07-10
Valparaíso,5,Zapallar,5405,1,2020-07-13
Valparaíso,5,Zapallar,5405,1,2020-08-03
Valparaíso,5,Zapallar,5405,1,2020-08-17
Valparaíso,5,Zapallar,5405,1,2020-08-20
Valparaíso,5,Zapallar,5405,1,2020-08-25
Valparaíso,5,Zapallar,5405,1,2020-08-27
Valparaíso,5,Zapallar,5405,1,2020-08-31
Valparaíso,5,Zapallar,5405,1,2020-09-10
Valparaíso,5,Zapallar,5405,1,2020-09-16
Valparaíso,5,Zapallar,5405,1,2020-09-17
Valparaíso,5,Zapallar,5405,1,2020-09-21
Valparaíso,5,Zapallar,5405,1,2020-10-10
Valparaíso,5,Zapallar,5405,1,2020-10-19
Valparaíso,5,Zapallar,5405,1,2020-10-26
Valparaíso,5,Zapallar,5405,2,2020-11-23
Valparaíso,5,Zapallar,5405,1,2020-11-26
Valparaíso,5,Zapallar,5405,1,2020-12-16
Valparaíso,5,Zapallar,5405,1,2020-12-24
Valparaíso,5,Zapallar,5405,1,2021-01-04
Valparaíso,5,Quillota,5501,9,2020-01-02
Valparaíso,5,Quillota,5501,6,2020-01-03
Valparaíso,5,Quillota,5501,14,2020-01-06
Valparaíso,5,Quillota,5501,6,2020-01-07
Valparaíso,5,Quillota,5501,2,2020-01-08
Valparaíso,5,Quillota,5501,2,2020-01-10
Valparaíso,5,Quillota,5501,8,2020-01-13
Valparaíso,5,Quillota,5501,7,2020-01-14
Valparaíso,5,Quillota,5501,4,2020-01-15
Valparaíso,5,Quillota,5501,3,2020-01-16
Valparaíso,5,Quillota,5501,3,2020-01-17
Valparaíso,5,Quillota,5501,9,2020-01-20
Valparaíso,5,Quillota,5501,5,2020-01-21
Valparaíso,5,Quillota,5501,6,2020-01-22
Valparaíso,5,Quillota,5501,3,2020-01-23
Valparaíso,5,Quillota,5501,3,2020-01-27
Valparaíso,5,Quillota,5501,1,2020-01-29
Valparaíso,5,Quillota,5501,1,2020-01-30
Valparaíso,5,Quillota,5501,1,2020-01-31
Valparaíso,5,Quillota,5501,7,2020-02-03
Valparaíso,5,Quillota,5501,5,2020-02-04
Valparaíso,5,Quillota,5501,4,2020-02-05
Valparaíso,5,Quillota,5501,5,2020-02-06
Valparaíso,5,Quillota,5501,3,2020-02-07
Valparaíso,5,Quillota,5501,11,2020-02-10
Valparaíso,5,Quillota,5501,3,2020-02-11
Valparaíso,5,Quillota,5501,3,2020-02-12
Valparaíso,5,Quillota,5501,4,2020-02-13
Valparaíso,5,Quillota,5501,7,2020-02-14
Valparaíso,5,Quillota,5501,8,2020-02-17
Valparaíso,5,Quillota,5501,3,2020-02-18
Valparaíso,5,Quillota,5501,4,2020-02-19
Valparaíso,5,Quillota,5501,1,2020-02-20
Valparaíso,5,Quillota,5501,2,2020-02-21
Valparaíso,5,Quillota,5501,5,2020-02-24
Valparaíso,5,Quillota,5501,3,2020-02-25
Valparaíso,5,Quillota,5501,1,2020-02-26
Valparaíso,5,Quillota,5501,1,2020-02-27
Valparaíso,5,Quillota,5501,7,2020-02-28
Valparaíso,5,Quillota,5501,1,2020-03-02
Valparaíso,5,Quillota,5501,4,2020-03-03
Valparaíso,5,Quillota,5501,2,2020-03-04
Valparaíso,5,Quillota,5501,2,2020-03-05
Valparaíso,5,Quillota,5501,1,2020-03-06
Valparaíso,5,Quillota,5501,6,2020-03-09
Valparaíso,5,Quillota,5501,6,2020-03-10
Valparaíso,5,Quillota,5501,8,2020-03-11
Valparaíso,5,Quillota,5501,3,2020-03-12
Valparaíso,5,Quillota,5501,3,2020-03-13
Valparaíso,5,Quillota,5501,6,2020-03-16
Valparaíso,5,Quillota,5501,2,2020-03-17
Valparaíso,5,Quillota,5501,3,2020-03-18
Valparaíso,5,Quillota,5501,4,2020-03-19
Valparaíso,5,Quillota,5501,2,2020-03-20
Valparaíso,5,Quillota,5501,1,2020-03-23
Valparaíso,5,Quillota,5501,4,2020-03-24
Valparaíso,5,Quillota,5501,4,2020-03-25
Valparaíso,5,Quillota,5501,5,2020-03-26
Valparaíso,5,Quillota,5501,2,2020-03-27
Valparaíso,5,Quillota,5501,5,2020-03-30
Valparaíso,5,Quillota,5501,3,2020-03-31
Valparaíso,5,Quillota,5501,4,2020-04-01
Valparaíso,5,Quillota,5501,3,2020-04-02
Valparaíso,5,Quillota,5501,2,2020-04-03
Valparaíso,5,Quillota,5501,6,2020-04-06
Valparaíso,5,Quillota,5501,3,2020-04-07
Valparaíso,5,Quillota,5501,2,2020-04-08
Valparaíso,5,Quillota,5501,2,2020-04-09
Valparaíso,5,Quillota,5501,2,2020-04-11
Valparaíso,5,Quillota,5501,4,2020-04-13
Valparaíso,5,Quillota,5501,5,2020-04-14
Valparaíso,5,Quillota,5501,4,2020-04-15
Valparaíso,5,Quillota,5501,5,2020-04-16
Valparaíso,5,Quillota,5501,3,2020-04-17
Valparaíso,5,Quillota,5501,4,2020-04-20
Valparaíso,5,Quillota,5501,5,2020-04-21
Valparaíso,5,Quillota,5501,3,2020-04-22
Valparaíso,5,Quillota,5501,1,2020-04-23
Valparaíso,5,Quillota,5501,2,2020-04-24
Valparaíso,5,Quillota,5501,9,2020-04-27
Valparaíso,5,Quillota,5501,2,2020-04-28
Valparaíso,5,Quillota,5501,3,2020-04-29
Valparaíso,5,Quillota,5501,1,2020-04-30
Valparaíso,5,Quillota,5501,1,2020-05-01
Valparaíso,5,Quillota,5501,6,2020-05-04
Valparaíso,5,Quillota,5501,5,2020-05-05
Valparaíso,5,Quillota,5501,3,2020-05-06
Valparaíso,5,Quillota,5501,1,2020-05-07
Valparaíso,5,Quillota,5501,4,2020-05-08
Valparaíso,5,Quillota,5501,2,2020-05-11
Valparaíso,5,Quillota,5501,4,2020-05-12
Valparaíso,5,Quillota,5501,1,2020-05-13
Valparaíso,5,Quillota,5501,5,2020-05-14
Valparaíso,5,Quillota,5501,8,2020-05-15
Valparaíso,5,Quillota,5501,12,2020-05-18
Valparaíso,5,Quillota,5501,1,2020-05-19
Valparaíso,5,Quillota,5501,2,2020-05-20
Valparaíso,5,Quillota,5501,6,2020-05-22
Valparaíso,5,Quillota,5501,2,2020-05-25
Valparaíso,5,Quillota,5501,5,2020-05-26
Valparaíso,5,Quillota,5501,4,2020-05-27
Valparaíso,5,Quillota,5501,2,2020-05-28
Valparaíso,5,Quillota,5501,6,2020-05-29
Valparaíso,5,Quillota,5501,5,2020-06-01
Valparaíso,5,Quillota,5501,8,2020-06-02
Valparaíso,5,Quillota,5501,7,2020-06-03
Valparaíso,5,Quillota,5501,3,2020-06-04
Valparaíso,5,Quillota,5501,2,2020-06-05
Valparaíso,5,Quillota,5501,1,2020-06-06
Valparaíso,5,Quillota,5501,8,2020-06-08
Valparaíso,5,Quillota,5501,3,2020-06-09
Valparaíso,5,Quillota,5501,4,2020-06-10
Valparaíso,5,Quillota,5501,2,2020-06-11
Valparaíso,5,Quillota,5501,2,2020-06-12
Valparaíso,5,Quillota,5501,12,2020-06-15
Valparaíso,5,Quillota,5501,6,2020-06-16
Valparaíso,5,Quillota,5501,2,2020-06-17
Valparaíso,5,Quillota,5501,4,2020-06-19
Valparaíso,5,Quillota,5501,11,2020-06-22
Valparaíso,5,Quillota,5501,8,2020-06-23
Valparaíso,5,Quillota,5501,9,2020-06-24
Valparaíso,5,Quillota,5501,2,2020-06-25
Valparaíso,5,Quillota,5501,8,2020-06-26
Valparaíso,5,Quillota,5501,1,2020-06-27
Valparaíso,5,Quillota,5501,7,2020-06-30
Valparaíso,5,Quillota,5501,6,2020-07-01
Valparaíso,5,Quillota,5501,4,2020-07-02
Valparaíso,5,Quillota,5501,6,2020-07-03
Valparaíso,5,Quillota,5501,10,2020-07-06
Valparaíso,5,Quillota,5501,7,2020-07-07
Valparaíso,5,Quillota,5501,4,2020-07-08
Valparaíso,5,Quillota,5501,4,2020-07-09
Valparaíso,5,Quillota,5501,6,2020-07-10
Valparaíso,5,Quillota,5501,8,2020-07-13
Valparaíso,5,Quillota,5501,4,2020-07-14
Valparaíso,5,Quillota,5501,4,2020-07-15
Valparaíso,5,Quillota,5501,10,2020-07-17
Valparaíso,5,Quillota,5501,10,2020-07-20
Valparaíso,5,Quillota,5501,4,2020-07-21
Valparaíso,5,Quillota,5501,3,2020-07-22
Valparaíso,5,Quillota,5501,1,2020-07-23
Valparaíso,5,Quillota,5501,3,2020-07-24
Valparaíso,5,Quillota,5501,17,2020-07-27
Valparaíso,5,Quillota,5501,6,2020-07-28
Valparaíso,5,Quillota,5501,6,2020-07-29
Valparaíso,5,Quillota,5501,3,2020-07-30
Valparaíso,5,Quillota,5501,3,2020-07-31
Valparaíso,5,Quillota,5501,13,2020-08-03
Valparaíso,5,Quillota,5501,5,2020-08-04
Valparaíso,5,Quillota,5501,5,2020-08-05
Valparaíso,5,Quillota,5501,6,2020-08-06
Valparaíso,5,Quillota,5501,5,2020-08-07
Valparaíso,5,Quillota,5501,9,2020-08-10
Valparaíso,5,Quillota,5501,2,2020-08-11
Valparaíso,5,Quillota,5501,3,2020-08-12
Valparaíso,5,Quillota,5501,4,2020-08-13
Valparaíso,5,Quillota,5501,3,2020-08-14
Valparaíso,5,Quillota,5501,9,2020-08-17
Valparaíso,5,Quillota,5501,2,2020-08-18
Valparaíso,5,Quillota,5501,5,2020-08-19
Valparaíso,5,Quillota,5501,3,2020-08-20
Valparaíso,5,Quillota,5501,4,2020-08-21
Valparaíso,5,Quillota,5501,7,2020-08-24
Valparaíso,5,Quillota,5501,1,2020-08-25
Valparaíso,5,Quillota,5501,3,2020-08-26
Valparaíso,5,Quillota,5501,5,2020-08-27
Valparaíso,5,Quillota,5501,4,2020-08-28
Valparaíso,5,Quillota,5501,8,2020-08-31
Valparaíso,5,Quillota,5501,6,2020-09-01
Valparaíso,5,Quillota,5501,3,2020-09-02
Valparaíso,5,Quillota,5501,5,2020-09-03
Valparaíso,5,Quillota,5501,5,2020-09-04
Valparaíso,5,Quillota,5501,1,2020-09-05
Valparaíso,5,Quillota,5501,4,2020-09-07
Valparaíso,5,Quillota,5501,3,2020-09-08
Valparaíso,5,Quillota,5501,3,2020-09-09
Valparaíso,5,Quillota,5501,7,2020-09-10
Valparaíso,5,Quillota,5501,4,2020-09-11
Valparaíso,5,Quillota,5501,5,2020-09-14
Valparaíso,5,Quillota,5501,2,2020-09-15
Valparaíso,5,Quillota,5501,2,2020-09-16
Valparaíso,5,Quillota,5501,4,2020-09-17
Valparaíso,5,Quillota,5501,8,2020-09-21
Valparaíso,5,Quillota,5501,4,2020-09-22
Valparaíso,5,Quillota,5501,3,2020-09-23
Valparaíso,5,Quillota,5501,3,2020-09-24
Valparaíso,5,Quillota,5501,4,2020-09-25
Valparaíso,5,Quillota,5501,1,2020-09-26
Valparaíso,5,Quillota,5501,5,2020-09-28
Valparaíso,5,Quillota,5501,4,2020-09-29
Valparaíso,5,Quillota,5501,3,2020-09-30
Valparaíso,5,Quillota,5501,2,2020-10-01
Valparaíso,5,Quillota,5501,4,2020-10-02
Valparaíso,5,Quillota,5501,6,2020-10-05
Valparaíso,5,Quillota,5501,4,2020-10-06
Valparaíso,5,Quillota,5501,6,2020-10-07
Valparaíso,5,Quillota,5501,4,2020-10-08
Valparaíso,5,Quillota,5501,5,2020-10-09
Valparaíso,5,Quillota,5501,10,2020-10-13
Valparaíso,5,Quillota,5501,4,2020-10-14
Valparaíso,5,Quillota,5501,4,2020-10-15
Valparaíso,5,Quillota,5501,2,2020-10-16
Valparaíso,5,Quillota,5501,5,2020-10-19
Valparaíso,5,Quillota,5501,3,2020-10-20
Valparaíso,5,Quillota,5501,3,2020-10-21
Valparaíso,5,Quillota,5501,1,2020-10-22
Valparaíso,5,Quillota,5501,6,2020-10-23
Valparaíso,5,Quillota,5501,9,2020-10-26
Valparaíso,5,Quillota,5501,1,2020-10-27
Valparaíso,5,Quillota,5501,3,2020-10-28
Valparaíso,5,Quillota,5501,5,2020-10-30
Valparaíso,5,Quillota,5501,1,2020-11-02
Valparaíso,5,Quillota,5501,1,2020-11-04
Valparaíso,5,Quillota,5501,4,2020-11-05
Valparaíso,5,Quillota,5501,2,2020-11-06
Valparaíso,5,Quillota,5501,7,2020-11-09
Valparaíso,5,Quillota,5501,2,2020-11-10
Valparaíso,5,Quillota,5501,2,2020-11-11
Valparaíso,5,Quillota,5501,1,2020-11-12
Valparaíso,5,Quillota,5501,3,2020-11-13
Valparaíso,5,Quillota,5501,5,2020-11-16
Valparaíso,5,Quillota,5501,3,2020-11-17
Valparaíso,5,Quillota,5501,2,2020-11-18
Valparaíso,5,Quillota,5501,7,2020-11-19
Valparaíso,5,Quillota,5501,4,2020-11-20
Valparaíso,5,Quillota,5501,1,2020-11-22
Valparaíso,5,Quillota,5501,3,2020-11-23
Valparaíso,5,Quillota,5501,5,2020-11-24
Valparaíso,5,Quillota,5501,1,2020-11-25
Valparaíso,5,Quillota,5501,2,2020-11-26
Valparaíso,5,Quillota,5501,3,2020-11-27
Valparaíso,5,Quillota,5501,9,2020-11-30
Valparaíso,5,Quillota,5501,1,2020-12-01
Valparaíso,5,Quillota,5501,4,2020-12-02
Valparaíso,5,Quillota,5501,3,2020-12-03
Valparaíso,5,Quillota,5501,1,2020-12-04
Valparaíso,5,Quillota,5501,4,2020-12-07
Valparaíso,5,Quillota,5501,1,2020-12-09
Valparaíso,5,Quillota,5501,5,2020-12-10
Valparaíso,5,Quillota,5501,5,2020-12-11
Valparaíso,5,Quillota,5501,8,2020-12-14
Valparaíso,5,Quillota,5501,6,2020-12-15
Valparaíso,5,Quillota,5501,3,2020-12-16
Valparaíso,5,Quillota,5501,2,2020-12-17
Valparaíso,5,Quillota,5501,4,2020-12-18
Valparaíso,5,Quillota,5501,6,2020-12-21
Valparaíso,5,Quillota,5501,3,2020-12-22
Valparaíso,5,Quillota,5501,1,2020-12-23
Valparaíso,5,Quillota,5501,3,2020-12-24
Valparaíso,5,Quillota,5501,1,2020-12-27
Valparaíso,5,Quillota,5501,7,2020-12-28
Valparaíso,5,Quillota,5501,7,2020-12-29
Valparaíso,5,Quillota,5501,1,2020-12-30
Valparaíso,5,Quillota,5501,4,2020-12-31
Valparaíso,5,Quillota,5501,7,2021-01-04
Valparaíso,5,Quillota,5501,2,2021-01-05
Valparaíso,5,Quillota,5501,2,2021-01-06
Valparaíso,5,Quillota,5501,3,2021-01-07
Valparaíso,5,Quillota,5501,2,2021-01-08
Valparaíso,5,Quillota,5501,5,2021-01-11
Valparaíso,5,Quillota,5501,3,2021-01-12
Valparaíso,5,Quillota,5501,1,2021-01-13
Valparaíso,5,Quillota,5501,3,2021-01-14
Valparaíso,5,Calera,5502,2,2020-01-02
Valparaíso,5,Calera,5502,1,2020-01-03
Valparaíso,5,Calera,5502,1,2020-01-06
Valparaíso,5,Calera,5502,1,2020-01-08
Valparaíso,5,Calera,5502,1,2020-01-09
Valparaíso,5,Calera,5502,3,2020-01-13
Valparaíso,5,Calera,5502,1,2020-01-14
Valparaíso,5,Calera,5502,1,2020-01-15
Valparaíso,5,Calera,5502,4,2020-01-17
Valparaíso,5,Calera,5502,1,2020-01-21
Valparaíso,5,Calera,5502,1,2020-01-23
Valparaíso,5,Calera,5502,1,2020-01-27
Valparaíso,5,Calera,5502,4,2020-01-28
Valparaíso,5,Calera,5502,1,2020-01-30
Valparaíso,5,Calera,5502,1,2020-01-31
Valparaíso,5,Calera,5502,3,2020-02-03
Valparaíso,5,Calera,5502,1,2020-02-04
Valparaíso,5,Calera,5502,2,2020-02-05
Valparaíso,5,Calera,5502,1,2020-02-07
Valparaíso,5,Calera,5502,2,2020-02-10
Valparaíso,5,Calera,5502,1,2020-02-11
Valparaíso,5,Calera,5502,1,2020-02-12
Valparaíso,5,Calera,5502,6,2020-02-17
Valparaíso,5,Calera,5502,1,2020-02-19
Valparaíso,5,Calera,5502,1,2020-02-20
Valparaíso,5,Calera,5502,1,2020-02-21
Valparaíso,5,Calera,5502,2,2020-02-24
Valparaíso,5,Calera,5502,1,2020-02-25
Valparaíso,5,Calera,5502,1,2020-02-26
Valparaíso,5,Calera,5502,3,2020-03-02
Valparaíso,5,Calera,5502,3,2020-03-05
Valparaíso,5,Calera,5502,3,2020-03-09
Valparaíso,5,Calera,5502,1,2020-03-11
Valparaíso,5,Calera,5502,2,2020-03-12
Valparaíso,5,Calera,5502,1,2020-03-13
Valparaíso,5,Calera,5502,3,2020-03-16
Valparaíso,5,Calera,5502,2,2020-03-19
Valparaíso,5,Calera,5502,2,2020-03-20
Valparaíso,5,Calera,5502,1,2020-03-23
Valparaíso,5,Calera,5502,3,2020-03-24
Valparaíso,5,Calera,5502,1,2020-03-25
Valparaíso,5,Calera,5502,2,2020-03-26
Valparaíso,5,Calera,5502,4,2020-03-27
Valparaíso,5,Calera,5502,4,2020-03-30
Valparaíso,5,Calera,5502,2,2020-04-02
Valparaíso,5,Calera,5502,3,2020-04-06
Valparaíso,5,Calera,5502,2,2020-04-07
Valparaíso,5,Calera,5502,2,2020-04-09
Valparaíso,5,Calera,5502,3,2020-04-13
Valparaíso,5,Calera,5502,1,2020-04-16
Valparaíso,5,Calera,5502,3,2020-04-17
Valparaíso,5,Calera,5502,3,2020-04-20
Valparaíso,5,Calera,5502,1,2020-04-21
Valparaíso,5,Calera,5502,1,2020-04-23
Valparaíso,5,Calera,5502,2,2020-04-24
Valparaíso,5,Calera,5502,3,2020-04-27
Valparaíso,5,Calera,5502,2,2020-04-28
Valparaíso,5,Calera,5502,2,2020-04-29
Valparaíso,5,Calera,5502,1,2020-05-02
Valparaíso,5,Calera,5502,6,2020-05-04
Valparaíso,5,Calera,5502,3,2020-05-05
Valparaíso,5,Calera,5502,1,2020-05-06
Valparaíso,5,Calera,5502,1,2020-05-11
Valparaíso,5,Calera,5502,3,2020-05-12
Valparaíso,5,Calera,5502,2,2020-05-13
Valparaíso,5,Calera,5502,5,2020-05-18
Valparaíso,5,Calera,5502,2,2020-05-19
Valparaíso,5,Calera,5502,4,2020-05-20
Valparaíso,5,Calera,5502,2,2020-05-22
Valparaíso,5,Calera,5502,6,2020-05-25
Valparaíso,5,Calera,5502,1,2020-05-27
Valparaíso,5,Calera,5502,2,2020-05-28
Valparaíso,5,Calera,5502,3,2020-05-29
Valparaíso,5,Calera,5502,1,2020-06-01
Valparaíso,5,Calera,5502,3,2020-06-03
Valparaíso,5,Calera,5502,1,2020-06-04
Valparaíso,5,Calera,5502,2,2020-06-08
Valparaíso,5,Calera,5502,1,2020-06-10
Valparaíso,5,Calera,5502,2,2020-06-11
Valparaíso,5,Calera,5502,3,2020-06-12
Valparaíso,5,Calera,5502,4,2020-06-15
Valparaíso,5,Calera,5502,1,2020-06-16
Valparaíso,5,Calera,5502,2,2020-06-18
Valparaíso,5,Calera,5502,1,2020-06-19
Valparaíso,5,Calera,5502,3,2020-06-22
Valparaíso,5,Calera,5502,2,2020-06-23
Valparaíso,5,Calera,5502,1,2020-06-24
Valparaíso,5,Calera,5502,2,2020-06-25
Valparaíso,5,Calera,5502,1,2020-06-26
Valparaíso,5,Calera,5502,1,2020-06-27
Valparaíso,5,Calera,5502,6,2020-06-30
Valparaíso,5,Calera,5502,5,2020-07-03
Valparaíso,5,Calera,5502,3,2020-07-06
Valparaíso,5,Calera,5502,2,2020-07-07
Valparaíso,5,Calera,5502,2,2020-07-08
Valparaíso,5,Calera,5502,3,2020-07-10
Valparaíso,5,Calera,5502,2,2020-07-13
Valparaíso,5,Calera,5502,1,2020-07-14
Valparaíso,5,Calera,5502,7,2020-07-17
Valparaíso,5,Calera,5502,4,2020-07-20
Valparaíso,5,Calera,5502,3,2020-07-21
Valparaíso,5,Calera,5502,1,2020-07-22
Valparaíso,5,Calera,5502,1,2020-07-23
Valparaíso,5,Calera,5502,3,2020-07-24
Valparaíso,5,Calera,5502,3,2020-07-27
Valparaíso,5,Calera,5502,1,2020-07-29
Valparaíso,5,Calera,5502,4,2020-07-30
Valparaíso,5,Calera,5502,4,2020-07-31
Valparaíso,5,Calera,5502,2,2020-08-03
Valparaíso,5,Calera,5502,2,2020-08-04
Valparaíso,5,Calera,5502,2,2020-08-07
Valparaíso,5,Calera,5502,5,2020-08-10
Valparaíso,5,Calera,5502,4,2020-08-13
Valparaíso,5,Calera,5502,4,2020-08-14
Valparaíso,5,Calera,5502,4,2020-08-17
Valparaíso,5,Calera,5502,2,2020-08-18
Valparaíso,5,Calera,5502,2,2020-08-19
Valparaíso,5,Calera,5502,1,2020-08-20
Valparaíso,5,Calera,5502,2,2020-08-21
Valparaíso,5,Calera,5502,7,2020-08-24
Valparaíso,5,Calera,5502,3,2020-08-25
Valparaíso,5,Calera,5502,3,2020-08-28
Valparaíso,5,Calera,5502,2,2020-08-31
Valparaíso,5,Calera,5502,1,2020-09-01
Valparaíso,5,Calera,5502,3,2020-09-02
Valparaíso,5,Calera,5502,1,2020-09-04
Valparaíso,5,Calera,5502,1,2020-09-07
Valparaíso,5,Calera,5502,2,2020-09-08
Valparaíso,5,Calera,5502,3,2020-09-09
Valparaíso,5,Calera,5502,2,2020-09-10
Valparaíso,5,Calera,5502,1,2020-09-11
Valparaíso,5,Calera,5502,3,2020-09-14
Valparaíso,5,Calera,5502,1,2020-09-15
Valparaíso,5,Calera,5502,3,2020-09-16
Valparaíso,5,Calera,5502,1,2020-09-17
Valparaíso,5,Calera,5502,1,2020-09-18
Valparaíso,5,Calera,5502,6,2020-09-21
Valparaíso,5,Calera,5502,1,2020-09-22
Valparaíso,5,Calera,5502,1,2020-09-23
Valparaíso,5,Calera,5502,1,2020-09-24
Valparaíso,5,Calera,5502,5,2020-09-25
Valparaíso,5,Calera,5502,7,2020-09-28
Valparaíso,5,Calera,5502,2,2020-10-01
Valparaíso,5,Calera,5502,2,2020-10-05
Valparaíso,5,Calera,5502,1,2020-10-06
Valparaíso,5,Calera,5502,2,2020-10-09
Valparaíso,5,Calera,5502,5,2020-10-13
Valparaíso,5,Calera,5502,3,2020-10-14
Valparaíso,5,Calera,5502,1,2020-10-16
Valparaíso,5,Calera,5502,3,2020-10-19
Valparaíso,5,Calera,5502,1,2020-10-21
Valparaíso,5,Calera,5502,2,2020-10-22
Valparaíso,5,Calera,5502,1,2020-10-23
Valparaíso,5,Calera,5502,2,2020-10-26
Valparaíso,5,Calera,5502,1,2020-10-27
Valparaíso,5,Calera,5502,6,2020-11-02
Valparaíso,5,Calera,5502,1,2020-11-03
Valparaíso,5,Calera,5502,3,2020-11-06
Valparaíso,5,Calera,5502,3,2020-11-09
Valparaíso,5,Calera,5502,2,2020-11-11
Valparaíso,5,Calera,5502,1,2020-11-12
Valparaíso,5,Calera,5502,1,2020-11-13
Valparaíso,5,Calera,5502,3,2020-11-16
Valparaíso,5,Calera,5502,2,2020-11-17
Valparaíso,5,Calera,5502,2,2020-11-18
Valparaíso,5,Calera,5502,1,2020-11-23
Valparaíso,5,Calera,5502,1,2020-11-24
Valparaíso,5,Calera,5502,1,2020-11-25
Valparaíso,5,Calera,5502,3,2020-11-27
Valparaíso,5,Calera,5502,2,2020-11-30
Valparaíso,5,Calera,5502,2,2020-12-01
Valparaíso,5,Calera,5502,1,2020-12-03
Valparaíso,5,Calera,5502,1,2020-12-09
Valparaíso,5,Calera,5502,1,2020-12-10
Valparaíso,5,Calera,5502,2,2020-12-14
Valparaíso,5,Calera,5502,1,2020-12-17
Valparaíso,5,Calera,5502,2,2020-12-21
Valparaíso,5,Calera,5502,1,2020-12-22
Valparaíso,5,Calera,5502,2,2020-12-23
Valparaíso,5,Calera,5502,1,2020-12-24
Valparaíso,5,Calera,5502,4,2020-12-28
Valparaíso,5,Calera,5502,1,2020-12-31
Valparaíso,5,Calera,5502,1,2021-01-04
Valparaíso,5,Calera,5502,1,2021-01-05
Valparaíso,5,Calera,5502,1,2021-01-06
Valparaíso,5,Calera,5502,1,2021-01-07
Valparaíso,5,Calera,5502,1,2021-01-08
Valparaíso,5,Calera,5502,3,2021-01-11
Valparaíso,5,Hijuelas,5503,1,2020-01-07
Valparaíso,5,Hijuelas,5503,2,2020-01-13
Valparaíso,5,Hijuelas,5503,1,2020-01-20
Valparaíso,5,Hijuelas,5503,1,2020-02-11
Valparaíso,5,Hijuelas,5503,1,2020-03-23
Valparaíso,5,Hijuelas,5503,1,2020-03-30
Valparaíso,5,Hijuelas,5503,1,2020-04-07
Valparaíso,5,Hijuelas,5503,1,2020-04-09
Valparaíso,5,Hijuelas,5503,1,2020-04-13
Valparaíso,5,Hijuelas,5503,1,2020-04-20
Valparaíso,5,Hijuelas,5503,1,2020-04-23
Valparaíso,5,Hijuelas,5503,2,2020-05-08
Valparaíso,5,Hijuelas,5503,2,2020-05-14
Valparaíso,5,Hijuelas,5503,1,2020-05-20
Valparaíso,5,Hijuelas,5503,1,2020-05-25
Valparaíso,5,Hijuelas,5503,1,2020-05-26
Valparaíso,5,Hijuelas,5503,1,2020-05-27
Valparaíso,5,Hijuelas,5503,2,2020-06-02
Valparaíso,5,Hijuelas,5503,1,2020-06-09
Valparaíso,5,Hijuelas,5503,1,2020-06-10
Valparaíso,5,Hijuelas,5503,1,2020-06-12
Valparaíso,5,Hijuelas,5503,1,2020-06-22
Valparaíso,5,Hijuelas,5503,1,2020-06-23
Valparaíso,5,Hijuelas,5503,1,2020-07-01
Valparaíso,5,Hijuelas,5503,1,2020-07-06
Valparaíso,5,Hijuelas,5503,1,2020-07-07
Valparaíso,5,Hijuelas,5503,1,2020-07-10
Valparaíso,5,Hijuelas,5503,1,2020-07-20
Valparaíso,5,Hijuelas,5503,2,2020-07-28
Valparaíso,5,Hijuelas,5503,1,2020-08-05
Valparaíso,5,Hijuelas,5503,1,2020-08-10
Valparaíso,5,Hijuelas,5503,1,2020-08-18
Valparaíso,5,Hijuelas,5503,2,2020-08-24
Valparaíso,5,Hijuelas,5503,1,2020-08-25
Valparaíso,5,Hijuelas,5503,1,2020-08-26
Valparaíso,5,Hijuelas,5503,1,2020-09-01
Valparaíso,5,Hijuelas,5503,1,2020-09-07
Valparaíso,5,Hijuelas,5503,1,2020-09-09
Valparaíso,5,Hijuelas,5503,1,2020-09-14
Valparaíso,5,Hijuelas,5503,1,2020-09-16
Valparaíso,5,Hijuelas,5503,1,2020-09-17
Valparaíso,5,Hijuelas,5503,1,2020-09-21
Valparaíso,5,Hijuelas,5503,1,2020-10-05
Valparaíso,5,Hijuelas,5503,1,2020-10-07
Valparaíso,5,Hijuelas,5503,1,2020-10-08
Valparaíso,5,Hijuelas,5503,1,2020-10-09
Valparaíso,5,Hijuelas,5503,1,2020-10-22
Valparaíso,5,Hijuelas,5503,1,2020-10-26
Valparaíso,5,Hijuelas,5503,1,2020-11-11
Valparaíso,5,Hijuelas,5503,1,2020-11-24
Valparaíso,5,Hijuelas,5503,2,2020-11-30
Valparaíso,5,Hijuelas,5503,1,2020-12-09
Valparaíso,5,Hijuelas,5503,1,2020-12-14
Valparaíso,5,Hijuelas,5503,1,2020-12-15
Valparaíso,5,Hijuelas,5503,1,2020-12-21
Valparaíso,5,Hijuelas,5503,1,2020-12-22
Valparaíso,5,Hijuelas,5503,1,2020-12-24
Valparaíso,5,Hijuelas,5503,1,2020-12-29
Valparaíso,5,Hijuelas,5503,1,2021-01-11
Valparaíso,5,La Cruz,5504,1,2020-01-06
Valparaíso,5,La Cruz,5504,1,2020-01-13
Valparaíso,5,La Cruz,5504,1,2020-01-20
Valparaíso,5,La Cruz,5504,1,2020-01-23
Valparaíso,5,La Cruz,5504,1,2020-01-24
Valparaíso,5,La Cruz,5504,1,2020-02-20
Valparaíso,5,La Cruz,5504,1,2020-02-21
Valparaíso,5,La Cruz,5504,1,2020-02-25
Valparaíso,5,La Cruz,5504,1,2020-02-26
Valparaíso,5,La Cruz,5504,1,2020-03-04
Valparaíso,5,La Cruz,5504,1,2020-04-17
Valparaíso,5,La Cruz,5504,1,2020-04-22
Valparaíso,5,La Cruz,5504,1,2020-04-28
Valparaíso,5,La Cruz,5504,1,2020-04-30
Valparaíso,5,La Cruz,5504,1,2020-05-07
Valparaíso,5,La Cruz,5504,1,2020-05-22
Valparaíso,5,La Cruz,5504,1,2020-05-25
Valparaíso,5,La Cruz,5504,1,2020-06-01
Valparaíso,5,La Cruz,5504,1,2020-06-05
Valparaíso,5,La Cruz,5504,2,2020-06-12
Valparaíso,5,La Cruz,5504,1,2020-06-15
Valparaíso,5,La Cruz,5504,1,2020-06-16
Valparaíso,5,La Cruz,5504,1,2020-06-23
Valparaíso,5,La Cruz,5504,1,2020-07-01
Valparaíso,5,La Cruz,5504,1,2020-07-02
Valparaíso,5,La Cruz,5504,1,2020-07-13
Valparaíso,5,La Cruz,5504,2,2020-07-20
Valparaíso,5,La Cruz,5504,1,2020-07-24
Valparaíso,5,La Cruz,5504,1,2020-08-10
Valparaíso,5,La Cruz,5504,1,2020-08-19
Valparaíso,5,La Cruz,5504,1,2020-08-28
Valparaíso,5,La Cruz,5504,2,2020-09-07
Valparaíso,5,La Cruz,5504,1,2020-09-21
Valparaíso,5,La Cruz,5504,1,2020-09-24
Valparaíso,5,La Cruz,5504,1,2020-10-02
Valparaíso,5,La Cruz,5504,2,2020-10-06
Valparaíso,5,La Cruz,5504,1,2020-10-09
Valparaíso,5,La Cruz,5504,3,2020-10-13
Valparaíso,5,La Cruz,5504,1,2020-10-27
Valparaíso,5,La Cruz,5504,1,2020-11-04
Valparaíso,5,La Cruz,5504,1,2020-11-10
Valparaíso,5,La Cruz,5504,1,2020-11-12
Valparaíso,5,La Cruz,5504,2,2020-11-13
Valparaíso,5,La Cruz,5504,1,2020-11-16
Valparaíso,5,La Cruz,5504,1,2020-11-18
Valparaíso,5,La Cruz,5504,1,2020-11-23
Valparaíso,5,La Cruz,5504,1,2020-11-24
Valparaíso,5,La Cruz,5504,1,2020-11-25
Valparaíso,5,La Cruz,5504,1,2020-11-30
Valparaíso,5,La Cruz,5504,1,2020-12-01
Valparaíso,5,La Cruz,5504,1,2020-12-02
Valparaíso,5,La Cruz,5504,2,2020-12-15
Valparaíso,5,La Cruz,5504,2,2020-12-17
Valparaíso,5,La Cruz,5504,1,2020-12-22
Valparaíso,5,La Cruz,5504,1,2020-12-29
Valparaíso,5,La Cruz,5504,1,2020-12-30
Valparaíso,5,La Cruz,5504,1,2020-12-31
Valparaíso,5,La Cruz,5504,1,2021-01-07
Valparaíso,5,La Cruz,5504,1,2021-01-14
Valparaíso,5,Nogales,5506,1,2020-01-10
Valparaíso,5,Nogales,5506,1,2020-01-14
Valparaíso,5,Nogales,5506,1,2020-01-16
Valparaíso,5,Nogales,5506,1,2020-01-20
Valparaíso,5,Nogales,5506,1,2020-01-27
Valparaíso,5,Nogales,5506,1,2020-01-28
Valparaíso,5,Nogales,5506,1,2020-02-05
Valparaíso,5,Nogales,5506,1,2020-02-06
Valparaíso,5,Nogales,5506,1,2020-02-07
Valparaíso,5,Nogales,5506,2,2020-02-17
Valparaíso,5,Nogales,5506,1,2020-02-21
Valparaíso,5,Nogales,5506,2,2020-03-03
Valparaíso,5,Nogales,5506,2,2020-03-12
Valparaíso,5,Nogales,5506,1,2020-03-17
Valparaíso,5,Nogales,5506,1,2020-03-19
Valparaíso,5,Nogales,5506,1,2020-03-30
Valparaíso,5,Nogales,5506,1,2020-04-17
Valparaíso,5,Nogales,5506,1,2020-04-20
Valparaíso,5,Nogales,5506,1,2020-04-21
Valparaíso,5,Nogales,5506,1,2020-04-24
Valparaíso,5,Nogales,5506,1,2020-04-28
Valparaíso,5,Nogales,5506,2,2020-05-06
Valparaíso,5,Nogales,5506,1,2020-05-07
Valparaíso,5,Nogales,5506,1,2020-05-11
Valparaíso,5,Nogales,5506,1,2020-05-14
Valparaíso,5,Nogales,5506,1,2020-05-15
Valparaíso,5,Nogales,5506,1,2020-05-19
Valparaíso,5,Nogales,5506,2,2020-05-22
Valparaíso,5,Nogales,5506,2,2020-05-26
Valparaíso,5,Nogales,5506,1,2020-05-28
Valparaíso,5,Nogales,5506,2,2020-06-01
Valparaíso,5,Nogales,5506,1,2020-06-08
Valparaíso,5,Nogales,5506,1,2020-06-15
Valparaíso,5,Nogales,5506,3,2020-06-22
Valparaíso,5,Nogales,5506,2,2020-06-23
Valparaíso,5,Nogales,5506,2,2020-07-02
Valparaíso,5,Nogales,5506,2,2020-07-08
Valparaíso,5,Nogales,5506,3,2020-07-13
Valparaíso,5,Nogales,5506,2,2020-07-27
Valparaíso,5,Nogales,5506,1,2020-07-29
Valparaíso,5,Nogales,5506,1,2020-07-30
Valparaíso,5,Nogales,5506,1,2020-08-05
Valparaíso,5,Nogales,5506,2,2020-08-10
Valparaíso,5,Nogales,5506,1,2020-08-14
Valparaíso,5,Nogales,5506,1,2020-08-17
Valparaíso,5,Nogales,5506,1,2020-08-18
Valparaíso,5,Nogales,5506,1,2020-08-20
Valparaíso,5,Nogales,5506,1,2020-08-21
Valparaíso,5,Nogales,5506,2,2020-08-24
Valparaíso,5,Nogales,5506,1,2020-08-26
Valparaíso,5,Nogales,5506,1,2020-08-31
Valparaíso,5,Nogales,5506,2,2020-09-02
Valparaíso,5,Nogales,5506,1,2020-09-03
Valparaíso,5,Nogales,5506,2,2020-09-04
Valparaíso,5,Nogales,5506,2,2020-09-07
Valparaíso,5,Nogales,5506,2,2020-09-14
Valparaíso,5,Nogales,5506,1,2020-09-17
Valparaíso,5,Nogales,5506,1,2020-09-19
Valparaíso,5,Nogales,5506,1,2020-09-23
Valparaíso,5,Nogales,5506,1,2020-10-05
Valparaíso,5,Nogales,5506,1,2020-10-06
Valparaíso,5,Nogales,5506,1,2020-10-07
Valparaíso,5,Nogales,5506,2,2020-10-23
Valparaíso,5,Nogales,5506,1,2020-11-02
Valparaíso,5,Nogales,5506,1,2020-11-05
Valparaíso,5,Nogales,5506,1,2020-11-06
Valparaíso,5,Nogales,5506,3,2020-11-16
Valparaíso,5,Nogales,5506,1,2020-11-19
Valparaíso,5,Nogales,5506,1,2020-11-20
Valparaíso,5,Nogales,5506,1,2020-11-24
Valparaíso,5,Nogales,5506,1,2020-12-01
Valparaíso,5,Nogales,5506,1,2020-12-07
Valparaíso,5,Nogales,5506,1,2020-12-09
Valparaíso,5,Nogales,5506,1,2020-12-14
Valparaíso,5,Nogales,5506,1,2020-12-16
Valparaíso,5,Nogales,5506,1,2020-12-22
Valparaíso,5,Nogales,5506,1,2020-12-23
Valparaíso,5,Nogales,5506,1,2020-12-29
Valparaíso,5,Nogales,5506,1,2020-12-30
Valparaíso,5,Nogales,5506,3,2021-01-04
Valparaíso,5,Nogales,5506,2,2021-01-11
Valparaíso,5,San Antonio,5601,1,2020-01-02
Valparaíso,5,San Antonio,5601,5,2020-01-03
Valparaíso,5,San Antonio,5601,9,2020-01-06
Valparaíso,5,San Antonio,5601,2,2020-01-07
Valparaíso,5,San Antonio,5601,4,2020-01-08
Valparaíso,5,San Antonio,5601,2,2020-01-09
Valparaíso,5,San Antonio,5601,4,2020-01-10
Valparaíso,5,San Antonio,5601,9,2020-01-13
Valparaíso,5,San Antonio,5601,4,2020-01-14
Valparaíso,5,San Antonio,5601,4,2020-01-15
Valparaíso,5,San Antonio,5601,3,2020-01-16
Valparaíso,5,San Antonio,5601,1,2020-01-19
Valparaíso,5,San Antonio,5601,7,2020-01-20
Valparaíso,5,San Antonio,5601,3,2020-01-21
Valparaíso,5,San Antonio,5601,2,2020-01-22
Valparaíso,5,San Antonio,5601,2,2020-01-23
Valparaíso,5,San Antonio,5601,4,2020-01-24
Valparaíso,5,San Antonio,5601,2,2020-01-25
Valparaíso,5,San Antonio,5601,1,2020-01-26
Valparaíso,5,San Antonio,5601,9,2020-01-27
Valparaíso,5,San Antonio,5601,2,2020-01-28
Valparaíso,5,San Antonio,5601,2,2020-01-29
Valparaíso,5,San Antonio,5601,2,2020-01-30
Valparaíso,5,San Antonio,5601,4,2020-01-31
Valparaíso,5,San Antonio,5601,1,2020-02-02
Valparaíso,5,San Antonio,5601,8,2020-02-03
Valparaíso,5,San Antonio,5601,2,2020-02-05
Valparaíso,5,San Antonio,5601,2,2020-02-06
Valparaíso,5,San Antonio,5601,5,2020-02-07
Valparaíso,5,San Antonio,5601,11,2020-02-10
Valparaíso,5,San Antonio,5601,5,2020-02-11
Valparaíso,5,San Antonio,5601,3,2020-02-12
Valparaíso,5,San Antonio,5601,3,2020-02-13
Valparaíso,5,San Antonio,5601,2,2020-02-14
Valparaíso,5,San Antonio,5601,1,2020-02-16
Valparaíso,5,San Antonio,5601,9,2020-02-17
Valparaíso,5,San Antonio,5601,1,2020-02-18
Valparaíso,5,San Antonio,5601,6,2020-02-19
Valparaíso,5,San Antonio,5601,3,2020-02-20
Valparaíso,5,San Antonio,5601,4,2020-02-21
Valparaíso,5,San Antonio,5601,1,2020-02-22
Valparaíso,5,San Antonio,5601,6,2020-02-24
Valparaíso,5,San Antonio,5601,3,2020-02-25
Valparaíso,5,San Antonio,5601,5,2020-02-26
Valparaíso,5,San Antonio,5601,2,2020-02-27
Valparaíso,5,San Antonio,5601,6,2020-02-28
Valparaíso,5,San Antonio,5601,2,2020-03-01
Valparaíso,5,San Antonio,5601,6,2020-03-02
Valparaíso,5,San Antonio,5601,4,2020-03-03
Valparaíso,5,San Antonio,5601,1,2020-03-04
Valparaíso,5,San Antonio,5601,3,2020-03-05
Valparaíso,5,San Antonio,5601,3,2020-03-06
Valparaíso,5,San Antonio,5601,1,2020-03-07
Valparaíso,5,San Antonio,5601,5,2020-03-09
Valparaíso,5,San Antonio,5601,3,2020-03-10
Valparaíso,5,San Antonio,5601,3,2020-03-11
Valparaíso,5,San Antonio,5601,3,2020-03-12
Valparaíso,5,San Antonio,5601,4,2020-03-13
Valparaíso,5,San Antonio,5601,4,2020-03-16
Valparaíso,5,San Antonio,5601,3,2020-03-17
Valparaíso,5,San Antonio,5601,3,2020-03-18
Valparaíso,5,San Antonio,5601,2,2020-03-19
Valparaíso,5,San Antonio,5601,5,2020-03-20
Valparaíso,5,San Antonio,5601,1,2020-03-21
Valparaíso,5,San Antonio,5601,11,2020-03-23
Valparaíso,5,San Antonio,5601,1,2020-03-24
Valparaíso,5,San Antonio,5601,1,2020-03-25
Valparaíso,5,San Antonio,5601,2,2020-03-26
Valparaíso,5,San Antonio,5601,5,2020-03-27
Valparaíso,5,San Antonio,5601,9,2020-03-30
Valparaíso,5,San Antonio,5601,3,2020-03-31
Valparaíso,5,San Antonio,5601,2,2020-04-01
Valparaíso,5,San Antonio,5601,3,2020-04-02
Valparaíso,5,San Antonio,5601,2,2020-04-03
Valparaíso,5,San Antonio,5601,6,2020-04-06
Valparaíso,5,San Antonio,5601,1,2020-04-07
Valparaíso,5,San Antonio,5601,5,2020-04-08
Valparaíso,5,San Antonio,5601,6,2020-04-09
Valparaíso,5,San Antonio,5601,1,2020-04-11
Valparaíso,5,San Antonio,5601,12,2020-04-13
Valparaíso,5,San Antonio,5601,2,2020-04-14
Valparaíso,5,San Antonio,5601,8,2020-04-15
Valparaíso,5,San Antonio,5601,4,2020-04-16
Valparaíso,5,San Antonio,5601,3,2020-04-17
Valparaíso,5,San Antonio,5601,2,2020-04-18
Valparaíso,5,San Antonio,5601,1,2020-04-19
Valparaíso,5,San Antonio,5601,14,2020-04-20
Valparaíso,5,San Antonio,5601,1,2020-04-21
Valparaíso,5,San Antonio,5601,5,2020-04-22
Valparaíso,5,San Antonio,5601,1,2020-04-23
Valparaíso,5,San Antonio,5601,2,2020-04-24
Valparaíso,5,San Antonio,5601,7,2020-04-27
Valparaíso,5,San Antonio,5601,5,2020-04-28
Valparaíso,5,San Antonio,5601,6,2020-04-29
Valparaíso,5,San Antonio,5601,2,2020-04-30
Valparaíso,5,San Antonio,5601,2,2020-05-02
Valparaíso,5,San Antonio,5601,7,2020-05-04
Valparaíso,5,San Antonio,5601,5,2020-05-05
Valparaíso,5,San Antonio,5601,4,2020-05-06
Valparaíso,5,San Antonio,5601,1,2020-05-07
Valparaíso,5,San Antonio,5601,5,2020-05-08
Valparaíso,5,San Antonio,5601,1,2020-05-09
Valparaíso,5,San Antonio,5601,14,2020-05-11
Valparaíso,5,San Antonio,5601,4,2020-05-12
Valparaíso,5,San Antonio,5601,2,2020-05-14
Valparaíso,5,San Antonio,5601,2,2020-05-15
Valparaíso,5,San Antonio,5601,3,2020-05-18
Valparaíso,5,San Antonio,5601,1,2020-05-19
Valparaíso,5,San Antonio,5601,2,2020-05-20
Valparaíso,5,San Antonio,5601,3,2020-05-22
Valparaíso,5,San Antonio,5601,9,2020-05-25
Valparaíso,5,San Antonio,5601,2,2020-05-26
Valparaíso,5,San Antonio,5601,1,2020-05-27
Valparaíso,5,San Antonio,5601,5,2020-05-28
Valparaíso,5,San Antonio,5601,3,2020-05-29
Valparaíso,5,San Antonio,5601,2,2020-05-31
Valparaíso,5,San Antonio,5601,10,2020-06-01
Valparaíso,5,San Antonio,5601,3,2020-06-02
Valparaíso,5,San Antonio,5601,2,2020-06-03
Valparaíso,5,San Antonio,5601,4,2020-06-04
Valparaíso,5,San Antonio,5601,1,2020-06-05
Valparaíso,5,San Antonio,5601,1,2020-06-06
Valparaíso,5,San Antonio,5601,10,2020-06-08
Valparaíso,5,San Antonio,5601,6,2020-06-09
Valparaíso,5,San Antonio,5601,1,2020-06-11
Valparaíso,5,San Antonio,5601,4,2020-06-12
Valparaíso,5,San Antonio,5601,6,2020-06-15
Valparaíso,5,San Antonio,5601,7,2020-06-16
Valparaíso,5,San Antonio,5601,1,2020-06-17
Valparaíso,5,San Antonio,5601,2,2020-06-18
Valparaíso,5,San Antonio,5601,5,2020-06-19
Valparaíso,5,San Antonio,5601,8,2020-06-22
Valparaíso,5,San Antonio,5601,2,2020-06-23
Valparaíso,5,San Antonio,5601,7,2020-06-24
Valparaíso,5,San Antonio,5601,5,2020-06-25
Valparaíso,5,San Antonio,5601,2,2020-06-26
Valparaíso,5,San Antonio,5601,1,2020-06-27
Valparaíso,5,San Antonio,5601,10,2020-06-30
Valparaíso,5,San Antonio,5601,5,2020-07-01
Valparaíso,5,San Antonio,5601,3,2020-07-02
Valparaíso,5,San Antonio,5601,5,2020-07-03
Valparaíso,5,San Antonio,5601,2,2020-07-05
Valparaíso,5,San Antonio,5601,6,2020-07-06
Valparaíso,5,San Antonio,5601,1,2020-07-07
Valparaíso,5,San Antonio,5601,7,2020-07-09
Valparaíso,5,San Antonio,5601,6,2020-07-10
Valparaíso,5,San Antonio,5601,1,2020-07-11
Valparaíso,5,San Antonio,5601,7,2020-07-13
Valparaíso,5,San Antonio,5601,5,2020-07-14
Valparaíso,5,San Antonio,5601,4,2020-07-15
Valparaíso,5,San Antonio,5601,4,2020-07-17
Valparaíso,5,San Antonio,5601,1,2020-07-18
Valparaíso,5,San Antonio,5601,11,2020-07-20
Valparaíso,5,San Antonio,5601,9,2020-07-21
Valparaíso,5,San Antonio,5601,3,2020-07-23
Valparaíso,5,San Antonio,5601,1,2020-07-24
Valparaíso,5,San Antonio,5601,6,2020-07-27
Valparaíso,5,San Antonio,5601,3,2020-07-28
Valparaíso,5,San Antonio,5601,1,2020-07-30
Valparaíso,5,San Antonio,5601,2,2020-07-31
Valparaíso,5,San Antonio,5601,1,2020-08-01
Valparaíso,5,San Antonio,5601,5,2020-08-03
Valparaíso,5,San Antonio,5601,2,2020-08-04
Valparaíso,5,San Antonio,5601,2,2020-08-05
Valparaíso,5,San Antonio,5601,5,2020-08-06
Valparaíso,5,San Antonio,5601,4,2020-08-07
Valparaíso,5,San Antonio,5601,4,2020-08-10
Valparaíso,5,San Antonio,5601,2,2020-08-11
Valparaíso,5,San Antonio,5601,3,2020-08-12
Valparaíso,5,San Antonio,5601,2,2020-08-13
Valparaíso,5,San Antonio,5601,3,2020-08-14
Valparaíso,5,San Antonio,5601,11,2020-08-17
Valparaíso,5,San Antonio,5601,2,2020-08-19
Valparaíso,5,San Antonio,5601,3,2020-08-20
Valparaíso,5,San Antonio,5601,7,2020-08-21
Valparaíso,5,San Antonio,5601,1,2020-08-23
Valparaíso,5,San Antonio,5601,6,2020-08-24
Valparaíso,5,San Antonio,5601,2,2020-08-25
Valparaíso,5,San Antonio,5601,4,2020-08-26
Valparaíso,5,San Antonio,5601,2,2020-08-27
Valparaíso,5,San Antonio,5601,6,2020-08-28
Valparaíso,5,San Antonio,5601,1,2020-08-30
Valparaíso,5,San Antonio,5601,6,2020-08-31
Valparaíso,5,San Antonio,5601,7,2020-09-01
Valparaíso,5,San Antonio,5601,4,2020-09-02
Valparaíso,5,San Antonio,5601,4,2020-09-03
Valparaíso,5,San Antonio,5601,11,2020-09-07
Valparaíso,5,San Antonio,5601,2,2020-09-08
Valparaíso,5,San Antonio,5601,1,2020-09-09
Valparaíso,5,San Antonio,5601,3,2020-09-10
Valparaíso,5,San Antonio,5601,1,2020-09-11
Valparaíso,5,San Antonio,5601,8,2020-09-14
Valparaíso,5,San Antonio,5601,3,2020-09-15
Valparaíso,5,San Antonio,5601,5,2020-09-16
Valparaíso,5,San Antonio,5601,5,2020-09-17
Valparaíso,5,San Antonio,5601,6,2020-09-21
Valparaíso,5,San Antonio,5601,5,2020-09-22
Valparaíso,5,San Antonio,5601,1,2020-09-23
Valparaíso,5,San Antonio,5601,2,2020-09-24
Valparaíso,5,San Antonio,5601,2,2020-09-25
Valparaíso,5,San Antonio,5601,1,2020-09-27
Valparaíso,5,San Antonio,5601,6,2020-09-28
Valparaíso,5,San Antonio,5601,2,2020-09-29
Valparaíso,5,San Antonio,5601,2,2020-09-30
Valparaíso,5,San Antonio,5601,3,2020-10-01
Valparaíso,5,San Antonio,5601,8,2020-10-02
Valparaíso,5,San Antonio,5601,4,2020-10-05
Valparaíso,5,San Antonio,5601,2,2020-10-06
Valparaíso,5,San Antonio,5601,2,2020-10-07
Valparaíso,5,San Antonio,5601,3,2020-10-09
Valparaíso,5,San Antonio,5601,7,2020-10-13
Valparaíso,5,San Antonio,5601,1,2020-10-14
Valparaíso,5,San Antonio,5601,5,2020-10-15
Valparaíso,5,San Antonio,5601,1,2020-10-16
Valparaíso,5,San Antonio,5601,2,2020-10-19
Valparaíso,5,San Antonio,5601,3,2020-10-20
Valparaíso,5,San Antonio,5601,2,2020-10-21
Valparaíso,5,San Antonio,5601,4,2020-10-22
Valparaíso,5,San Antonio,5601,3,2020-10-23
Valparaíso,5,San Antonio,5601,7,2020-10-26
Valparaíso,5,San Antonio,5601,9,2020-10-27
Valparaíso,5,San Antonio,5601,1,2020-10-28
Valparaíso,5,San Antonio,5601,1,2020-10-29
Valparaíso,5,San Antonio,5601,5,2020-10-30
Valparaíso,5,San Antonio,5601,1,2020-10-31
Valparaíso,5,San Antonio,5601,4,2020-11-02
Valparaíso,5,San Antonio,5601,2,2020-11-03
Valparaíso,5,San Antonio,5601,4,2020-11-04
Valparaíso,5,San Antonio,5601,2,2020-11-05
Valparaíso,5,San Antonio,5601,2,2020-11-06
Valparaíso,5,San Antonio,5601,1,2020-11-07
Valparaíso,5,San Antonio,5601,8,2020-11-09
Valparaíso,5,San Antonio,5601,1,2020-11-10
Valparaíso,5,San Antonio,5601,3,2020-11-11
Valparaíso,5,San Antonio,5601,2,2020-11-12
Valparaíso,5,San Antonio,5601,2,2020-11-13
Valparaíso,5,San Antonio,5601,4,2020-11-16
Valparaíso,5,San Antonio,5601,5,2020-11-17
Valparaíso,5,San Antonio,5601,4,2020-11-18
Valparaíso,5,San Antonio,5601,3,2020-11-19
Valparaíso,5,San Antonio,5601,2,2020-11-20
Valparaíso,5,San Antonio,5601,6,2020-11-23
Valparaíso,5,San Antonio,5601,2,2020-11-25
Valparaíso,5,San Antonio,5601,2,2020-11-26
Valparaíso,5,San Antonio,5601,2,2020-11-27
Valparaíso,5,San Antonio,5601,10,2020-11-30
Valparaíso,5,San Antonio,5601,2,2020-12-01
Valparaíso,5,San Antonio,5601,4,2020-12-02
Valparaíso,5,San Antonio,5601,3,2020-12-03
Valparaíso,5,San Antonio,5601,3,2020-12-04
Valparaíso,5,San Antonio,5601,10,2020-12-07
Valparaíso,5,San Antonio,5601,6,2020-12-09
Valparaíso,5,San Antonio,5601,2,2020-12-10
Valparaíso,5,San Antonio,5601,4,2020-12-11
Valparaíso,5,San Antonio,5601,4,2020-12-14
Valparaíso,5,San Antonio,5601,2,2020-12-15
Valparaíso,5,San Antonio,5601,5,2020-12-16
Valparaíso,5,San Antonio,5601,5,2020-12-18
Valparaíso,5,San Antonio,5601,1,2020-12-19
Valparaíso,5,San Antonio,5601,9,2020-12-21
Valparaíso,5,San Antonio,5601,1,2020-12-22
Valparaíso,5,San Antonio,5601,2,2020-12-23
Valparaíso,5,San Antonio,5601,3,2020-12-24
Valparaíso,5,San Antonio,5601,10,2020-12-28
Valparaíso,5,San Antonio,5601,5,2020-12-29
Valparaíso,5,San Antonio,5601,1,2020-12-30
Valparaíso,5,San Antonio,5601,2,2020-12-31
Valparaíso,5,San Antonio,5601,11,2021-01-04
Valparaíso,5,San Antonio,5601,1,2021-01-05
Valparaíso,5,San Antonio,5601,2,2021-01-06
Valparaíso,5,San Antonio,5601,3,2021-01-07
Valparaíso,5,San Antonio,5601,2,2021-01-08
Valparaíso,5,San Antonio,5601,10,2021-01-11
Valparaíso,5,San Antonio,5601,1,2021-01-12
Valparaíso,5,San Antonio,5601,3,2021-01-13
Valparaíso,5,San Antonio,5601,5,2021-01-14
Valparaíso,5,Algarrobo,5602,1,2020-01-03
Valparaíso,5,Algarrobo,5602,1,2020-01-06
Valparaíso,5,Algarrobo,5602,1,2020-01-08
Valparaíso,5,Algarrobo,5602,2,2020-01-15
Valparaíso,5,Algarrobo,5602,1,2020-01-20
Valparaíso,5,Algarrobo,5602,1,2020-02-09
Valparaíso,5,Algarrobo,5602,1,2020-02-10
Valparaíso,5,Algarrobo,5602,1,2020-02-16
Valparaíso,5,Algarrobo,5602,1,2020-02-18
Valparaíso,5,Algarrobo,5602,1,2020-02-21
Valparaíso,5,Algarrobo,5602,1,2020-02-24
Valparaíso,5,Algarrobo,5602,1,2020-02-29
Valparaíso,5,Algarrobo,5602,1,2020-03-04
Valparaíso,5,Algarrobo,5602,1,2020-03-17
Valparaíso,5,Algarrobo,5602,1,2020-03-20
Valparaíso,5,Algarrobo,5602,1,2020-03-25
Valparaíso,5,Algarrobo,5602,2,2020-04-06
Valparaíso,5,Algarrobo,5602,1,2020-04-08
Valparaíso,5,Algarrobo,5602,3,2020-04-23
Valparaíso,5,Algarrobo,5602,1,2020-04-28
Valparaíso,5,Algarrobo,5602,1,2020-05-05
Valparaíso,5,Algarrobo,5602,1,2020-05-08
Valparaíso,5,Algarrobo,5602,1,2020-05-11
Valparaíso,5,Algarrobo,5602,1,2020-05-22
Valparaíso,5,Algarrobo,5602,1,2020-06-09
Valparaíso,5,Algarrobo,5602,1,2020-06-22
Valparaíso,5,Algarrobo,5602,1,2020-06-24
Valparaíso,5,Algarrobo,5602,2,2020-07-06
Valparaíso,5,Algarrobo,5602,1,2020-07-07
Valparaíso,5,Algarrobo,5602,1,2020-07-14
Valparaíso,5,Algarrobo,5602,1,2020-07-15
Valparaíso,5,Algarrobo,5602,1,2020-07-23
Valparaíso,5,Algarrobo,5602,1,2020-07-28
Valparaíso,5,Algarrobo,5602,2,2020-07-29
Valparaíso,5,Algarrobo,5602,1,2020-08-03
Valparaíso,5,Algarrobo,5602,1,2020-08-09
Valparaíso,5,Algarrobo,5602,1,2020-08-10
Valparaíso,5,Algarrobo,5602,1,2020-08-17
Valparaíso,5,Algarrobo,5602,1,2020-08-20
Valparaíso,5,Algarrobo,5602,2,2020-08-31
Valparaíso,5,Algarrobo,5602,1,2020-09-04
Valparaíso,5,Algarrobo,5602,1,2020-09-07
Valparaíso,5,Algarrobo,5602,1,2020-10-08
Valparaíso,5,Algarrobo,5602,2,2020-10-09
Valparaíso,5,Algarrobo,5602,2,2020-10-19
Valparaíso,5,Algarrobo,5602,1,2020-10-20
Valparaíso,5,Algarrobo,5602,1,2020-10-25
Valparaíso,5,Algarrobo,5602,1,2020-10-29
Valparaíso,5,Algarrobo,5602,1,2020-11-02
Valparaíso,5,Algarrobo,5602,1,2020-11-03
Valparaíso,5,Algarrobo,5602,1,2020-11-06
Valparaíso,5,Algarrobo,5602,1,2020-11-18
Valparaíso,5,Algarrobo,5602,1,2020-11-23
Valparaíso,5,Algarrobo,5602,1,2020-12-12
Valparaíso,5,Algarrobo,5602,1,2020-12-18
Valparaíso,5,Algarrobo,5602,1,2021-01-13
Valparaíso,5,Cartagena,5603,1,2020-01-02
Valparaíso,5,Cartagena,5603,1,2020-01-09
Valparaíso,5,Cartagena,5603,1,2020-01-14
Valparaíso,5,Cartagena,5603,1,2020-01-21
Valparaíso,5,Cartagena,5603,1,2020-01-25
Valparaíso,5,Cartagena,5603,2,2020-01-27
Valparaíso,5,Cartagena,5603,1,2020-02-20
Valparaíso,5,Cartagena,5603,1,2020-03-17
Valparaíso,5,Cartagena,5603,1,2020-03-18
Valparaíso,5,Cartagena,5603,1,2020-03-19
Valparaíso,5,Cartagena,5603,1,2020-03-25
Valparaíso,5,Cartagena,5603,1,2020-03-27
Valparaíso,5,Cartagena,5603,2,2020-03-30
Valparaíso,5,Cartagena,5603,1,2020-04-02
Valparaíso,5,Cartagena,5603,1,2020-04-06
Valparaíso,5,Cartagena,5603,1,2020-04-07
Valparaíso,5,Cartagena,5603,1,2020-04-09
Valparaíso,5,Cartagena,5603,1,2020-04-14
Valparaíso,5,Cartagena,5603,1,2020-04-16
Valparaíso,5,Cartagena,5603,1,2020-04-17
Valparaíso,5,Cartagena,5603,1,2020-04-19
Valparaíso,5,Cartagena,5603,1,2020-04-21
Valparaíso,5,Cartagena,5603,1,2020-04-23
Valparaíso,5,Cartagena,5603,2,2020-04-26
Valparaíso,5,Cartagena,5603,1,2020-04-27
Valparaíso,5,Cartagena,5603,2,2020-04-28
Valparaíso,5,Cartagena,5603,1,2020-04-30
Valparaíso,5,Cartagena,5603,3,2020-05-11
Valparaíso,5,Cartagena,5603,1,2020-05-12
Valparaíso,5,Cartagena,5603,2,2020-05-15
Valparaíso,5,Cartagena,5603,1,2020-05-23
Valparaíso,5,Cartagena,5603,2,2020-05-25
Valparaíso,5,Cartagena,5603,1,2020-05-28
Valparaíso,5,Cartagena,5603,1,2020-06-04
Valparaíso,5,Cartagena,5603,1,2020-06-05
Valparaíso,5,Cartagena,5603,1,2020-06-06
Valparaíso,5,Cartagena,5603,1,2020-06-09
Valparaíso,5,Cartagena,5603,1,2020-06-11
Valparaíso,5,Cartagena,5603,1,2020-06-15
Valparaíso,5,Cartagena,5603,3,2020-06-23
Valparaíso,5,Cartagena,5603,2,2020-06-24
Valparaíso,5,Cartagena,5603,1,2020-06-30
Valparaíso,5,Cartagena,5603,1,2020-07-01
Valparaíso,5,Cartagena,5603,1,2020-07-02
Valparaíso,5,Cartagena,5603,1,2020-07-05
Valparaíso,5,Cartagena,5603,1,2020-07-06
Valparaíso,5,Cartagena,5603,1,2020-07-08
Valparaíso,5,Cartagena,5603,1,2020-07-09
Valparaíso,5,Cartagena,5603,2,2020-07-14
Valparaíso,5,Cartagena,5603,1,2020-07-15
Valparaíso,5,Cartagena,5603,1,2020-07-25
Valparaíso,5,Cartagena,5603,1,2020-07-28
Valparaíso,5,Cartagena,5603,1,2020-07-30
Valparaíso,5,Cartagena,5603,2,2020-07-31
Valparaíso,5,Cartagena,5603,1,2020-08-10
Valparaíso,5,Cartagena,5603,1,2020-08-12
Valparaíso,5,Cartagena,5603,1,2020-08-17
Valparaíso,5,Cartagena,5603,1,2020-08-20
Valparaíso,5,Cartagena,5603,1,2020-08-21
Valparaíso,5,Cartagena,5603,3,2020-08-24
Valparaíso,5,Cartagena,5603,1,2020-08-26
Valparaíso,5,Cartagena,5603,1,2020-08-27
Valparaíso,5,Cartagena,5603,3,2020-09-07
Valparaíso,5,Cartagena,5603,0,2020-09-08
Valparaíso,5,Cartagena,5603,1,2020-09-09
Valparaíso,5,Cartagena,5603,1,2020-09-14
Valparaíso,5,Cartagena,5603,1,2020-09-17
Valparaíso,5,Cartagena,5603,1,2020-09-23
Valparaíso,5,Cartagena,5603,1,2020-09-24
Valparaíso,5,Cartagena,5603,1,2020-09-25
Valparaíso,5,Cartagena,5603,1,2020-09-28
Valparaíso,5,Cartagena,5603,1,2020-10-15
Valparaíso,5,Cartagena,5603,1,2020-10-22
Valparaíso,5,Cartagena,5603,2,2020-10-27
Valparaíso,5,Cartagena,5603,1,2020-10-28
Valparaíso,5,Cartagena,5603,2,2020-10-29
Valparaíso,5,Cartagena,5603,2,2020-11-02
Valparaíso,5,Cartagena,5603,1,2020-11-04
Valparaíso,5,Cartagena,5603,1,2020-11-06
Valparaíso,5,Cartagena,5603,2,2020-11-08
Valparaíso,5,Cartagena,5603,1,2020-11-09
Valparaíso,5,Cartagena,5603,1,2020-11-11
Valparaíso,5,Cartagena,5603,0,2020-11-12
Valparaíso,5,Cartagena,5603,1,2020-11-16
Valparaíso,5,Cartagena,5603,1,2020-11-19
Valparaíso,5,Cartagena,5603,2,2020-11-23
Valparaíso,5,Cartagena,5603,1,2020-11-24
Valparaíso,5,Cartagena,5603,2,2020-12-07
Valparaíso,5,Cartagena,5603,1,2020-12-13
Valparaíso,5,Cartagena,5603,1,2020-12-16
Valparaíso,5,Cartagena,5603,1,2020-12-22
Valparaíso,5,Cartagena,5603,1,2020-12-28
Valparaíso,5,Cartagena,5603,1,2020-12-29
Valparaíso,5,Cartagena,5603,1,2020-12-30
Valparaíso,5,Cartagena,5603,2,2021-01-04
Valparaíso,5,Cartagena,5603,1,2021-01-06
Valparaíso,5,Cartagena,5603,2,2021-01-07
Valparaíso,5,Cartagena,5603,1,2021-01-13
Valparaíso,5,El Quisco,5604,1,2020-01-02
Valparaíso,5,El Quisco,5604,1,2020-01-08
Valparaíso,5,El Quisco,5604,1,2020-01-09
Valparaíso,5,El Quisco,5604,1,2020-01-13
Valparaíso,5,El Quisco,5604,1,2020-01-15
Valparaíso,5,El Quisco,5604,1,2020-01-20
Valparaíso,5,El Quisco,5604,1,2020-01-22
Valparaíso,5,El Quisco,5604,1,2020-01-31
Valparaíso,5,El Quisco,5604,1,2020-02-11
Valparaíso,5,El Quisco,5604,1,2020-02-12
Valparaíso,5,El Quisco,5604,1,2020-02-13
Valparaíso,5,El Quisco,5604,1,2020-02-14
Valparaíso,5,El Quisco,5604,1,2020-02-19
Valparaíso,5,El Quisco,5604,1,2020-02-25
Valparaíso,5,El Quisco,5604,1,2020-02-28
Valparaíso,5,El Quisco,5604,1,2020-03-19
Valparaíso,5,El Quisco,5604,1,2020-03-20
Valparaíso,5,El Quisco,5604,1,2020-04-01
Valparaíso,5,El Quisco,5604,1,2020-04-02
Valparaíso,5,El Quisco,5604,1,2020-04-06
Valparaíso,5,El Quisco,5604,1,2020-04-07
Valparaíso,5,El Quisco,5604,1,2020-04-08
Valparaíso,5,El Quisco,5604,1,2020-04-13
Valparaíso,5,El Quisco,5604,1,2020-04-20
Valparaíso,5,El Quisco,5604,1,2020-05-03
Valparaíso,5,El Quisco,5604,1,2020-05-04
Valparaíso,5,El Quisco,5604,1,2020-05-07
Valparaíso,5,El Quisco,5604,1,2020-05-16
Valparaíso,5,El Quisco,5604,2,2020-05-22
Valparaíso,5,El Quisco,5604,1,2020-05-25
Valparaíso,5,El Quisco,5604,1,2020-06-01
Valparaíso,5,El Quisco,5604,2,2020-06-15
Valparaíso,5,El Quisco,5604,1,2020-06-18
Valparaíso,5,El Quisco,5604,1,2020-06-20
Valparaíso,5,El Quisco,5604,1,2020-06-22
Valparaíso,5,El Quisco,5604,1,2020-06-24
Valparaíso,5,El Quisco,5604,1,2020-07-01
Valparaíso,5,El Quisco,5604,1,2020-07-03
Valparaíso,5,El Quisco,5604,3,2020-07-06
Valparaíso,5,El Quisco,5604,1,2020-07-13
Valparaíso,5,El Quisco,5604,1,2020-07-15
Valparaíso,5,El Quisco,5604,1,2020-07-29
Valparaíso,5,El Quisco,5604,1,2020-08-06
Valparaíso,5,El Quisco,5604,1,2020-08-16
Valparaíso,5,El Quisco,5604,1,2020-08-24
Valparaíso,5,El Quisco,5604,1,2020-08-26
Valparaíso,5,El Quisco,5604,1,2020-09-01
Valparaíso,5,El Quisco,5604,1,2020-09-12
Valparaíso,5,El Quisco,5604,2,2020-09-14
Valparaíso,5,El Quisco,5604,1,2020-09-16
Valparaíso,5,El Quisco,5604,2,2020-09-21
Valparaíso,5,El Quisco,5604,1,2020-09-22
Valparaíso,5,El Quisco,5604,2,2020-09-29
Valparaíso,5,El Quisco,5604,1,2020-10-05
Valparaíso,5,El Quisco,5604,1,2020-10-15
Valparaíso,5,El Quisco,5604,1,2020-10-27
Valparaíso,5,El Quisco,5604,1,2020-11-04
Valparaíso,5,El Quisco,5604,1,2020-11-15
Valparaíso,5,El Quisco,5604,2,2020-11-16
Valparaíso,5,El Quisco,5604,1,2020-11-17
Valparaíso,5,El Quisco,5604,3,2020-11-25
Valparaíso,5,El Quisco,5604,1,2020-11-26
Valparaíso,5,El Quisco,5604,1,2020-11-27
Valparaíso,5,El Quisco,5604,2,2020-11-30
Valparaíso,5,El Quisco,5604,1,2020-12-16
Valparaíso,5,El Quisco,5604,1,2020-12-21
Valparaíso,5,El Quisco,5604,1,2020-12-27
Valparaíso,5,El Quisco,5604,1,2020-12-28
Valparaíso,5,El Quisco,5604,1,2020-12-29
Valparaíso,5,El Quisco,5604,2,2021-01-04
Valparaíso,5,El Quisco,5604,1,2021-01-05
Valparaíso,5,El Quisco,5604,1,2021-01-08
Valparaíso,5,El Quisco,5604,1,2021-01-11
Valparaíso,5,El Quisco,5604,1,2021-01-13
Valparaíso,5,El Tabo,5605,1,2020-01-03
Valparaíso,5,El Tabo,5605,1,2020-01-07
Valparaíso,5,El Tabo,5605,1,2020-01-15
Valparaíso,5,El Tabo,5605,1,2020-01-16
Valparaíso,5,El Tabo,5605,1,2020-01-27
Valparaíso,5,El Tabo,5605,1,2020-02-06
Valparaíso,5,El Tabo,5605,1,2020-02-21
Valparaíso,5,El Tabo,5605,1,2020-03-16
Valparaíso,5,El Tabo,5605,1,2020-03-20
Valparaíso,5,El Tabo,5605,3,2020-03-23
Valparaíso,5,El Tabo,5605,1,2020-03-24
Valparaíso,5,El Tabo,5605,1,2020-03-25
Valparaíso,5,El Tabo,5605,1,2020-04-03
Valparaíso,5,El Tabo,5605,1,2020-04-06
Valparaíso,5,El Tabo,5605,1,2020-04-11
Valparaíso,5,El Tabo,5605,1,2020-04-13
Valparaíso,5,El Tabo,5605,1,2020-04-16
Valparaíso,5,El Tabo,5605,1,2020-04-24
Valparaíso,5,El Tabo,5605,1,2020-04-28
Valparaíso,5,El Tabo,5605,1,2020-05-02
Valparaíso,5,El Tabo,5605,1,2020-05-03
Valparaíso,5,El Tabo,5605,2,2020-05-06
Valparaíso,5,El Tabo,5605,1,2020-05-12
Valparaíso,5,El Tabo,5605,1,2020-05-17
Valparaíso,5,El Tabo,5605,1,2020-05-18
Valparaíso,5,El Tabo,5605,1,2020-05-22
Valparaíso,5,El Tabo,5605,1,2020-05-25
Valparaíso,5,El Tabo,5605,1,2020-05-28
Valparaíso,5,El Tabo,5605,1,2020-05-30
Valparaíso,5,El Tabo,5605,1,2020-06-11
Valparaíso,5,El Tabo,5605,1,2020-06-15
Valparaíso,5,El Tabo,5605,1,2020-06-17
Valparaíso,5,El Tabo,5605,1,2020-06-19
Valparaíso,5,El Tabo,5605,1,2020-06-26
Valparaíso,5,El Tabo,5605,1,2020-06-30
Valparaíso,5,El Tabo,5605,1,2020-07-14
Valparaíso,5,El Tabo,5605,1,2020-07-16
Valparaíso,5,El Tabo,5605,3,2020-07-20
Valparaíso,5,El Tabo,5605,1,2020-07-23
Valparaíso,5,El Tabo,5605,1,2020-07-25
Valparaíso,5,El Tabo,5605,1,2020-07-29
Valparaíso,5,El Tabo,5605,4,2020-08-10
Valparaíso,5,El Tabo,5605,1,2020-08-14
Valparaíso,5,El Tabo,5605,1,2020-08-28
Valparaíso,5,El Tabo,5605,1,2020-09-03
Valparaíso,5,El Tabo,5605,1,2020-09-04
Valparaíso,5,El Tabo,5605,1,2020-09-10
Valparaíso,5,El Tabo,5605,1,2020-09-23
Valparaíso,5,El Tabo,5605,1,2020-10-02
Valparaíso,5,El Tabo,5605,0,2020-10-06
Valparaíso,5,El Tabo,5605,1,2020-10-08
Valparaíso,5,El Tabo,5605,1,2020-10-26
Valparaíso,5,El Tabo,5605,1,2020-11-08
Valparaíso,5,El Tabo,5605,1,2020-11-12
Valparaíso,5,El Tabo,5605,1,2020-11-13
Valparaíso,5,El Tabo,5605,1,2020-11-27
Valparaíso,5,El Tabo,5605,1,2020-12-07
Valparaíso,5,El Tabo,5605,1,2020-12-13
Valparaíso,5,El Tabo,5605,1,2020-12-14
Valparaíso,5,El Tabo,5605,1,2020-12-15
Valparaíso,5,El Tabo,5605,1,2020-12-17
Valparaíso,5,El Tabo,5605,1,2020-12-28
Valparaíso,5,El Tabo,5605,1,2021-01-05
Valparaíso,5,El Tabo,5605,1,2021-01-07
Valparaíso,5,El Tabo,5605,1,2021-01-08
Valparaíso,5,El Tabo,5605,1,2021-01-11
Valparaíso,5,El Tabo,5605,1,2021-01-12
Valparaíso,5,San Felipe,5701,4,2020-01-02
Valparaíso,5,San Felipe,5701,5,2020-01-03
Valparaíso,5,San Felipe,5701,8,2020-01-06
Valparaíso,5,San Felipe,5701,6,2020-01-07
Valparaíso,5,San Felipe,5701,2,2020-01-08
Valparaíso,5,San Felipe,5701,1,2020-01-09
Valparaíso,5,San Felipe,5701,4,2020-01-10
Valparaíso,5,San Felipe,5701,3,2020-01-13
Valparaíso,5,San Felipe,5701,2,2020-01-14
Valparaíso,5,San Felipe,5701,2,2020-01-16
Valparaíso,5,San Felipe,5701,4,2020-01-20
Valparaíso,5,San Felipe,5701,2,2020-01-21
Valparaíso,5,San Felipe,5701,1,2020-01-22
Valparaíso,5,San Felipe,5701,5,2020-01-24
Valparaíso,5,San Felipe,5701,4,2020-01-27
Valparaíso,5,San Felipe,5701,3,2020-01-28
Valparaíso,5,San Felipe,5701,4,2020-01-29
Valparaíso,5,San Felipe,5701,1,2020-01-30
Valparaíso,5,San Felipe,5701,1,2020-01-31
Valparaíso,5,San Felipe,5701,8,2020-02-03
Valparaíso,5,San Felipe,5701,1,2020-02-04
Valparaíso,5,San Felipe,5701,3,2020-02-05
Valparaíso,5,San Felipe,5701,4,2020-02-07
Valparaíso,5,San Felipe,5701,4,2020-02-10
Valparaíso,5,San Felipe,5701,2,2020-02-11
Valparaíso,5,San Felipe,5701,4,2020-02-12
Valparaíso,5,San Felipe,5701,2,2020-02-13
Valparaíso,5,San Felipe,5701,3,2020-02-14
Valparaíso,5,San Felipe,5701,5,2020-02-17
Valparaíso,5,San Felipe,5701,2,2020-02-18
Valparaíso,5,San Felipe,5701,2,2020-02-19
Valparaíso,5,San Felipe,5701,3,2020-02-20
Valparaíso,5,San Felipe,5701,1,2020-02-21
Valparaíso,5,San Felipe,5701,6,2020-02-24
Valparaíso,5,San Felipe,5701,2,2020-02-25
Valparaíso,5,San Felipe,5701,1,2020-02-26
Valparaíso,5,San Felipe,5701,1,2020-02-27
Valparaíso,5,San Felipe,5701,5,2020-02-28
Valparaíso,5,San Felipe,5701,6,2020-03-02
Valparaíso,5,San Felipe,5701,6,2020-03-03
Valparaíso,5,San Felipe,5701,4,2020-03-05
Valparaíso,5,San Felipe,5701,1,2020-03-06
Valparaíso,5,San Felipe,5701,5,2020-03-09
Valparaíso,5,San Felipe,5701,5,2020-03-10
Valparaíso,5,San Felipe,5701,3,2020-03-11
Valparaíso,5,San Felipe,5701,1,2020-03-12
Valparaíso,5,San Felipe,5701,5,2020-03-16
Valparaíso,5,San Felipe,5701,3,2020-03-17
Valparaíso,5,San Felipe,5701,3,2020-03-18
Valparaíso,5,San Felipe,5701,5,2020-03-19
Valparaíso,5,San Felipe,5701,3,2020-03-20
Valparaíso,5,San Felipe,5701,1,2020-03-23
Valparaíso,5,San Felipe,5701,5,2020-03-24
Valparaíso,5,San Felipe,5701,2,2020-03-26
Valparaíso,5,San Felipe,5701,2,2020-03-27
Valparaíso,5,San Felipe,5701,8,2020-03-30
Valparaíso,5,San Felipe,5701,3,2020-03-31
Valparaíso,5,San Felipe,5701,4,2020-04-01
Valparaíso,5,San Felipe,5701,4,2020-04-03
Valparaíso,5,San Felipe,5701,5,2020-04-06
Valparaíso,5,San Felipe,5701,2,2020-04-07
Valparaíso,5,San Felipe,5701,1,2020-04-08
Valparaíso,5,San Felipe,5701,5,2020-04-09
Valparaíso,5,San Felipe,5701,4,2020-04-13
Valparaíso,5,San Felipe,5701,2,2020-04-14
Valparaíso,5,San Felipe,5701,2,2020-04-15
Valparaíso,5,San Felipe,5701,4,2020-04-16
Valparaíso,5,San Felipe,5701,1,2020-04-17
Valparaíso,5,San Felipe,5701,3,2020-04-20
Valparaíso,5,San Felipe,5701,3,2020-04-21
Valparaíso,5,San Felipe,5701,2,2020-04-23
Valparaíso,5,San Felipe,5701,4,2020-04-24
Valparaíso,5,San Felipe,5701,7,2020-04-27
Valparaíso,5,San Felipe,5701,2,2020-04-28
Valparaíso,5,San Felipe,5701,1,2020-04-29
Valparaíso,5,San Felipe,5701,2,2020-04-30
Valparaíso,5,San Felipe,5701,3,2020-05-04
Valparaíso,5,San Felipe,5701,2,2020-05-05
Valparaíso,5,San Felipe,5701,4,2020-05-06
Valparaíso,5,San Felipe,5701,3,2020-05-07
Valparaíso,5,San Felipe,5701,2,2020-05-08
Valparaíso,5,San Felipe,5701,7,2020-05-11
Valparaíso,5,San Felipe,5701,1,2020-05-12
Valparaíso,5,San Felipe,5701,1,2020-05-13
Valparaíso,5,San Felipe,5701,1,2020-05-14
Valparaíso,5,San Felipe,5701,1,2020-05-15
Valparaíso,5,San Felipe,5701,6,2020-05-18
Valparaíso,5,San Felipe,5701,4,2020-05-19
Valparaíso,5,San Felipe,5701,1,2020-05-20
Valparaíso,5,San Felipe,5701,2,2020-05-22
Valparaíso,5,San Felipe,5701,1,2020-05-24
Valparaíso,5,San Felipe,5701,7,2020-05-25
Valparaíso,5,San Felipe,5701,4,2020-05-26
Valparaíso,5,San Felipe,5701,2,2020-05-27
Valparaíso,5,San Felipe,5701,2,2020-05-28
Valparaíso,5,San Felipe,5701,1,2020-05-29
Valparaíso,5,San Felipe,5701,1,2020-05-30
Valparaíso,5,San Felipe,5701,5,2020-06-01
Valparaíso,5,San Felipe,5701,4,2020-06-03
Valparaíso,5,San Felipe,5701,1,2020-06-04
Valparaíso,5,San Felipe,5701,7,2020-06-05
Valparaíso,5,San Felipe,5701,5,2020-06-08
Valparaíso,5,San Felipe,5701,2,2020-06-09
Valparaíso,5,San Felipe,5701,4,2020-06-10
Valparaíso,5,San Felipe,5701,1,2020-06-11
Valparaíso,5,San Felipe,5701,2,2020-06-12
Valparaíso,5,San Felipe,5701,1,2020-06-13
Valparaíso,5,San Felipe,5701,1,2020-06-14
Valparaíso,5,San Felipe,5701,7,2020-06-15
Valparaíso,5,San Felipe,5701,1,2020-06-16
Valparaíso,5,San Felipe,5701,8,2020-06-17
Valparaíso,5,San Felipe,5701,1,2020-06-18
Valparaíso,5,San Felipe,5701,6,2020-06-19
Valparaíso,5,San Felipe,5701,10,2020-06-22
Valparaíso,5,San Felipe,5701,4,2020-06-23
Valparaíso,5,San Felipe,5701,7,2020-06-24
Valparaíso,5,San Felipe,5701,2,2020-06-25
Valparaíso,5,San Felipe,5701,4,2020-06-26
Valparaíso,5,San Felipe,5701,1,2020-06-27
Valparaíso,5,San Felipe,5701,7,2020-06-30
Valparaíso,5,San Felipe,5701,1,2020-07-01
Valparaíso,5,San Felipe,5701,3,2020-07-02
Valparaíso,5,San Felipe,5701,6,2020-07-03
Valparaíso,5,San Felipe,5701,7,2020-07-06
Valparaíso,5,San Felipe,5701,3,2020-07-07
Valparaíso,5,San Felipe,5701,3,2020-07-08
Valparaíso,5,San Felipe,5701,1,2020-07-09
Valparaíso,5,San Felipe,5701,5,2020-07-10
Valparaíso,5,San Felipe,5701,4,2020-07-13
Valparaíso,5,San Felipe,5701,5,2020-07-14
Valparaíso,5,San Felipe,5701,2,2020-07-15
Valparaíso,5,San Felipe,5701,6,2020-07-17
Valparaíso,5,San Felipe,5701,4,2020-07-20
Valparaíso,5,San Felipe,5701,2,2020-07-21
Valparaíso,5,San Felipe,5701,2,2020-07-22
Valparaíso,5,San Felipe,5701,2,2020-07-23
Valparaíso,5,San Felipe,5701,5,2020-07-24
Valparaíso,5,San Felipe,5701,1,2020-07-25
Valparaíso,5,San Felipe,5701,1,2020-07-26
Valparaíso,5,San Felipe,5701,9,2020-07-27
Valparaíso,5,San Felipe,5701,2,2020-07-28
Valparaíso,5,San Felipe,5701,6,2020-07-29
Valparaíso,5,San Felipe,5701,2,2020-07-30
Valparaíso,5,San Felipe,5701,3,2020-07-31
Valparaíso,5,San Felipe,5701,5,2020-08-03
Valparaíso,5,San Felipe,5701,4,2020-08-04
Valparaíso,5,San Felipe,5701,3,2020-08-06
Valparaíso,5,San Felipe,5701,2,2020-08-07
Valparaíso,5,San Felipe,5701,12,2020-08-10
Valparaíso,5,San Felipe,5701,4,2020-08-11
Valparaíso,5,San Felipe,5701,3,2020-08-12
Valparaíso,5,San Felipe,5701,1,2020-08-13
Valparaíso,5,San Felipe,5701,1,2020-08-14
Valparaíso,5,San Felipe,5701,3,2020-08-17
Valparaíso,5,San Felipe,5701,3,2020-08-18
Valparaíso,5,San Felipe,5701,3,2020-08-19
Valparaíso,5,San Felipe,5701,1,2020-08-20
Valparaíso,5,San Felipe,5701,6,2020-08-21
Valparaíso,5,San Felipe,5701,10,2020-08-24
Valparaíso,5,San Felipe,5701,3,2020-08-25
Valparaíso,5,San Felipe,5701,5,2020-08-26
Valparaíso,5,San Felipe,5701,2,2020-08-27
Valparaíso,5,San Felipe,5701,2,2020-08-28
Valparaíso,5,San Felipe,5701,9,2020-08-31
Valparaíso,5,San Felipe,5701,1,2020-09-01
Valparaíso,5,San Felipe,5701,3,2020-09-02
Valparaíso,5,San Felipe,5701,3,2020-09-03
Valparaíso,5,San Felipe,5701,4,2020-09-04
Valparaíso,5,San Felipe,5701,5,2020-09-07
Valparaíso,5,San Felipe,5701,4,2020-09-08
Valparaíso,5,San Felipe,5701,4,2020-09-09
Valparaíso,5,San Felipe,5701,3,2020-09-10
Valparaíso,5,San Felipe,5701,1,2020-09-11
Valparaíso,5,San Felipe,5701,3,2020-09-14
Valparaíso,5,San Felipe,5701,2,2020-09-15
Valparaíso,5,San Felipe,5701,1,2020-09-17
Valparaíso,5,San Felipe,5701,8,2020-09-21
Valparaíso,5,San Felipe,5701,7,2020-09-22
Valparaíso,5,San Felipe,5701,3,2020-09-23
Valparaíso,5,San Felipe,5701,4,2020-09-25
Valparaíso,5,San Felipe,5701,2,2020-09-28
Valparaíso,5,San Felipe,5701,1,2020-09-29
Valparaíso,5,San Felipe,5701,2,2020-09-30
Valparaíso,5,San Felipe,5701,1,2020-10-01
Valparaíso,5,San Felipe,5701,3,2020-10-05
Valparaíso,5,San Felipe,5701,3,2020-10-06
Valparaíso,5,San Felipe,5701,1,2020-10-07
Valparaíso,5,San Felipe,5701,2,2020-10-08
Valparaíso,5,San Felipe,5701,2,2020-10-09
Valparaíso,5,San Felipe,5701,12,2020-10-13
Valparaíso,5,San Felipe,5701,1,2020-10-14
Valparaíso,5,San Felipe,5701,3,2020-10-15
Valparaíso,5,San Felipe,5701,1,2020-10-16
Valparaíso,5,San Felipe,5701,1,2020-10-18
Valparaíso,5,San Felipe,5701,6,2020-10-19
Valparaíso,5,San Felipe,5701,1,2020-10-20
Valparaíso,5,San Felipe,5701,2,2020-10-21
Valparaíso,5,San Felipe,5701,4,2020-10-22
Valparaíso,5,San Felipe,5701,8,2020-10-23
Valparaíso,5,San Felipe,5701,1,2020-10-24
Valparaíso,5,San Felipe,5701,7,2020-10-26
Valparaíso,5,San Felipe,5701,3,2020-10-27
Valparaíso,5,San Felipe,5701,4,2020-10-29
Valparaíso,5,San Felipe,5701,1,2020-10-30
Valparaíso,5,San Felipe,5701,2,2020-11-02
Valparaíso,5,San Felipe,5701,2,2020-11-03
Valparaíso,5,San Felipe,5701,1,2020-11-04
Valparaíso,5,San Felipe,5701,3,2020-11-05
Valparaíso,5,San Felipe,5701,3,2020-11-06
Valparaíso,5,San Felipe,5701,2,2020-11-09
Valparaíso,5,San Felipe,5701,2,2020-11-10
Valparaíso,5,San Felipe,5701,3,2020-11-13
Valparaíso,5,San Felipe,5701,5,2020-11-16
Valparaíso,5,San Felipe,5701,2,2020-11-17
Valparaíso,5,San Felipe,5701,2,2020-11-19
Valparaíso,5,San Felipe,5701,4,2020-11-20
Valparaíso,5,San Felipe,5701,4,2020-11-23
Valparaíso,5,San Felipe,5701,4,2020-11-24
Valparaíso,5,San Felipe,5701,1,2020-11-25
Valparaíso,5,San Felipe,5701,1,2020-11-26
Valparaíso,5,San Felipe,5701,3,2020-11-27
Valparaíso,5,San Felipe,5701,7,2020-11-30
Valparaíso,5,San Felipe,5701,1,2020-12-01
Valparaíso,5,San Felipe,5701,5,2020-12-03
Valparaíso,5,San Felipe,5701,4,2020-12-04
Valparaíso,5,San Felipe,5701,1,2020-12-07
Valparaíso,5,San Felipe,5701,1,2020-12-10
Valparaíso,5,San Felipe,5701,1,2020-12-11
Valparaíso,5,San Felipe,5701,5,2020-12-14
Valparaíso,5,San Felipe,5701,3,2020-12-15
Valparaíso,5,San Felipe,5701,2,2020-12-16
Valparaíso,5,San Felipe,5701,1,2020-12-17
Valparaíso,5,San Felipe,5701,5,2020-12-18
Valparaíso,5,San Felipe,5701,7,2020-12-21
Valparaíso,5,San Felipe,5701,1,2020-12-23
Valparaíso,5,San Felipe,5701,2,2020-12-24
Valparaíso,5,San Felipe,5701,1,2020-12-25
Valparaíso,5,San Felipe,5701,1,2020-12-26
Valparaíso,5,San Felipe,5701,7,2020-12-28
Valparaíso,5,San Felipe,5701,1,2020-12-29
Valparaíso,5,San Felipe,5701,2,2020-12-30
Valparaíso,5,San Felipe,5701,1,2021-01-01
Valparaíso,5,San Felipe,5701,2,2021-01-02
Valparaíso,5,San Felipe,5701,1,2021-01-03
Valparaíso,5,San Felipe,5701,3,2021-01-04
Valparaíso,5,San Felipe,5701,1,2021-01-05
Valparaíso,5,San Felipe,5701,2,2021-01-07
Valparaíso,5,San Felipe,5701,3,2021-01-08
Valparaíso,5,San Felipe,5701,2,2021-01-11
Valparaíso,5,San Felipe,5701,3,2021-01-12
Valparaíso,5,San Felipe,5701,2,2021-01-13
Valparaíso,5,Catemu,5702,1,2020-01-22
Valparaíso,5,Catemu,5702,1,2020-01-24
Valparaíso,5,Catemu,5702,1,2020-02-28
Valparaíso,5,Catemu,5702,1,2020-03-23
Valparaíso,5,Catemu,5702,1,2020-03-25
Valparaíso,5,Catemu,5702,1,2020-03-27
Valparaíso,5,Catemu,5702,1,2020-03-28
Valparaíso,5,Catemu,5702,1,2020-04-07
Valparaíso,5,Catemu,5702,1,2020-04-17
Valparaíso,5,Catemu,5702,1,2020-04-20
Valparaíso,5,Catemu,5702,1,2020-04-28
Valparaíso,5,Catemu,5702,1,2020-05-25
Valparaíso,5,Catemu,5702,1,2020-05-28
Valparaíso,5,Catemu,5702,1,2020-06-11
Valparaíso,5,Catemu,5702,2,2020-06-22
Valparaíso,5,Catemu,5702,1,2020-06-27
Valparaíso,5,Catemu,5702,1,2020-06-30
Valparaíso,5,Catemu,5702,1,2020-07-10
Valparaíso,5,Catemu,5702,1,2020-07-27
Valparaíso,5,Catemu,5702,1,2020-07-29
Valparaíso,5,Catemu,5702,1,2020-08-03
Valparaíso,5,Catemu,5702,1,2020-08-11
Valparaíso,5,Catemu,5702,1,2020-08-17
Valparaíso,5,Catemu,5702,1,2020-08-24
Valparaíso,5,Catemu,5702,1,2020-09-07
Valparaíso,5,Catemu,5702,1,2020-09-15
Valparaíso,5,Catemu,5702,1,2020-09-16
Valparaíso,5,Catemu,5702,1,2020-09-23
Valparaíso,5,Catemu,5702,1,2020-09-24
Valparaíso,5,Catemu,5702,1,2020-10-06
Valparaíso,5,Catemu,5702,2,2020-10-19
Valparaíso,5,Catemu,5702,1,2020-10-28
Valparaíso,5,Catemu,5702,1,2020-11-04
Valparaíso,5,Catemu,5702,1,2020-11-18
Valparaíso,5,Catemu,5702,1,2020-11-20
Valparaíso,5,Catemu,5702,2,2020-11-24
Valparaíso,5,Catemu,5702,1,2020-11-27
Valparaíso,5,Catemu,5702,1,2020-11-30
Valparaíso,5,Catemu,5702,1,2020-12-31
Valparaíso,5,Llaillay,5703,1,2020-01-07
Valparaíso,5,Llaillay,5703,1,2020-01-08
Valparaíso,5,Llaillay,5703,2,2020-01-13
Valparaíso,5,Llaillay,5703,1,2020-01-14
Valparaíso,5,Llaillay,5703,1,2020-01-20
Valparaíso,5,Llaillay,5703,1,2020-01-24
Valparaíso,5,Llaillay,5703,1,2020-01-27
Valparaíso,5,Llaillay,5703,1,2020-01-29
Valparaíso,5,Llaillay,5703,1,2020-02-04
Valparaíso,5,Llaillay,5703,3,2020-02-10
Valparaíso,5,Llaillay,5703,4,2020-02-14
Valparaíso,5,Llaillay,5703,1,2020-02-24
Valparaíso,5,Llaillay,5703,1,2020-02-27
Valparaíso,5,Llaillay,5703,2,2020-03-02
Valparaíso,5,Llaillay,5703,3,2020-03-03
Valparaíso,5,Llaillay,5703,1,2020-03-04
Valparaíso,5,Llaillay,5703,1,2020-03-05
Valparaíso,5,Llaillay,5703,1,2020-03-06
Valparaíso,5,Llaillay,5703,1,2020-03-09
Valparaíso,5,Llaillay,5703,1,2020-03-11
Valparaíso,5,Llaillay,5703,1,2020-03-16
Valparaíso,5,Llaillay,5703,3,2020-03-19
Valparaíso,5,Llaillay,5703,1,2020-03-24
Valparaíso,5,Llaillay,5703,1,2020-03-31
Valparaíso,5,Llaillay,5703,1,2020-04-01
Valparaíso,5,Llaillay,5703,1,2020-04-03
Valparaíso,5,Llaillay,5703,2,2020-04-06
Valparaíso,5,Llaillay,5703,1,2020-04-07
Valparaíso,5,Llaillay,5703,1,2020-04-13
Valparaíso,5,Llaillay,5703,4,2020-04-15
Valparaíso,5,Llaillay,5703,1,2020-04-16
Valparaíso,5,Llaillay,5703,2,2020-04-21
Valparaíso,5,Llaillay,5703,1,2020-04-23
Valparaíso,5,Llaillay,5703,1,2020-04-24
Valparaíso,5,Llaillay,5703,1,2020-04-27
Valparaíso,5,Llaillay,5703,1,2020-04-29
Valparaíso,5,Llaillay,5703,2,2020-05-07
Valparaíso,5,Llaillay,5703,1,2020-05-11
Valparaíso,5,Llaillay,5703,1,2020-05-20
Valparaíso,5,Llaillay,5703,3,2020-05-25
Valparaíso,5,Llaillay,5703,1,2020-05-26
Valparaíso,5,Llaillay,5703,1,2020-05-29
Valparaíso,5,Llaillay,5703,1,2020-06-01
Valparaíso,5,Llaillay,5703,2,2020-06-04
Valparaíso,5,Llaillay,5703,1,2020-06-05
Valparaíso,5,Llaillay,5703,2,2020-06-08
Valparaíso,5,Llaillay,5703,1,2020-06-12
Valparaíso,5,Llaillay,5703,4,2020-06-22
Valparaíso,5,Llaillay,5703,1,2020-06-24
Valparaíso,5,Llaillay,5703,1,2020-06-25
Valparaíso,5,Llaillay,5703,3,2020-06-30
Valparaíso,5,Llaillay,5703,2,2020-07-01
Valparaíso,5,Llaillay,5703,2,2020-07-06
Valparaíso,5,Llaillay,5703,2,2020-07-09
Valparaíso,5,Llaillay,5703,2,2020-07-10
Valparaíso,5,Llaillay,5703,5,2020-07-13
Valparaíso,5,Llaillay,5703,2,2020-07-14
Valparaíso,5,Llaillay,5703,1,2020-07-15
Valparaíso,5,Llaillay,5703,1,2020-07-17
Valparaíso,5,Llaillay,5703,2,2020-07-20
Valparaíso,5,Llaillay,5703,2,2020-07-21
Valparaíso,5,Llaillay,5703,1,2020-07-22
Valparaíso,5,Llaillay,5703,1,2020-07-23
Valparaíso,5,Llaillay,5703,1,2020-07-27
Valparaíso,5,Llaillay,5703,1,2020-07-28
Valparaíso,5,Llaillay,5703,2,2020-07-30
Valparaíso,5,Llaillay,5703,2,2020-07-31
Valparaíso,5,Llaillay,5703,1,2020-08-06
Valparaíso,5,Llaillay,5703,1,2020-08-07
Valparaíso,5,Llaillay,5703,2,2020-08-10
Valparaíso,5,Llaillay,5703,1,2020-08-14
Valparaíso,5,Llaillay,5703,1,2020-08-17
Valparaíso,5,Llaillay,5703,1,2020-08-24
Valparaíso,5,Llaillay,5703,1,2020-08-25
Valparaíso,5,Llaillay,5703,1,2020-09-03
Valparaíso,5,Llaillay,5703,1,2020-09-08
Valparaíso,5,Llaillay,5703,1,2020-09-09
Valparaíso,5,Llaillay,5703,2,2020-09-15
Valparaíso,5,Llaillay,5703,1,2020-09-16
Valparaíso,5,Llaillay,5703,1,2020-09-17
Valparaíso,5,Llaillay,5703,2,2020-09-21
Valparaíso,5,Llaillay,5703,1,2020-09-24
Valparaíso,5,Llaillay,5703,2,2020-09-28
Valparaíso,5,Llaillay,5703,1,2020-09-30
Valparaíso,5,Llaillay,5703,1,2020-10-01
Valparaíso,5,Llaillay,5703,1,2020-10-07
Valparaíso,5,Llaillay,5703,1,2020-10-08
Valparaíso,5,Llaillay,5703,2,2020-10-09
Valparaíso,5,Llaillay,5703,3,2020-10-13
Valparaíso,5,Llaillay,5703,1,2020-10-14
Valparaíso,5,Llaillay,5703,1,2020-10-16
Valparaíso,5,Llaillay,5703,4,2020-10-19
Valparaíso,5,Llaillay,5703,1,2020-10-21
Valparaíso,5,Llaillay,5703,1,2020-10-28
Valparaíso,5,Llaillay,5703,1,2020-10-29
Valparaíso,5,Llaillay,5703,1,2020-10-30
Valparaíso,5,Llaillay,5703,1,2020-11-02
Valparaíso,5,Llaillay,5703,2,2020-11-23
Valparaíso,5,Llaillay,5703,1,2020-11-24
Valparaíso,5,Llaillay,5703,1,2020-11-26
Valparaíso,5,Llaillay,5703,1,2020-12-02
Valparaíso,5,Llaillay,5703,2,2020-12-09
Valparaíso,5,Llaillay,5703,2,2020-12-14
Valparaíso,5,Llaillay,5703,3,2020-12-17
Valparaíso,5,Llaillay,5703,2,2020-12-23
Valparaíso,5,Llaillay,5703,3,2020-12-28
Valparaíso,5,Llaillay,5703,1,2020-12-30
Valparaíso,5,Llaillay,5703,1,2020-12-31
Valparaíso,5,Llaillay,5703,1,2021-01-04
Valparaíso,5,Llaillay,5703,1,2021-01-06
Valparaíso,5,Llaillay,5703,1,2021-01-07
Valparaíso,5,Llaillay,5703,1,2021-01-13
Valparaíso,5,Llaillay,5703,1,2021-01-14
Valparaíso,5,Panquehue,5704,1,2020-01-30
Valparaíso,5,Panquehue,5704,1,2020-02-10
Valparaíso,5,Panquehue,5704,1,2020-02-19
Valparaíso,5,Panquehue,5704,1,2020-03-11
Valparaíso,5,Panquehue,5704,1,2020-04-13
Valparaíso,5,Panquehue,5704,1,2020-04-14
Valparaíso,5,Panquehue,5704,1,2020-04-23
Valparaíso,5,Panquehue,5704,1,2020-05-12
Valparaíso,5,Panquehue,5704,1,2020-05-27
Valparaíso,5,Panquehue,5704,1,2020-06-08
Valparaíso,5,Panquehue,5704,2,2020-06-26
Valparaíso,5,Panquehue,5704,1,2020-07-08
Valparaíso,5,Panquehue,5704,1,2020-07-27
Valparaíso,5,Panquehue,5704,1,2020-08-03
Valparaíso,5,Panquehue,5704,1,2020-08-10
Valparaíso,5,Panquehue,5704,1,2020-08-14
Valparaíso,5,Panquehue,5704,1,2020-08-17
Valparaíso,5,Panquehue,5704,1,2020-08-24
Valparaíso,5,Panquehue,5704,1,2020-08-25
Valparaíso,5,Panquehue,5704,1,2020-09-08
Valparaíso,5,Panquehue,5704,1,2020-09-09
Valparaíso,5,Panquehue,5704,1,2020-09-10
Valparaíso,5,Panquehue,5704,1,2020-09-21
Valparaíso,5,Panquehue,5704,1,2020-10-23
Valparaíso,5,Panquehue,5704,1,2020-11-23
Valparaíso,5,Panquehue,5704,1,2020-12-03
Valparaíso,5,Panquehue,5704,1,2021-01-08
Valparaíso,5,Panquehue,5704,1,2021-01-11
Valparaíso,5,Putaendo,5705,1,2020-01-06
Valparaíso,5,Putaendo,5705,1,2020-01-09
Valparaíso,5,Putaendo,5705,1,2020-01-10
Valparaíso,5,Putaendo,5705,1,2020-01-15
Valparaíso,5,Putaendo,5705,1,2020-01-16
Valparaíso,5,Putaendo,5705,1,2020-01-22
Valparaíso,5,Putaendo,5705,1,2020-01-24
Valparaíso,5,Putaendo,5705,1,2020-01-27
Valparaíso,5,Putaendo,5705,1,2020-01-28
Valparaíso,5,Putaendo,5705,1,2020-01-30
Valparaíso,5,Putaendo,5705,1,2020-02-03
Valparaíso,5,Putaendo,5705,1,2020-02-10
Valparaíso,5,Putaendo,5705,1,2020-02-11
Valparaíso,5,Putaendo,5705,2,2020-02-26
Valparaíso,5,Putaendo,5705,1,2020-02-27
Valparaíso,5,Putaendo,5705,1,2020-02-28
Valparaíso,5,Putaendo,5705,1,2020-03-02
Valparaíso,5,Putaendo,5705,1,2020-03-03
Valparaíso,5,Putaendo,5705,1,2020-03-04
Valparaíso,5,Putaendo,5705,1,2020-03-09
Valparaíso,5,Putaendo,5705,1,2020-03-13
Valparaíso,5,Putaendo,5705,1,2020-03-16
Valparaíso,5,Putaendo,5705,1,2020-03-17
Valparaíso,5,Putaendo,5705,1,2020-03-25
Valparaíso,5,Putaendo,5705,3,2020-03-30
Valparaíso,5,Putaendo,5705,1,2020-04-03
Valparaíso,5,Putaendo,5705,1,2020-04-13
Valparaíso,5,Putaendo,5705,1,2020-04-14
Valparaíso,5,Putaendo,5705,1,2020-04-17
Valparaíso,5,Putaendo,5705,1,2020-04-20
Valparaíso,5,Putaendo,5705,1,2020-04-21
Valparaíso,5,Putaendo,5705,1,2020-04-24
Valparaíso,5,Putaendo,5705,1,2020-04-27
Valparaíso,5,Putaendo,5705,1,2020-04-30
Valparaíso,5,Putaendo,5705,1,2020-05-04
Valparaíso,5,Putaendo,5705,1,2020-05-05
Valparaíso,5,Putaendo,5705,1,2020-05-14
Valparaíso,5,Putaendo,5705,1,2020-05-15
Valparaíso,5,Putaendo,5705,3,2020-05-19
Valparaíso,5,Putaendo,5705,3,2020-05-25
Valparaíso,5,Putaendo,5705,1,2020-05-27
Valparaíso,5,Putaendo,5705,2,2020-05-29
Valparaíso,5,Putaendo,5705,1,2020-06-04
Valparaíso,5,Putaendo,5705,1,2020-06-08
Valparaíso,5,Putaendo,5705,1,2020-06-11
Valparaíso,5,Putaendo,5705,1,2020-06-12
Valparaíso,5,Putaendo,5705,2,2020-06-15
Valparaíso,5,Putaendo,5705,1,2020-06-17
Valparaíso,5,Putaendo,5705,2,2020-06-18
Valparaíso,5,Putaendo,5705,1,2020-06-19
Valparaíso,5,Putaendo,5705,2,2020-06-22
Valparaíso,5,Putaendo,5705,1,2020-06-24
Valparaíso,5,Putaendo,5705,1,2020-06-26
Valparaíso,5,Putaendo,5705,1,2020-06-28
Valparaíso,5,Putaendo,5705,2,2020-06-30
Valparaíso,5,Putaendo,5705,1,2020-07-02
Valparaíso,5,Putaendo,5705,1,2020-07-03
Valparaíso,5,Putaendo,5705,1,2020-07-10
Valparaíso,5,Putaendo,5705,5,2020-07-13
Valparaíso,5,Putaendo,5705,1,2020-07-14
Valparaíso,5,Putaendo,5705,3,2020-07-15
Valparaíso,5,Putaendo,5705,1,2020-07-17
Valparaíso,5,Putaendo,5705,1,2020-07-20
Valparaíso,5,Putaendo,5705,1,2020-07-23
Valparaíso,5,Putaendo,5705,1,2020-07-27
Valparaíso,5,Putaendo,5705,2,2020-07-28
Valparaíso,5,Putaendo,5705,2,2020-08-03
Valparaíso,5,Putaendo,5705,1,2020-08-06
Valparaíso,5,Putaendo,5705,1,2020-08-07
Valparaíso,5,Putaendo,5705,2,2020-08-15
Valparaíso,5,Putaendo,5705,1,2020-08-17
Valparaíso,5,Putaendo,5705,1,2020-08-24
Valparaíso,5,Putaendo,5705,1,2020-08-29
Valparaíso,5,Putaendo,5705,1,2020-08-31
Valparaíso,5,Putaendo,5705,1,2020-09-02
Valparaíso,5,Putaendo,5705,1,2020-09-03
Valparaíso,5,Putaendo,5705,1,2020-09-04
Valparaíso,5,Putaendo,5705,1,2020-09-07
Valparaíso,5,Putaendo,5705,1,2020-09-15
Valparaíso,5,Putaendo,5705,1,2020-09-16
Valparaíso,5,Putaendo,5705,1,2020-09-21
Valparaíso,5,Putaendo,5705,1,2020-09-22
Valparaíso,5,Putaendo,5705,1,2020-09-23
Valparaíso,5,Putaendo,5705,1,2020-09-28
Valparaíso,5,Putaendo,5705,1,2020-09-30
Valparaíso,5,Putaendo,5705,1,2020-10-06
Valparaíso,5,Putaendo,5705,1,2020-10-08
Valparaíso,5,Putaendo,5705,1,2020-10-13
Valparaíso,5,Putaendo,5705,1,2020-10-16
Valparaíso,5,Putaendo,5705,1,2020-10-26
Valparaíso,5,Putaendo,5705,1,2020-10-27
Valparaíso,5,Putaendo,5705,1,2020-11-10
Valparaíso,5,Putaendo,5705,1,2020-11-16
Valparaíso,5,Putaendo,5705,1,2020-11-19
Valparaíso,5,Putaendo,5705,1,2020-11-30
Valparaíso,5,Putaendo,5705,1,2020-12-07
Valparaíso,5,Putaendo,5705,2,2020-12-09
Valparaíso,5,Putaendo,5705,2,2020-12-14
Valparaíso,5,Putaendo,5705,1,2020-12-17
Valparaíso,5,Putaendo,5705,1,2020-12-18
Valparaíso,5,Putaendo,5705,1,2020-12-22
Valparaíso,5,Putaendo,5705,1,2020-12-23
Valparaíso,5,Putaendo,5705,1,2020-12-28
Valparaíso,5,Putaendo,5705,1,2020-12-29
Valparaíso,5,Putaendo,5705,1,2021-01-05
Valparaíso,5,Putaendo,5705,1,2021-01-08
Valparaíso,5,Putaendo,5705,1,2021-01-12
Valparaíso,5,Santa María,5706,3,2020-01-06
Valparaíso,5,Santa María,5706,1,2020-01-08
Valparaíso,5,Santa María,5706,1,2020-01-31
Valparaíso,5,Santa María,5706,1,2020-02-03
Valparaíso,5,Santa María,5706,1,2020-02-12
Valparaíso,5,Santa María,5706,1,2020-02-27
Valparaíso,5,Santa María,5706,1,2020-03-05
Valparaíso,5,Santa María,5706,1,2020-03-12
Valparaíso,5,Santa María,5706,1,2020-03-23
Valparaíso,5,Santa María,5706,1,2020-03-26
Valparaíso,5,Santa María,5706,1,2020-03-27
Valparaíso,5,Santa María,5706,2,2020-04-14
Valparaíso,5,Santa María,5706,1,2020-04-16
Valparaíso,5,Santa María,5706,2,2020-04-20
Valparaíso,5,Santa María,5706,1,2020-05-12
Valparaíso,5,Santa María,5706,1,2020-05-18
Valparaíso,5,Santa María,5706,1,2020-06-01
Valparaíso,5,Santa María,5706,1,2020-06-09
Valparaíso,5,Santa María,5706,1,2020-07-03
Valparaíso,5,Santa María,5706,1,2020-07-06
Valparaíso,5,Santa María,5706,1,2020-07-08
Valparaíso,5,Santa María,5706,1,2020-07-10
Valparaíso,5,Santa María,5706,2,2020-07-13
Valparaíso,5,Santa María,5706,1,2020-07-15
Valparaíso,5,Santa María,5706,1,2020-07-17
Valparaíso,5,Santa María,5706,1,2020-08-05
Valparaíso,5,Santa María,5706,1,2020-08-10
Valparaíso,5,Santa María,5706,1,2020-08-12
Valparaíso,5,Santa María,5706,1,2020-08-21
Valparaíso,5,Santa María,5706,1,2020-09-15
Valparaíso,5,Santa María,5706,2,2020-09-22
Valparaíso,5,Santa María,5706,1,2020-09-23
Valparaíso,5,Santa María,5706,1,2020-09-25
Valparaíso,5,Santa María,5706,1,2020-09-28
Valparaíso,5,Santa María,5706,1,2020-10-05
Valparaíso,5,Santa María,5706,1,2020-10-19
Valparaíso,5,Santa María,5706,1,2020-10-20
Valparaíso,5,Santa María,5706,1,2020-10-21
Valparaíso,5,Santa María,5706,1,2020-10-26
Valparaíso,5,Santa María,5706,1,2020-11-02
Valparaíso,5,Santa María,5706,1,2020-11-18
Valparaíso,5,Santa María,5706,1,2020-11-27
Valparaíso,5,Santa María,5706,1,2020-12-17
Valparaíso,5,Santa María,5706,1,2020-12-21
Valparaíso,5,Santa María,5706,1,2020-12-24
Valparaíso,5,Santa María,5706,1,2020-12-28
Valparaíso,5,Quilpué,5801,6,2020-01-02
Valparaíso,5,Quilpué,5801,5,2020-01-03
Valparaíso,5,Quilpué,5801,1,2020-01-04
Valparaíso,5,Quilpué,5801,3,2020-01-06
Valparaíso,5,Quilpué,5801,1,2020-01-07
Valparaíso,5,Quilpué,5801,2,2020-01-08
Valparaíso,5,Quilpué,5801,3,2020-01-09
Valparaíso,5,Quilpué,5801,2,2020-01-10
Valparaíso,5,Quilpué,5801,7,2020-01-13
Valparaíso,5,Quilpué,5801,4,2020-01-14
Valparaíso,5,Quilpué,5801,1,2020-01-15
Valparaíso,5,Quilpué,5801,4,2020-01-16
Valparaíso,5,Quilpué,5801,3,2020-01-17
Valparaíso,5,Quilpué,5801,7,2020-01-20
Valparaíso,5,Quilpué,5801,1,2020-01-21
Valparaíso,5,Quilpué,5801,3,2020-01-22
Valparaíso,5,Quilpué,5801,3,2020-01-23
Valparaíso,5,Quilpué,5801,4,2020-01-24
Valparaíso,5,Quilpué,5801,5,2020-01-27
Valparaíso,5,Quilpué,5801,2,2020-01-28
Valparaíso,5,Quilpué,5801,6,2020-01-29
Valparaíso,5,Quilpué,5801,5,2020-01-30
Valparaíso,5,Quilpué,5801,2,2020-01-31
Valparaíso,5,Quilpué,5801,4,2020-02-03
Valparaíso,5,Quilpué,5801,8,2020-02-04
Valparaíso,5,Quilpué,5801,2,2020-02-05
Valparaíso,5,Quilpué,5801,2,2020-02-06
Valparaíso,5,Quilpué,5801,2,2020-02-07
Valparaíso,5,Quilpué,5801,7,2020-02-10
Valparaíso,5,Quilpué,5801,4,2020-02-11
Valparaíso,5,Quilpué,5801,2,2020-02-12
Valparaíso,5,Quilpué,5801,2,2020-02-13
Valparaíso,5,Quilpué,5801,6,2020-02-14
Valparaíso,5,Quilpué,5801,11,2020-02-17
Valparaíso,5,Quilpué,5801,2,2020-02-18
Valparaíso,5,Quilpué,5801,1,2020-02-19
Valparaíso,5,Quilpué,5801,7,2020-02-20
Valparaíso,5,Quilpué,5801,3,2020-02-21
Valparaíso,5,Quilpué,5801,7,2020-02-24
Valparaíso,5,Quilpué,5801,2,2020-02-25
Valparaíso,5,Quilpué,5801,2,2020-02-26
Valparaíso,5,Quilpué,5801,5,2020-02-27
Valparaíso,5,Quilpué,5801,2,2020-02-28
Valparaíso,5,Quilpué,5801,8,2020-03-02
Valparaíso,5,Quilpué,5801,4,2020-03-03
Valparaíso,5,Quilpué,5801,1,2020-03-04
Valparaíso,5,Quilpué,5801,2,2020-03-05
Valparaíso,5,Quilpué,5801,3,2020-03-06
Valparaíso,5,Quilpué,5801,5,2020-03-09
Valparaíso,5,Quilpué,5801,4,2020-03-10
Valparaíso,5,Quilpué,5801,2,2020-03-11
Valparaíso,5,Quilpué,5801,6,2020-03-12
Valparaíso,5,Quilpué,5801,1,2020-03-13
Valparaíso,5,Quilpué,5801,6,2020-03-16
Valparaíso,5,Quilpué,5801,1,2020-03-17
Valparaíso,5,Quilpué,5801,2,2020-03-18
Valparaíso,5,Quilpué,5801,5,2020-03-19
Valparaíso,5,Quilpué,5801,3,2020-03-20
Valparaíso,5,Quilpué,5801,10,2020-03-23
Valparaíso,5,Quilpué,5801,5,2020-03-24
Valparaíso,5,Quilpué,5801,3,2020-03-25
Valparaíso,5,Quilpué,5801,5,2020-03-26
Valparaíso,5,Quilpué,5801,5,2020-03-27
Valparaíso,5,Quilpué,5801,1,2020-03-28
Valparaíso,5,Quilpué,5801,3,2020-03-30
Valparaíso,5,Quilpué,5801,2,2020-03-31
Valparaíso,5,Quilpué,5801,3,2020-04-01
Valparaíso,5,Quilpué,5801,5,2020-04-02
Valparaíso,5,Quilpué,5801,3,2020-04-03
Valparaíso,5,Quilpué,5801,6,2020-04-06
Valparaíso,5,Quilpué,5801,7,2020-04-07
Valparaíso,5,Quilpué,5801,1,2020-04-08
Valparaíso,5,Quilpué,5801,7,2020-04-09
Valparaíso,5,Quilpué,5801,4,2020-04-10
Valparaíso,5,Quilpué,5801,7,2020-04-13
Valparaíso,5,Quilpué,5801,4,2020-04-14
Valparaíso,5,Quilpué,5801,3,2020-04-15
Valparaíso,5,Quilpué,5801,4,2020-04-16
Valparaíso,5,Quilpué,5801,4,2020-04-17
Valparaíso,5,Quilpué,5801,2,2020-04-18
Valparaíso,5,Quilpué,5801,11,2020-04-20
Valparaíso,5,Quilpué,5801,4,2020-04-21
Valparaíso,5,Quilpué,5801,2,2020-04-22
Valparaíso,5,Quilpué,5801,5,2020-04-23
Valparaíso,5,Quilpué,5801,3,2020-04-24
Valparaíso,5,Quilpué,5801,10,2020-04-27
Valparaíso,5,Quilpué,5801,2,2020-04-28
Valparaíso,5,Quilpué,5801,2,2020-04-29
Valparaíso,5,Quilpué,5801,1,2020-04-30
Valparaíso,5,Quilpué,5801,2,2020-05-01
Valparaíso,5,Quilpué,5801,12,2020-05-04
Valparaíso,5,Quilpué,5801,5,2020-05-05
Valparaíso,5,Quilpué,5801,6,2020-05-06
Valparaíso,5,Quilpué,5801,7,2020-05-07
Valparaíso,5,Quilpué,5801,4,2020-05-08
Valparaíso,5,Quilpué,5801,1,2020-05-09
Valparaíso,5,Quilpué,5801,10,2020-05-11
Valparaíso,5,Quilpué,5801,3,2020-05-13
Valparaíso,5,Quilpué,5801,4,2020-05-14
Valparaíso,5,Quilpué,5801,4,2020-05-15
Valparaíso,5,Quilpué,5801,16,2020-05-18
Valparaíso,5,Quilpué,5801,1,2020-05-19
Valparaíso,5,Quilpué,5801,4,2020-05-20
Valparaíso,5,Quilpué,5801,12,2020-05-22
Valparaíso,5,Quilpué,5801,3,2020-05-25
Valparaíso,5,Quilpué,5801,3,2020-05-26
Valparaíso,5,Quilpué,5801,6,2020-05-27
Valparaíso,5,Quilpué,5801,5,2020-05-28
Valparaíso,5,Quilpué,5801,1,2020-05-29
Valparaíso,5,Quilpué,5801,8,2020-06-01
Valparaíso,5,Quilpué,5801,6,2020-06-02
Valparaíso,5,Quilpué,5801,6,2020-06-03
Valparaíso,5,Quilpué,5801,1,2020-06-04
Valparaíso,5,Quilpué,5801,5,2020-06-05
Valparaíso,5,Quilpué,5801,1,2020-06-06
Valparaíso,5,Quilpué,5801,13,2020-06-08
Valparaíso,5,Quilpué,5801,3,2020-06-09
Valparaíso,5,Quilpué,5801,2,2020-06-10
Valparaíso,5,Quilpué,5801,8,2020-06-11
Valparaíso,5,Quilpué,5801,5,2020-06-12
Valparaíso,5,Quilpué,5801,1,2020-06-13
Valparaíso,5,Quilpué,5801,9,2020-06-15
Valparaíso,5,Quilpué,5801,6,2020-06-16
Valparaíso,5,Quilpué,5801,4,2020-06-18
Valparaíso,5,Quilpué,5801,3,2020-06-19
Valparaíso,5,Quilpué,5801,1,2020-06-20
Valparaíso,5,Quilpué,5801,13,2020-06-22
Valparaíso,5,Quilpué,5801,3,2020-06-23
Valparaíso,5,Quilpué,5801,7,2020-06-24
Valparaíso,5,Quilpué,5801,2,2020-06-25
Valparaíso,5,Quilpué,5801,7,2020-06-26
Valparaíso,5,Quilpué,5801,1,2020-06-27
Valparaíso,5,Quilpué,5801,14,2020-06-30
Valparaíso,5,Quilpué,5801,3,2020-07-01
Valparaíso,5,Quilpué,5801,7,2020-07-02
Valparaíso,5,Quilpué,5801,3,2020-07-03
Valparaíso,5,Quilpué,5801,1,2020-07-05
Valparaíso,5,Quilpué,5801,7,2020-07-06
Valparaíso,5,Quilpué,5801,6,2020-07-07
Valparaíso,5,Quilpué,5801,9,2020-07-08
Valparaíso,5,Quilpué,5801,4,2020-07-09
Valparaíso,5,Quilpué,5801,3,2020-07-10
Valparaíso,5,Quilpué,5801,9,2020-07-13
Valparaíso,5,Quilpué,5801,3,2020-07-14
Valparaíso,5,Quilpué,5801,5,2020-07-15
Valparaíso,5,Quilpué,5801,12,2020-07-17
Valparaíso,5,Quilpué,5801,13,2020-07-20
Valparaíso,5,Quilpué,5801,2,2020-07-21
Valparaíso,5,Quilpué,5801,4,2020-07-23
Valparaíso,5,Quilpué,5801,4,2020-07-24
Valparaíso,5,Quilpué,5801,1,2020-07-26
Valparaíso,5,Quilpué,5801,7,2020-07-27
Valparaíso,5,Quilpué,5801,8,2020-07-28
Valparaíso,5,Quilpué,5801,5,2020-07-29
Valparaíso,5,Quilpué,5801,3,2020-07-30
Valparaíso,5,Quilpué,5801,3,2020-07-31
Valparaíso,5,Quilpué,5801,1,2020-08-01
Valparaíso,5,Quilpué,5801,1,2020-08-02
Valparaíso,5,Quilpué,5801,9,2020-08-03
Valparaíso,5,Quilpué,5801,3,2020-08-04
Valparaíso,5,Quilpué,5801,4,2020-08-05
Valparaíso,5,Quilpué,5801,8,2020-08-06
Valparaíso,5,Quilpué,5801,5,2020-08-07
Valparaíso,5,Quilpué,5801,7,2020-08-10
Valparaíso,5,Quilpué,5801,3,2020-08-11
Valparaíso,5,Quilpué,5801,6,2020-08-12
Valparaíso,5,Quilpué,5801,2,2020-08-13
Valparaíso,5,Quilpué,5801,1,2020-08-14
Valparaíso,5,Quilpué,5801,3,2020-08-15
Valparaíso,5,Quilpué,5801,11,2020-08-17
Valparaíso,5,Quilpué,5801,3,2020-08-18
Valparaíso,5,Quilpué,5801,7,2020-08-19
Valparaíso,5,Quilpué,5801,3,2020-08-20
Valparaíso,5,Quilpué,5801,6,2020-08-21
Valparaíso,5,Quilpué,5801,1,2020-08-22
Valparaíso,5,Quilpué,5801,15,2020-08-24
Valparaíso,5,Quilpué,5801,2,2020-08-25
Valparaíso,5,Quilpué,5801,2,2020-08-26
Valparaíso,5,Quilpué,5801,3,2020-08-27
Valparaíso,5,Quilpué,5801,6,2020-08-28
Valparaíso,5,Quilpué,5801,1,2020-08-30
Valparaíso,5,Quilpué,5801,13,2020-08-31
Valparaíso,5,Quilpué,5801,1,2020-09-01
Valparaíso,5,Quilpué,5801,5,2020-09-02
Valparaíso,5,Quilpué,5801,3,2020-09-03
Valparaíso,5,Quilpué,5801,5,2020-09-04
Valparaíso,5,Quilpué,5801,2,2020-09-05
Valparaíso,5,Quilpué,5801,7,2020-09-07
Valparaíso,5,Quilpué,5801,3,2020-09-08
Valparaíso,5,Quilpué,5801,3,2020-09-09
Valparaíso,5,Quilpué,5801,2,2020-09-10
Valparaíso,5,Quilpué,5801,8,2020-09-11
Valparaíso,5,Quilpué,5801,6,2020-09-14
Valparaíso,5,Quilpué,5801,4,2020-09-15
Valparaíso,5,Quilpué,5801,4,2020-09-16
Valparaíso,5,Quilpué,5801,4,2020-09-17
Valparaíso,5,Quilpué,5801,2,2020-09-18
Valparaíso,5,Quilpué,5801,4,2020-09-19
Valparaíso,5,Quilpué,5801,10,2020-09-21
Valparaíso,5,Quilpué,5801,2,2020-09-22
Valparaíso,5,Quilpué,5801,10,2020-09-23
Valparaíso,5,Quilpué,5801,4,2020-09-24
Valparaíso,5,Quilpué,5801,9,2020-09-25
Valparaíso,5,Quilpué,5801,1,2020-09-26
Valparaíso,5,Quilpué,5801,6,2020-09-28
Valparaíso,5,Quilpué,5801,4,2020-09-29
Valparaíso,5,Quilpué,5801,4,2020-09-30
Valparaíso,5,Quilpué,5801,2,2020-10-01
Valparaíso,5,Quilpué,5801,6,2020-10-02
Valparaíso,5,Quilpué,5801,7,2020-10-05
Valparaíso,5,Quilpué,5801,4,2020-10-06
Valparaíso,5,Quilpué,5801,4,2020-10-07
Valparaíso,5,Quilpué,5801,6,2020-10-08
Valparaíso,5,Quilpué,5801,1,2020-10-09
Valparaíso,5,Quilpué,5801,2,2020-10-10
Valparaíso,5,Quilpué,5801,1,2020-10-11
Valparaíso,5,Quilpué,5801,13,2020-10-13
Valparaíso,5,Quilpué,5801,5,2020-10-14
Valparaíso,5,Quilpué,5801,6,2020-10-15
Valparaíso,5,Quilpué,5801,4,2020-10-16
Valparaíso,5,Quilpué,5801,9,2020-10-19
Valparaíso,5,Quilpué,5801,5,2020-10-20
Valparaíso,5,Quilpué,5801,6,2020-10-21
Valparaíso,5,Quilpué,5801,4,2020-10-22
Valparaíso,5,Quilpué,5801,10,2020-10-23
Valparaíso,5,Quilpué,5801,9,2020-10-26
Valparaíso,5,Quilpué,5801,2,2020-10-27
Valparaíso,5,Quilpué,5801,4,2020-10-28
Valparaíso,5,Quilpué,5801,3,2020-10-29
Valparaíso,5,Quilpué,5801,3,2020-10-30
Valparaíso,5,Quilpué,5801,1,2020-10-31
Valparaíso,5,Quilpué,5801,11,2020-11-02
Valparaíso,5,Quilpué,5801,2,2020-11-03
Valparaíso,5,Quilpué,5801,2,2020-11-04
Valparaíso,5,Quilpué,5801,1,2020-11-05
Valparaíso,5,Quilpué,5801,3,2020-11-06
Valparaíso,5,Quilpué,5801,9,2020-11-09
Valparaíso,5,Quilpué,5801,6,2020-11-10
Valparaíso,5,Quilpué,5801,1,2020-11-11
Valparaíso,5,Quilpué,5801,7,2020-11-12
Valparaíso,5,Quilpué,5801,6,2020-11-13
Valparaíso,5,Quilpué,5801,8,2020-11-16
Valparaíso,5,Quilpué,5801,3,2020-11-17
Valparaíso,5,Quilpué,5801,6,2020-11-18
Valparaíso,5,Quilpué,5801,2,2020-11-19
Valparaíso,5,Quilpué,5801,3,2020-11-20
Valparaíso,5,Quilpué,5801,1,2020-11-22
Valparaíso,5,Quilpué,5801,19,2020-11-23
Valparaíso,5,Quilpué,5801,5,2020-11-24
Valparaíso,5,Quilpué,5801,2,2020-11-25
Valparaíso,5,Quilpué,5801,4,2020-11-26
Valparaíso,5,Quilpué,5801,5,2020-11-27
Valparaíso,5,Quilpué,5801,9,2020-11-30
Valparaíso,5,Quilpué,5801,5,2020-12-01
Valparaíso,5,Quilpué,5801,3,2020-12-02
Valparaíso,5,Quilpué,5801,5,2020-12-03
Valparaíso,5,Quilpué,5801,2,2020-12-04
Valparaíso,5,Quilpué,5801,12,2020-12-07
Valparaíso,5,Quilpué,5801,5,2020-12-09
Valparaíso,5,Quilpué,5801,8,2020-12-10
Valparaíso,5,Quilpué,5801,5,2020-12-11
Valparaíso,5,Quilpué,5801,9,2020-12-14
Valparaíso,5,Quilpué,5801,2,2020-12-15
Valparaíso,5,Quilpué,5801,3,2020-12-16
Valparaíso,5,Quilpué,5801,1,2020-12-17
Valparaíso,5,Quilpué,5801,1,2020-12-18
Valparaíso,5,Quilpué,5801,1,2020-12-19
Valparaíso,5,Quilpué,5801,11,2020-12-21
Valparaíso,5,Quilpué,5801,5,2020-12-22
Valparaíso,5,Quilpué,5801,4,2020-12-23
Valparaíso,5,Quilpué,5801,3,2020-12-24
Valparaíso,5,Quilpué,5801,1,2020-12-26
Valparaíso,5,Quilpué,5801,14,2020-12-28
Valparaíso,5,Quilpué,5801,5,2020-12-29
Valparaíso,5,Quilpué,5801,4,2020-12-30
Valparaíso,5,Quilpué,5801,7,2020-12-31
Valparaíso,5,Quilpué,5801,3,2021-01-01
Valparaíso,5,Quilpué,5801,1,2021-01-02
Valparaíso,5,Quilpué,5801,3,2021-01-03
Valparaíso,5,Quilpué,5801,8,2021-01-04
Valparaíso,5,Quilpué,5801,4,2021-01-05
Valparaíso,5,Quilpué,5801,3,2021-01-06
Valparaíso,5,Quilpué,5801,6,2021-01-07
Valparaíso,5,Quilpué,5801,4,2021-01-08
Valparaíso,5,Quilpué,5801,11,2021-01-11
Valparaíso,5,Quilpué,5801,6,2021-01-12
Valparaíso,5,Quilpué,5801,2,2021-01-13
Valparaíso,5,Quilpué,5801,5,2021-01-14
Valparaíso,5,Limache,5802,1,2020-01-02
Valparaíso,5,Limache,5802,2,2020-01-03
Valparaíso,5,Limache,5802,1,2020-01-07
Valparaíso,5,Limache,5802,2,2020-01-08
Valparaíso,5,Limache,5802,2,2020-01-09
Valparaíso,5,Limache,5802,1,2020-01-10
Valparaíso,5,Limache,5802,1,2020-01-13
Valparaíso,5,Limache,5802,1,2020-01-17
Valparaíso,5,Limache,5802,1,2020-01-20
Valparaíso,5,Limache,5802,1,2020-01-21
Valparaíso,5,Limache,5802,1,2020-01-24
Valparaíso,5,Limache,5802,1,2020-01-27
Valparaíso,5,Limache,5802,1,2020-01-29
Valparaíso,5,Limache,5802,2,2020-01-30
Valparaíso,5,Limache,5802,2,2020-01-31
Valparaíso,5,Limache,5802,1,2020-02-03
Valparaíso,5,Limache,5802,1,2020-02-04
Valparaíso,5,Limache,5802,1,2020-02-05
Valparaíso,5,Limache,5802,1,2020-02-06
Valparaíso,5,Limache,5802,6,2020-02-10
Valparaíso,5,Limache,5802,2,2020-02-11
Valparaíso,5,Limache,5802,1,2020-02-13
Valparaíso,5,Limache,5802,1,2020-02-14
Valparaíso,5,Limache,5802,1,2020-02-17
Valparaíso,5,Limache,5802,1,2020-02-18
Valparaíso,5,Limache,5802,1,2020-02-19
Valparaíso,5,Limache,5802,2,2020-02-20
Valparaíso,5,Limache,5802,1,2020-02-21
Valparaíso,5,Limache,5802,1,2020-02-24
Valparaíso,5,Limache,5802,3,2020-02-25
Valparaíso,5,Limache,5802,1,2020-02-26
Valparaíso,5,Limache,5802,2,2020-02-28
Valparaíso,5,Limache,5802,2,2020-03-03
Valparaíso,5,Limache,5802,1,2020-03-06
Valparaíso,5,Limache,5802,3,2020-03-09
Valparaíso,5,Limache,5802,1,2020-03-10
Valparaíso,5,Limache,5802,3,2020-03-12
Valparaíso,5,Limache,5802,1,2020-03-13
Valparaíso,5,Limache,5802,3,2020-03-16
Valparaíso,5,Limache,5802,1,2020-03-18
Valparaíso,5,Limache,5802,1,2020-03-19
Valparaíso,5,Limache,5802,2,2020-03-23
Valparaíso,5,Limache,5802,2,2020-03-24
Valparaíso,5,Limache,5802,1,2020-03-26
Valparaíso,5,Limache,5802,2,2020-03-27
Valparaíso,5,Limache,5802,3,2020-03-30
Valparaíso,5,Limache,5802,1,2020-03-31
Valparaíso,5,Limache,5802,3,2020-04-03
Valparaíso,5,Limache,5802,1,2020-04-07
Valparaíso,5,Limache,5802,1,2020-04-08
Valparaíso,5,Limache,5802,4,2020-04-09
Valparaíso,5,Limache,5802,3,2020-04-13
Valparaíso,5,Limache,5802,3,2020-04-14
Valparaíso,5,Limache,5802,1,2020-04-16
Valparaíso,5,Limache,5802,1,2020-04-17
Valparaíso,5,Limache,5802,2,2020-04-20
Valparaíso,5,Limache,5802,3,2020-04-21
Valparaíso,5,Limache,5802,1,2020-04-23
Valparaíso,5,Limache,5802,1,2020-04-24
Valparaíso,5,Limache,5802,1,2020-04-27
Valparaíso,5,Limache,5802,2,2020-04-28
Valparaíso,5,Limache,5802,1,2020-04-30
Valparaíso,5,Limache,5802,3,2020-05-04
Valparaíso,5,Limache,5802,1,2020-05-05
Valparaíso,5,Limache,5802,5,2020-05-07
Valparaíso,5,Limache,5802,2,2020-05-08
Valparaíso,5,Limache,5802,1,2020-05-09
Valparaíso,5,Limache,5802,1,2020-05-12
Valparaíso,5,Limache,5802,2,2020-05-15
Valparaíso,5,Limache,5802,1,2020-05-18
Valparaíso,5,Limache,5802,1,2020-05-19
Valparaíso,5,Limache,5802,3,2020-05-20
Valparaíso,5,Limache,5802,1,2020-05-22
Valparaíso,5,Limache,5802,7,2020-05-25
Valparaíso,5,Limache,5802,4,2020-05-26
Valparaíso,5,Limache,5802,1,2020-05-27
Valparaíso,5,Limache,5802,1,2020-05-29
Valparaíso,5,Limache,5802,2,2020-06-01
Valparaíso,5,Limache,5802,3,2020-06-02
Valparaíso,5,Limache,5802,3,2020-06-04
Valparaíso,5,Limache,5802,2,2020-06-05
Valparaíso,5,Limache,5802,4,2020-06-08
Valparaíso,5,Limache,5802,2,2020-06-09
Valparaíso,5,Limache,5802,1,2020-06-10
Valparaíso,5,Limache,5802,1,2020-06-12
Valparaíso,5,Limache,5802,1,2020-06-14
Valparaíso,5,Limache,5802,2,2020-06-15
Valparaíso,5,Limache,5802,2,2020-06-16
Valparaíso,5,Limache,5802,1,2020-06-17
Valparaíso,5,Limache,5802,1,2020-06-18
Valparaíso,5,Limache,5802,3,2020-06-22
Valparaíso,5,Limache,5802,1,2020-06-23
Valparaíso,5,Limache,5802,1,2020-06-24
Valparaíso,5,Limache,5802,1,2020-06-25
Valparaíso,5,Limache,5802,1,2020-06-27
Valparaíso,5,Limache,5802,3,2020-06-30
Valparaíso,5,Limache,5802,2,2020-07-01
Valparaíso,5,Limache,5802,2,2020-07-02
Valparaíso,5,Limache,5802,1,2020-07-03
Valparaíso,5,Limache,5802,1,2020-07-04
Valparaíso,5,Limache,5802,2,2020-07-06
Valparaíso,5,Limache,5802,1,2020-07-07
Valparaíso,5,Limache,5802,1,2020-07-09
Valparaíso,5,Limache,5802,4,2020-07-10
Valparaíso,5,Limache,5802,3,2020-07-13
Valparaíso,5,Limache,5802,1,2020-07-15
Valparaíso,5,Limache,5802,1,2020-07-18
Valparaíso,5,Limache,5802,2,2020-07-20
Valparaíso,5,Limache,5802,2,2020-07-21
Valparaíso,5,Limache,5802,3,2020-07-22
Valparaíso,5,Limache,5802,1,2020-07-24
Valparaíso,5,Limache,5802,2,2020-07-27
Valparaíso,5,Limache,5802,2,2020-07-28
Valparaíso,5,Limache,5802,2,2020-07-30
Valparaíso,5,Limache,5802,2,2020-07-31
Valparaíso,5,Limache,5802,5,2020-08-03
Valparaíso,5,Limache,5802,1,2020-08-05
Valparaíso,5,Limache,5802,1,2020-08-06
Valparaíso,5,Limache,5802,1,2020-08-09
Valparaíso,5,Limache,5802,2,2020-08-10
Valparaíso,5,Limache,5802,1,2020-08-11
Valparaíso,5,Limache,5802,3,2020-08-13
Valparaíso,5,Limache,5802,1,2020-08-14
Valparaíso,5,Limache,5802,3,2020-08-17
Valparaíso,5,Limache,5802,1,2020-08-18
Valparaíso,5,Limache,5802,1,2020-08-19
Valparaíso,5,Limache,5802,1,2020-08-20
Valparaíso,5,Limache,5802,1,2020-08-23
Valparaíso,5,Limache,5802,1,2020-08-24
Valparaíso,5,Limache,5802,1,2020-08-25
Valparaíso,5,Limache,5802,1,2020-08-26
Valparaíso,5,Limache,5802,1,2020-08-28
Valparaíso,5,Limache,5802,6,2020-08-31
Valparaíso,5,Limache,5802,3,2020-09-01
Valparaíso,5,Limache,5802,3,2020-09-03
Valparaíso,5,Limache,5802,1,2020-09-04
Valparaíso,5,Limache,5802,2,2020-09-07
Valparaíso,5,Limache,5802,1,2020-09-08
Valparaíso,5,Limache,5802,2,2020-09-09
Valparaíso,5,Limache,5802,1,2020-09-10
Valparaíso,5,Limache,5802,1,2020-09-11
Valparaíso,5,Limache,5802,1,2020-09-16
Valparaíso,5,Limache,5802,1,2020-09-21
Valparaíso,5,Limache,5802,1,2020-09-23
Valparaíso,5,Limache,5802,2,2020-09-24
Valparaíso,5,Limache,5802,1,2020-09-25
Valparaíso,5,Limache,5802,2,2020-09-30
Valparaíso,5,Limache,5802,2,2020-10-01
Valparaíso,5,Limache,5802,3,2020-10-05
Valparaíso,5,Limache,5802,3,2020-10-06
Valparaíso,5,Limache,5802,1,2020-10-07
Valparaíso,5,Limache,5802,3,2020-10-08
Valparaíso,5,Limache,5802,1,2020-10-09
Valparaíso,5,Limache,5802,5,2020-10-13
Valparaíso,5,Limache,5802,2,2020-10-14
Valparaíso,5,Limache,5802,2,2020-10-15
Valparaíso,5,Limache,5802,1,2020-10-16
Valparaíso,5,Limache,5802,7,2020-10-19
Valparaíso,5,Limache,5802,2,2020-10-20
Valparaíso,5,Limache,5802,5,2020-10-23
Valparaíso,5,Limache,5802,1,2020-10-26
Valparaíso,5,Limache,5802,1,2020-10-27
Valparaíso,5,Limache,5802,3,2020-10-28
Valparaíso,5,Limache,5802,1,2020-10-29
Valparaíso,5,Limache,5802,4,2020-11-02
Valparaíso,5,Limache,5802,1,2020-11-03
Valparaíso,5,Limache,5802,3,2020-11-04
Valparaíso,5,Limache,5802,1,2020-11-05
Valparaíso,5,Limache,5802,6,2020-11-09
Valparaíso,5,Limache,5802,2,2020-11-11
Valparaíso,5,Limache,5802,1,2020-11-12
Valparaíso,5,Limache,5802,1,2020-11-16
Valparaíso,5,Limache,5802,1,2020-11-17
Valparaíso,5,Limache,5802,2,2020-11-18
Valparaíso,5,Limache,5802,1,2020-11-19
Valparaíso,5,Limache,5802,4,2020-11-23
Valparaíso,5,Limache,5802,1,2020-11-25
Valparaíso,5,Limache,5802,2,2020-11-27
Valparaíso,5,Limache,5802,2,2020-12-01
Valparaíso,5,Limache,5802,1,2020-12-02
Valparaíso,5,Limache,5802,1,2020-12-03
Valparaíso,5,Limache,5802,4,2020-12-07
Valparaíso,5,Limache,5802,5,2020-12-09
Valparaíso,5,Limache,5802,2,2020-12-10
Valparaíso,5,Limache,5802,2,2020-12-11
Valparaíso,5,Limache,5802,2,2020-12-14
Valparaíso,5,Limache,5802,2,2020-12-17
Valparaíso,5,Limache,5802,1,2020-12-21
Valparaíso,5,Limache,5802,2,2020-12-22
Valparaíso,5,Limache,5802,1,2020-12-24
Valparaíso,5,Limache,5802,4,2020-12-28
Valparaíso,5,Limache,5802,1,2021-01-04
Valparaíso,5,Limache,5802,3,2021-01-05
Valparaíso,5,Limache,5802,1,2021-01-07
Valparaíso,5,Limache,5802,4,2021-01-11
Valparaíso,5,Limache,5802,0,2021-01-12
Valparaíso,5,Limache,5802,1,2021-01-13
Valparaíso,5,Olmué,5803,1,2020-01-10
Valparaíso,5,Olmué,5803,3,2020-01-13
Valparaíso,5,Olmué,5803,1,2020-01-15
Valparaíso,5,Olmué,5803,1,2020-02-03
Valparaíso,5,Olmué,5803,1,2020-02-10
Valparaíso,5,Olmué,5803,2,2020-02-17
Valparaíso,5,Olmué,5803,1,2020-02-25
Valparaíso,5,Olmué,5803,1,2020-02-28
Valparaíso,5,Olmué,5803,1,2020-03-18
Valparaíso,5,Olmué,5803,1,2020-03-19
Valparaíso,5,Olmué,5803,1,2020-03-25
Valparaíso,5,Olmué,5803,1,2020-04-13
Valparaíso,5,Olmué,5803,1,2020-04-15
Valparaíso,5,Olmué,5803,1,2020-04-18
Valparaíso,5,Olmué,5803,1,2020-04-20
Valparaíso,5,Olmué,5803,1,2020-04-23
Valparaíso,5,Olmué,5803,2,2020-04-29
Valparaíso,5,Olmué,5803,2,2020-05-04
Valparaíso,5,Olmué,5803,1,2020-05-08
Valparaíso,5,Olmué,5803,1,2020-05-13
Valparaíso,5,Olmué,5803,1,2020-05-15
Valparaíso,5,Olmué,5803,2,2020-05-20
Valparaíso,5,Olmué,5803,2,2020-05-22
Valparaíso,5,Olmué,5803,2,2020-05-25
Valparaíso,5,Olmué,5803,1,2020-05-27
Valparaíso,5,Olmué,5803,1,2020-06-08
Valparaíso,5,Olmué,5803,2,2020-06-10
Valparaíso,5,Olmué,5803,1,2020-06-15
Valparaíso,5,Olmué,5803,2,2020-06-17
Valparaíso,5,Olmué,5803,3,2020-07-01
Valparaíso,5,Olmué,5803,4,2020-07-02
Valparaíso,5,Olmué,5803,1,2020-07-03
Valparaíso,5,Olmué,5803,1,2020-07-06
Valparaíso,5,Olmué,5803,1,2020-07-20
Valparaíso,5,Olmué,5803,1,2020-07-22
Valparaíso,5,Olmué,5803,1,2020-07-28
Valparaíso,5,Olmué,5803,1,2020-07-29
Valparaíso,5,Olmué,5803,2,2020-08-04
Valparaíso,5,Olmué,5803,1,2020-08-11
Valparaíso,5,Olmué,5803,1,2020-08-21
Valparaíso,5,Olmué,5803,1,2020-08-24
Valparaíso,5,Olmué,5803,2,2020-08-25
Valparaíso,5,Olmué,5803,2,2020-09-03
Valparaíso,5,Olmué,5803,1,2020-09-13
Valparaíso,5,Olmué,5803,1,2020-09-30
Valparaíso,5,Olmué,5803,1,2020-10-07
Valparaíso,5,Olmué,5803,1,2020-10-08
Valparaíso,5,Olmué,5803,1,2020-10-09
Valparaíso,5,Olmué,5803,1,2020-10-21
Valparaíso,5,Olmué,5803,2,2020-10-22
Valparaíso,5,Olmué,5803,1,2020-11-02
Valparaíso,5,Olmué,5803,1,2020-11-04
Valparaíso,5,Olmué,5803,1,2020-11-10
Valparaíso,5,Olmué,5803,1,2020-11-12
Valparaíso,5,Olmué,5803,1,2020-11-18
Valparaíso,5,Olmué,5803,1,2020-11-23
Valparaíso,5,Olmué,5803,1,2020-11-27
Valparaíso,5,Olmué,5803,2,2020-11-30
Valparaíso,5,Olmué,5803,1,2020-12-01
Valparaíso,5,Olmué,5803,1,2020-12-04
Valparaíso,5,Olmué,5803,1,2020-12-07
Valparaíso,5,Olmué,5803,1,2020-12-10
Valparaíso,5,Olmué,5803,1,2020-12-14
Valparaíso,5,Olmué,5803,1,2020-12-21
Valparaíso,5,Olmué,5803,2,2021-01-06
Valparaíso,5,Villa Alemana,5804,3,2020-01-02
Valparaíso,5,Villa Alemana,5804,3,2020-01-03
Valparaíso,5,Villa Alemana,5804,1,2020-01-05
Valparaíso,5,Villa Alemana,5804,5,2020-01-06
Valparaíso,5,Villa Alemana,5804,4,2020-01-07
Valparaíso,5,Villa Alemana,5804,8,2020-01-13
Valparaíso,5,Villa Alemana,5804,4,2020-01-14
Valparaíso,5,Villa Alemana,5804,1,2020-01-15
Valparaíso,5,Villa Alemana,5804,2,2020-01-16
Valparaíso,5,Villa Alemana,5804,4,2020-01-17
Valparaíso,5,Villa Alemana,5804,2,2020-01-20
Valparaíso,5,Villa Alemana,5804,4,2020-01-21
Valparaíso,5,Villa Alemana,5804,1,2020-01-23
Valparaíso,5,Villa Alemana,5804,4,2020-01-24
Valparaíso,5,Villa Alemana,5804,6,2020-01-27
Valparaíso,5,Villa Alemana,5804,5,2020-01-28
Valparaíso,5,Villa Alemana,5804,2,2020-01-29
Valparaíso,5,Villa Alemana,5804,3,2020-01-30
Valparaíso,5,Villa Alemana,5804,1,2020-01-31
Valparaíso,5,Villa Alemana,5804,3,2020-02-03
Valparaíso,5,Villa Alemana,5804,1,2020-02-04
Valparaíso,5,Villa Alemana,5804,1,2020-02-05
Valparaíso,5,Villa Alemana,5804,3,2020-02-06
Valparaíso,5,Villa Alemana,5804,2,2020-02-07
Valparaíso,5,Villa Alemana,5804,5,2020-02-10
Valparaíso,5,Villa Alemana,5804,2,2020-02-12
Valparaíso,5,Villa Alemana,5804,2,2020-02-13
Valparaíso,5,Villa Alemana,5804,2,2020-02-14
Valparaíso,5,Villa Alemana,5804,6,2020-02-17
Valparaíso,5,Villa Alemana,5804,4,2020-02-20
Valparaíso,5,Villa Alemana,5804,1,2020-02-21
Valparaíso,5,Villa Alemana,5804,2,2020-02-24
Valparaíso,5,Villa Alemana,5804,1,2020-02-25
Valparaíso,5,Villa Alemana,5804,2,2020-02-26
Valparaíso,5,Villa Alemana,5804,3,2020-03-02
Valparaíso,5,Villa Alemana,5804,1,2020-03-03
Valparaíso,5,Villa Alemana,5804,1,2020-03-04
Valparaíso,5,Villa Alemana,5804,2,2020-03-06
Valparaíso,5,Villa Alemana,5804,4,2020-03-09
Valparaíso,5,Villa Alemana,5804,2,2020-03-11
Valparaíso,5,Villa Alemana,5804,2,2020-03-12
Valparaíso,5,Villa Alemana,5804,1,2020-03-13
Valparaíso,5,Villa Alemana,5804,1,2020-03-15
Valparaíso,5,Villa Alemana,5804,6,2020-03-16
Valparaíso,5,Villa Alemana,5804,3,2020-03-18
Valparaíso,5,Villa Alemana,5804,1,2020-03-19
Valparaíso,5,Villa Alemana,5804,5,2020-03-23
Valparaíso,5,Villa Alemana,5804,3,2020-03-24
Valparaíso,5,Villa Alemana,5804,2,2020-03-26
Valparaíso,5,Villa Alemana,5804,2,2020-03-27
Valparaíso,5,Villa Alemana,5804,3,2020-03-30
Valparaíso,5,Villa Alemana,5804,2,2020-03-31
Valparaíso,5,Villa Alemana,5804,4,2020-04-02
Valparaíso,5,Villa Alemana,5804,1,2020-04-03
Valparaíso,5,Villa Alemana,5804,8,2020-04-06
Valparaíso,5,Villa Alemana,5804,1,2020-04-07
Valparaíso,5,Villa Alemana,5804,1,2020-04-09
Valparaíso,5,Villa Alemana,5804,8,2020-04-13
Valparaíso,5,Villa Alemana,5804,1,2020-04-14
Valparaíso,5,Villa Alemana,5804,3,2020-04-16
Valparaíso,5,Villa Alemana,5804,2,2020-04-17
Valparaíso,5,Villa Alemana,5804,7,2020-04-20
Valparaíso,5,Villa Alemana,5804,3,2020-04-22
Valparaíso,5,Villa Alemana,5804,1,2020-04-23
Valparaíso,5,Villa Alemana,5804,4,2020-04-24
Valparaíso,5,Villa Alemana,5804,4,2020-04-27
Valparaíso,5,Villa Alemana,5804,1,2020-04-28
Valparaíso,5,Villa Alemana,5804,4,2020-04-29
Valparaíso,5,Villa Alemana,5804,3,2020-05-01
Valparaíso,5,Villa Alemana,5804,7,2020-05-04
Valparaíso,5,Villa Alemana,5804,1,2020-05-05
Valparaíso,5,Villa Alemana,5804,2,2020-05-07
Valparaíso,5,Villa Alemana,5804,3,2020-05-08
Valparaíso,5,Villa Alemana,5804,1,2020-05-10
Valparaíso,5,Villa Alemana,5804,7,2020-05-11
Valparaíso,5,Villa Alemana,5804,1,2020-05-13
Valparaíso,5,Villa Alemana,5804,1,2020-05-14
Valparaíso,5,Villa Alemana,5804,3,2020-05-15
Valparaíso,5,Villa Alemana,5804,2,2020-05-18
Valparaíso,5,Villa Alemana,5804,3,2020-05-19
Valparaíso,5,Villa Alemana,5804,4,2020-05-22
Valparaíso,5,Villa Alemana,5804,3,2020-05-25
Valparaíso,5,Villa Alemana,5804,5,2020-05-26
Valparaíso,5,Villa Alemana,5804,4,2020-05-27
Valparaíso,5,Villa Alemana,5804,2,2020-05-28
Valparaíso,5,Villa Alemana,5804,3,2020-05-29
Valparaíso,5,Villa Alemana,5804,5,2020-06-01
Valparaíso,5,Villa Alemana,5804,2,2020-06-02
Valparaíso,5,Villa Alemana,5804,3,2020-06-03
Valparaíso,5,Villa Alemana,5804,3,2020-06-04
Valparaíso,5,Villa Alemana,5804,2,2020-06-05
Valparaíso,5,Villa Alemana,5804,1,2020-06-07
Valparaíso,5,Villa Alemana,5804,2,2020-06-08
Valparaíso,5,Villa Alemana,5804,2,2020-06-09
Valparaíso,5,Villa Alemana,5804,3,2020-06-10
Valparaíso,5,Villa Alemana,5804,1,2020-06-12
Valparaíso,5,Villa Alemana,5804,5,2020-06-15
Valparaíso,5,Villa Alemana,5804,2,2020-06-16
Valparaíso,5,Villa Alemana,5804,2,2020-06-17
Valparaíso,5,Villa Alemana,5804,1,2020-06-18
Valparaíso,5,Villa Alemana,5804,1,2020-06-19
Valparaíso,5,Villa Alemana,5804,3,2020-06-22
Valparaíso,5,Villa Alemana,5804,1,2020-06-23
Valparaíso,5,Villa Alemana,5804,1,2020-06-24
Valparaíso,5,Villa Alemana,5804,1,2020-06-26
Valparaíso,5,Villa Alemana,5804,1,2020-06-27
Valparaíso,5,Villa Alemana,5804,6,2020-06-30
Valparaíso,5,Villa Alemana,5804,4,2020-07-01
Valparaíso,5,Villa Alemana,5804,2,2020-07-02
Valparaíso,5,Villa Alemana,5804,4,2020-07-03
Valparaíso,5,Villa Alemana,5804,4,2020-07-06
Valparaíso,5,Villa Alemana,5804,4,2020-07-07
Valparaíso,5,Villa Alemana,5804,4,2020-07-08
Valparaíso,5,Villa Alemana,5804,2,2020-07-09
Valparaíso,5,Villa Alemana,5804,4,2020-07-10
Valparaíso,5,Villa Alemana,5804,8,2020-07-13
Valparaíso,5,Villa Alemana,5804,4,2020-07-14
Valparaíso,5,Villa Alemana,5804,2,2020-07-15
Valparaíso,5,Villa Alemana,5804,1,2020-07-16
Valparaíso,5,Villa Alemana,5804,6,2020-07-17
Valparaíso,5,Villa Alemana,5804,3,2020-07-20
Valparaíso,5,Villa Alemana,5804,1,2020-07-21
Valparaíso,5,Villa Alemana,5804,1,2020-07-22
Valparaíso,5,Villa Alemana,5804,3,2020-07-23
Valparaíso,5,Villa Alemana,5804,1,2020-07-24
Valparaíso,5,Villa Alemana,5804,1,2020-07-25
Valparaíso,5,Villa Alemana,5804,8,2020-07-27
Valparaíso,5,Villa Alemana,5804,1,2020-07-28
Valparaíso,5,Villa Alemana,5804,3,2020-07-29
Valparaíso,5,Villa Alemana,5804,2,2020-07-31
Valparaíso,5,Villa Alemana,5804,5,2020-08-03
Valparaíso,5,Villa Alemana,5804,2,2020-08-04
Valparaíso,5,Villa Alemana,5804,2,2020-08-05
Valparaíso,5,Villa Alemana,5804,2,2020-08-06
Valparaíso,5,Villa Alemana,5804,2,2020-08-07
Valparaíso,5,Villa Alemana,5804,1,2020-08-08
Valparaíso,5,Villa Alemana,5804,5,2020-08-10
Valparaíso,5,Villa Alemana,5804,3,2020-08-11
Valparaíso,5,Villa Alemana,5804,4,2020-08-12
Valparaíso,5,Villa Alemana,5804,2,2020-08-13
Valparaíso,5,Villa Alemana,5804,4,2020-08-14
Valparaíso,5,Villa Alemana,5804,3,2020-08-17
Valparaíso,5,Villa Alemana,5804,4,2020-08-18
Valparaíso,5,Villa Alemana,5804,2,2020-08-19
Valparaíso,5,Villa Alemana,5804,1,2020-08-20
Valparaíso,5,Villa Alemana,5804,3,2020-08-21
Valparaíso,5,Villa Alemana,5804,1,2020-08-22
Valparaíso,5,Villa Alemana,5804,7,2020-08-24
Valparaíso,5,Villa Alemana,5804,3,2020-08-25
Valparaíso,5,Villa Alemana,5804,2,2020-08-26
Valparaíso,5,Villa Alemana,5804,4,2020-08-27
Valparaíso,5,Villa Alemana,5804,3,2020-08-28
Valparaíso,5,Villa Alemana,5804,9,2020-08-31
Valparaíso,5,Villa Alemana,5804,3,2020-09-01
Valparaíso,5,Villa Alemana,5804,1,2020-09-02
Valparaíso,5,Villa Alemana,5804,3,2020-09-04
Valparaíso,5,Villa Alemana,5804,2,2020-09-07
Valparaíso,5,Villa Alemana,5804,2,2020-09-08
Valparaíso,5,Villa Alemana,5804,4,2020-09-09
Valparaíso,5,Villa Alemana,5804,2,2020-09-10
Valparaíso,5,Villa Alemana,5804,4,2020-09-11
Valparaíso,5,Villa Alemana,5804,1,2020-09-12
Valparaíso,5,Villa Alemana,5804,3,2020-09-14
Valparaíso,5,Villa Alemana,5804,4,2020-09-15
Valparaíso,5,Villa Alemana,5804,1,2020-09-16
Valparaíso,5,Villa Alemana,5804,3,2020-09-17
Valparaíso,5,Villa Alemana,5804,1,2020-09-18
Valparaíso,5,Villa Alemana,5804,9,2020-09-21
Valparaíso,5,Villa Alemana,5804,2,2020-09-22
Valparaíso,5,Villa Alemana,5804,5,2020-09-23
Valparaíso,5,Villa Alemana,5804,3,2020-09-24
Valparaíso,5,Villa Alemana,5804,1,2020-09-26
Valparaíso,5,Villa Alemana,5804,5,2020-09-28
Valparaíso,5,Villa Alemana,5804,3,2020-09-29
Valparaíso,5,Villa Alemana,5804,1,2020-09-30
Valparaíso,5,Villa Alemana,5804,1,2020-10-01
Valparaíso,5,Villa Alemana,5804,3,2020-10-02
Valparaíso,5,Villa Alemana,5804,10,2020-10-05
Valparaíso,5,Villa Alemana,5804,5,2020-10-06
Valparaíso,5,Villa Alemana,5804,4,2020-10-07
Valparaíso,5,Villa Alemana,5804,1,2020-10-08
Valparaíso,5,Villa Alemana,5804,4,2020-10-09
Valparaíso,5,Villa Alemana,5804,3,2020-10-10
Valparaíso,5,Villa Alemana,5804,13,2020-10-13
Valparaíso,5,Villa Alemana,5804,1,2020-10-14
Valparaíso,5,Villa Alemana,5804,1,2020-10-15
Valparaíso,5,Villa Alemana,5804,5,2020-10-16
Valparaíso,5,Villa Alemana,5804,10,2020-10-19
Valparaíso,5,Villa Alemana,5804,6,2020-10-20
Valparaíso,5,Villa Alemana,5804,1,2020-10-21
Valparaíso,5,Villa Alemana,5804,4,2020-10-22
Valparaíso,5,Villa Alemana,5804,6,2020-10-23
Valparaíso,5,Villa Alemana,5804,1,2020-10-25
Valparaíso,5,Villa Alemana,5804,3,2020-10-26
Valparaíso,5,Villa Alemana,5804,3,2020-10-27
Valparaíso,5,Villa Alemana,5804,1,2020-10-28
Valparaíso,5,Villa Alemana,5804,1,2020-10-29
Valparaíso,5,Villa Alemana,5804,2,2020-10-30
Valparaíso,5,Villa Alemana,5804,1,2020-11-02
Valparaíso,5,Villa Alemana,5804,2,2020-11-03
Valparaíso,5,Villa Alemana,5804,3,2020-11-05
Valparaíso,5,Villa Alemana,5804,1,2020-11-06
Valparaíso,5,Villa Alemana,5804,4,2020-11-09
Valparaíso,5,Villa Alemana,5804,2,2020-11-11
Valparaíso,5,Villa Alemana,5804,1,2020-11-12
Valparaíso,5,Villa Alemana,5804,2,2020-11-13
Valparaíso,5,Villa Alemana,5804,5,2020-11-16
Valparaíso,5,Villa Alemana,5804,2,2020-11-17
Valparaíso,5,Villa Alemana,5804,2,2020-11-18
Valparaíso,5,Villa Alemana,5804,2,2020-11-19
Valparaíso,5,Villa Alemana,5804,7,2020-11-23
Valparaíso,5,Villa Alemana,5804,1,2020-11-24
Valparaíso,5,Villa Alemana,5804,3,2020-11-25
Valparaíso,5,Villa Alemana,5804,5,2020-11-26
Valparaíso,5,Villa Alemana,5804,1,2020-11-27
Valparaíso,5,Villa Alemana,5804,6,2020-11-30
Valparaíso,5,Villa Alemana,5804,2,2020-12-01
Valparaíso,5,Villa Alemana,5804,5,2020-12-02
Valparaíso,5,Villa Alemana,5804,1,2020-12-03
Valparaíso,5,Villa Alemana,5804,3,2020-12-04
Valparaíso,5,Villa Alemana,5804,3,2020-12-07
Valparaíso,5,Villa Alemana,5804,6,2020-12-09
Valparaíso,5,Villa Alemana,5804,3,2020-12-10
Valparaíso,5,Villa Alemana,5804,1,2020-12-11
Valparaíso,5,Villa Alemana,5804,7,2020-12-14
Valparaíso,5,Villa Alemana,5804,3,2020-12-15
Valparaíso,5,Villa Alemana,5804,1,2020-12-17
Valparaíso,5,Villa Alemana,5804,2,2020-12-18
Valparaíso,5,Villa Alemana,5804,3,2020-12-21
Valparaíso,5,Villa Alemana,5804,2,2020-12-22
Valparaíso,5,Villa Alemana,5804,1,2020-12-23
Valparaíso,5,Villa Alemana,5804,3,2020-12-24
Valparaíso,5,Villa Alemana,5804,2,2020-12-26
Valparaíso,5,Villa Alemana,5804,10,2020-12-28
Valparaíso,5,Villa Alemana,5804,1,2020-12-29
Valparaíso,5,Villa Alemana,5804,4,2020-12-30
Valparaíso,5,Villa Alemana,5804,1,2020-12-31
Valparaíso,5,Villa Alemana,5804,1,2021-01-02
Valparaíso,5,Villa Alemana,5804,1,2021-01-03
Valparaíso,5,Villa Alemana,5804,13,2021-01-04
Valparaíso,5,Villa Alemana,5804,3,2021-01-05
Valparaíso,5,Villa Alemana,5804,2,2021-01-06
Valparaíso,5,Villa Alemana,5804,1,2021-01-07
Valparaíso,5,Villa Alemana,5804,2,2021-01-08
Valparaíso,5,Villa Alemana,5804,9,2021-01-11
Valparaíso,5,Villa Alemana,5804,1,2021-01-13
Valparaíso,5,Villa Alemana,5804,2,2021-01-14
Libertador General Bernardo O'Higgins,6,Rancagua,6101,14,2020-01-02
Libertador General Bernardo O'Higgins,6,Rancagua,6101,12,2020-01-03
Libertador General Bernardo O'Higgins,6,Rancagua,6101,23,2020-01-06
Libertador General Bernardo O'Higgins,6,Rancagua,6101,7,2020-01-07
Libertador General Bernardo O'Higgins,6,Rancagua,6101,6,2020-01-08
Libertador General Bernardo O'Higgins,6,Rancagua,6101,2,2020-01-09
Libertador General Bernardo O'Higgins,6,Rancagua,6101,8,2020-01-10
Libertador General Bernardo O'Higgins,6,Rancagua,6101,17,2020-01-13
Libertador General Bernardo O'Higgins,6,Rancagua,6101,3,2020-01-14
Libertador General Bernardo O'Higgins,6,Rancagua,6101,7,2020-01-15
Libertador General Bernardo O'Higgins,6,Rancagua,6101,6,2020-01-16
Libertador General Bernardo O'Higgins,6,Rancagua,6101,13,2020-01-17
Libertador General Bernardo O'Higgins,6,Rancagua,6101,21,2020-01-20
Libertador General Bernardo O'Higgins,6,Rancagua,6101,9,2020-01-21
Libertador General Bernardo O'Higgins,6,Rancagua,6101,7,2020-01-22
Libertador General Bernardo O'Higgins,6,Rancagua,6101,2,2020-01-23
Libertador General Bernardo O'Higgins,6,Rancagua,6101,12,2020-01-24
Libertador General Bernardo O'Higgins,6,Rancagua,6101,1,2020-01-26
Libertador General Bernardo O'Higgins,6,Rancagua,6101,6,2020-01-27
Libertador General Bernardo O'Higgins,6,Rancagua,6101,12,2020-01-28
Libertador General Bernardo O'Higgins,6,Rancagua,6101,8,2020-01-29
Libertador General Bernardo O'Higgins,6,Rancagua,6101,7,2020-01-30
Libertador General Bernardo O'Higgins,6,Rancagua,6101,9,2020-01-31
Libertador General Bernardo O'Higgins,6,Rancagua,6101,23,2020-02-03
Libertador General Bernardo O'Higgins,6,Rancagua,6101,7,2020-02-04
Libertador General Bernardo O'Higgins,6,Rancagua,6101,3,2020-02-05
Libertador General Bernardo O'Higgins,6,Rancagua,6101,7,2020-02-06
Libertador General Bernardo O'Higgins,6,Rancagua,6101,9,2020-02-07
Libertador General Bernardo O'Higgins,6,Rancagua,6101,13,2020-02-10
Libertador General Bernardo O'Higgins,6,Rancagua,6101,11,2020-02-11
Libertador General Bernardo O'Higgins,6,Rancagua,6101,5,2020-02-12
Libertador General Bernardo O'Higgins,6,Rancagua,6101,3,2020-02-13
Libertador General Bernardo O'Higgins,6,Rancagua,6101,2,2020-02-14
Libertador General Bernardo O'Higgins,6,Rancagua,6101,1,2020-02-15
Libertador General Bernardo O'Higgins,6,Rancagua,6101,1,2020-02-16
Libertador General Bernardo O'Higgins,6,Rancagua,6101,15,2020-02-17
Libertador General Bernardo O'Higgins,6,Rancagua,6101,9,2020-02-18
Libertador General Bernardo O'Higgins,6,Rancagua,6101,9,2020-02-19
Libertador General Bernardo O'Higgins,6,Rancagua,6101,7,2020-02-20
Libertador General Bernardo O'Higgins,6,Rancagua,6101,6,2020-02-21
Libertador General Bernardo O'Higgins,6,Rancagua,6101,16,2020-02-24
Libertador General Bernardo O'Higgins,6,Rancagua,6101,3,2020-02-25
Libertador General Bernardo O'Higgins,6,Rancagua,6101,6,2020-02-26
Libertador General Bernardo O'Higgins,6,Rancagua,6101,4,2020-02-27
Libertador General Bernardo O'Higgins,6,Rancagua,6101,11,2020-02-28
Libertador General Bernardo O'Higgins,6,Rancagua,6101,17,2020-03-02
Libertador General Bernardo O'Higgins,6,Rancagua,6101,6,2020-03-03
Libertador General Bernardo O'Higgins,6,Rancagua,6101,7,2020-03-04
Libertador General Bernardo O'Higgins,6,Rancagua,6101,7,2020-03-05
Libertador General Bernardo O'Higgins,6,Rancagua,6101,11,2020-03-06
Libertador General Bernardo O'Higgins,6,Rancagua,6101,1,2020-03-07
Libertador General Bernardo O'Higgins,6,Rancagua,6101,18,2020-03-09
Libertador General Bernardo O'Higgins,6,Rancagua,6101,6,2020-03-10
Libertador General Bernardo O'Higgins,6,Rancagua,6101,9,2020-03-11
Libertador General Bernardo O'Higgins,6,Rancagua,6101,8,2020-03-12
Libertador General Bernardo O'Higgins,6,Rancagua,6101,5,2020-03-13
Libertador General Bernardo O'Higgins,6,Rancagua,6101,1,2020-03-15
Libertador General Bernardo O'Higgins,6,Rancagua,6101,16,2020-03-16
Libertador General Bernardo O'Higgins,6,Rancagua,6101,8,2020-03-17
Libertador General Bernardo O'Higgins,6,Rancagua,6101,5,2020-03-18
Libertador General Bernardo O'Higgins,6,Rancagua,6101,7,2020-03-19
Libertador General Bernardo O'Higgins,6,Rancagua,6101,2,2020-03-20
Libertador General Bernardo O'Higgins,6,Rancagua,6101,10,2020-03-23
Libertador General Bernardo O'Higgins,6,Rancagua,6101,6,2020-03-24
Libertador General Bernardo O'Higgins,6,Rancagua,6101,7,2020-03-25
Libertador General Bernardo O'Higgins,6,Rancagua,6101,3,2020-03-26
Libertador General Bernardo O'Higgins,6,Rancagua,6101,2,2020-03-27
Libertador General Bernardo O'Higgins,6,Rancagua,6101,1,2020-03-29
Libertador General Bernardo O'Higgins,6,Rancagua,6101,16,2020-03-30
Libertador General Bernardo O'Higgins,6,Rancagua,6101,5,2020-03-31
Libertador General Bernardo O'Higgins,6,Rancagua,6101,12,2020-04-01
Libertador General Bernardo O'Higgins,6,Rancagua,6101,5,2020-04-02
Libertador General Bernardo O'Higgins,6,Rancagua,6101,7,2020-04-03
Libertador General Bernardo O'Higgins,6,Rancagua,6101,12,2020-04-06
Libertador General Bernardo O'Higgins,6,Rancagua,6101,7,2020-04-07
Libertador General Bernardo O'Higgins,6,Rancagua,6101,4,2020-04-08
Libertador General Bernardo O'Higgins,6,Rancagua,6101,4,2020-04-09
Libertador General Bernardo O'Higgins,6,Rancagua,6101,1,2020-04-12
Libertador General Bernardo O'Higgins,6,Rancagua,6101,8,2020-04-13
Libertador General Bernardo O'Higgins,6,Rancagua,6101,11,2020-04-14
Libertador General Bernardo O'Higgins,6,Rancagua,6101,9,2020-04-15
Libertador General Bernardo O'Higgins,6,Rancagua,6101,5,2020-04-16
Libertador General Bernardo O'Higgins,6,Rancagua,6101,2,2020-04-17
Libertador General Bernardo O'Higgins,6,Rancagua,6101,10,2020-04-20
Libertador General Bernardo O'Higgins,6,Rancagua,6101,14,2020-04-21
Libertador General Bernardo O'Higgins,6,Rancagua,6101,3,2020-04-22
Libertador General Bernardo O'Higgins,6,Rancagua,6101,5,2020-04-23
Libertador General Bernardo O'Higgins,6,Rancagua,6101,6,2020-04-24
Libertador General Bernardo O'Higgins,6,Rancagua,6101,1,2020-04-25
Libertador General Bernardo O'Higgins,6,Rancagua,6101,15,2020-04-27
Libertador General Bernardo O'Higgins,6,Rancagua,6101,6,2020-04-28
Libertador General Bernardo O'Higgins,6,Rancagua,6101,10,2020-04-29
Libertador General Bernardo O'Higgins,6,Rancagua,6101,6,2020-04-30
Libertador General Bernardo O'Higgins,6,Rancagua,6101,1,2020-05-01
Libertador General Bernardo O'Higgins,6,Rancagua,6101,2,2020-05-02
Libertador General Bernardo O'Higgins,6,Rancagua,6101,18,2020-05-04
Libertador General Bernardo O'Higgins,6,Rancagua,6101,4,2020-05-05
Libertador General Bernardo O'Higgins,6,Rancagua,6101,6,2020-05-06
Libertador General Bernardo O'Higgins,6,Rancagua,6101,3,2020-05-07
Libertador General Bernardo O'Higgins,6,Rancagua,6101,7,2020-05-08
Libertador General Bernardo O'Higgins,6,Rancagua,6101,1,2020-05-09
Libertador General Bernardo O'Higgins,6,Rancagua,6101,14,2020-05-11
Libertador General Bernardo O'Higgins,6,Rancagua,6101,8,2020-05-12
Libertador General Bernardo O'Higgins,6,Rancagua,6101,6,2020-05-13
Libertador General Bernardo O'Higgins,6,Rancagua,6101,4,2020-05-14
Libertador General Bernardo O'Higgins,6,Rancagua,6101,8,2020-05-15
Libertador General Bernardo O'Higgins,6,Rancagua,6101,1,2020-05-16
Libertador General Bernardo O'Higgins,6,Rancagua,6101,12,2020-05-18
Libertador General Bernardo O'Higgins,6,Rancagua,6101,13,2020-05-19
Libertador General Bernardo O'Higgins,6,Rancagua,6101,8,2020-05-20
Libertador General Bernardo O'Higgins,6,Rancagua,6101,7,2020-05-22
Libertador General Bernardo O'Higgins,6,Rancagua,6101,18,2020-05-25
Libertador General Bernardo O'Higgins,6,Rancagua,6101,6,2020-05-26
Libertador General Bernardo O'Higgins,6,Rancagua,6101,9,2020-05-27
Libertador General Bernardo O'Higgins,6,Rancagua,6101,4,2020-05-28
Libertador General Bernardo O'Higgins,6,Rancagua,6101,6,2020-05-29
Libertador General Bernardo O'Higgins,6,Rancagua,6101,1,2020-05-31
Libertador General Bernardo O'Higgins,6,Rancagua,6101,13,2020-06-01
Libertador General Bernardo O'Higgins,6,Rancagua,6101,10,2020-06-02
Libertador General Bernardo O'Higgins,6,Rancagua,6101,8,2020-06-03
Libertador General Bernardo O'Higgins,6,Rancagua,6101,9,2020-06-04
Libertador General Bernardo O'Higgins,6,Rancagua,6101,9,2020-06-05
Libertador General Bernardo O'Higgins,6,Rancagua,6101,2,2020-06-06
Libertador General Bernardo O'Higgins,6,Rancagua,6101,1,2020-06-07
Libertador General Bernardo O'Higgins,6,Rancagua,6101,20,2020-06-08
Libertador General Bernardo O'Higgins,6,Rancagua,6101,13,2020-06-09
Libertador General Bernardo O'Higgins,6,Rancagua,6101,7,2020-06-10
Libertador General Bernardo O'Higgins,6,Rancagua,6101,5,2020-06-11
Libertador General Bernardo O'Higgins,6,Rancagua,6101,6,2020-06-12
Libertador General Bernardo O'Higgins,6,Rancagua,6101,2,2020-06-13
Libertador General Bernardo O'Higgins,6,Rancagua,6101,1,2020-06-14
Libertador General Bernardo O'Higgins,6,Rancagua,6101,23,2020-06-15
Libertador General Bernardo O'Higgins,6,Rancagua,6101,7,2020-06-16
Libertador General Bernardo O'Higgins,6,Rancagua,6101,8,2020-06-17
Libertador General Bernardo O'Higgins,6,Rancagua,6101,10,2020-06-18
Libertador General Bernardo O'Higgins,6,Rancagua,6101,11,2020-06-19
Libertador General Bernardo O'Higgins,6,Rancagua,6101,1,2020-06-20
Libertador General Bernardo O'Higgins,6,Rancagua,6101,19,2020-06-22
Libertador General Bernardo O'Higgins,6,Rancagua,6101,10,2020-06-23
Libertador General Bernardo O'Higgins,6,Rancagua,6101,8,2020-06-24
Libertador General Bernardo O'Higgins,6,Rancagua,6101,7,2020-06-25
Libertador General Bernardo O'Higgins,6,Rancagua,6101,10,2020-06-26
Libertador General Bernardo O'Higgins,6,Rancagua,6101,3,2020-06-27
Libertador General Bernardo O'Higgins,6,Rancagua,6101,6,2020-06-28
Libertador General Bernardo O'Higgins,6,Rancagua,6101,28,2020-06-30
Libertador General Bernardo O'Higgins,6,Rancagua,6101,21,2020-07-01
Libertador General Bernardo O'Higgins,6,Rancagua,6101,13,2020-07-02
Libertador General Bernardo O'Higgins,6,Rancagua,6101,13,2020-07-03
Libertador General Bernardo O'Higgins,6,Rancagua,6101,2,2020-07-04
Libertador General Bernardo O'Higgins,6,Rancagua,6101,17,2020-07-06
Libertador General Bernardo O'Higgins,6,Rancagua,6101,9,2020-07-07
Libertador General Bernardo O'Higgins,6,Rancagua,6101,11,2020-07-08
Libertador General Bernardo O'Higgins,6,Rancagua,6101,14,2020-07-09
Libertador General Bernardo O'Higgins,6,Rancagua,6101,8,2020-07-10
Libertador General Bernardo O'Higgins,6,Rancagua,6101,2,2020-07-12
Libertador General Bernardo O'Higgins,6,Rancagua,6101,17,2020-07-13
Libertador General Bernardo O'Higgins,6,Rancagua,6101,8,2020-07-14
Libertador General Bernardo O'Higgins,6,Rancagua,6101,7,2020-07-15
Libertador General Bernardo O'Higgins,6,Rancagua,6101,12,2020-07-17
Libertador General Bernardo O'Higgins,6,Rancagua,6101,1,2020-07-18
Libertador General Bernardo O'Higgins,6,Rancagua,6101,22,2020-07-20
Libertador General Bernardo O'Higgins,6,Rancagua,6101,11,2020-07-21
Libertador General Bernardo O'Higgins,6,Rancagua,6101,11,2020-07-22
Libertador General Bernardo O'Higgins,6,Rancagua,6101,14,2020-07-23
Libertador General Bernardo O'Higgins,6,Rancagua,6101,9,2020-07-24
Libertador General Bernardo O'Higgins,6,Rancagua,6101,3,2020-07-25
Libertador General Bernardo O'Higgins,6,Rancagua,6101,1,2020-07-26
Libertador General Bernardo O'Higgins,6,Rancagua,6101,19,2020-07-27
Libertador General Bernardo O'Higgins,6,Rancagua,6101,21,2020-07-28
Libertador General Bernardo O'Higgins,6,Rancagua,6101,2,2020-07-29
Libertador General Bernardo O'Higgins,6,Rancagua,6101,6,2020-07-30
Libertador General Bernardo O'Higgins,6,Rancagua,6101,21,2020-07-31
Libertador General Bernardo O'Higgins,6,Rancagua,6101,1,2020-08-01
Libertador General Bernardo O'Higgins,6,Rancagua,6101,20,2020-08-03
Libertador General Bernardo O'Higgins,6,Rancagua,6101,6,2020-08-04
Libertador General Bernardo O'Higgins,6,Rancagua,6101,9,2020-08-05
Libertador General Bernardo O'Higgins,6,Rancagua,6101,3,2020-08-06
Libertador General Bernardo O'Higgins,6,Rancagua,6101,16,2020-08-07
Libertador General Bernardo O'Higgins,6,Rancagua,6101,1,2020-08-09
Libertador General Bernardo O'Higgins,6,Rancagua,6101,14,2020-08-10
Libertador General Bernardo O'Higgins,6,Rancagua,6101,11,2020-08-11
Libertador General Bernardo O'Higgins,6,Rancagua,6101,11,2020-08-12
Libertador General Bernardo O'Higgins,6,Rancagua,6101,5,2020-08-13
Libertador General Bernardo O'Higgins,6,Rancagua,6101,8,2020-08-14
Libertador General Bernardo O'Higgins,6,Rancagua,6101,1,2020-08-15
Libertador General Bernardo O'Higgins,6,Rancagua,6101,1,2020-08-16
Libertador General Bernardo O'Higgins,6,Rancagua,6101,18,2020-08-17
Libertador General Bernardo O'Higgins,6,Rancagua,6101,4,2020-08-18
Libertador General Bernardo O'Higgins,6,Rancagua,6101,6,2020-08-19
Libertador General Bernardo O'Higgins,6,Rancagua,6101,9,2020-08-20
Libertador General Bernardo O'Higgins,6,Rancagua,6101,6,2020-08-21
Libertador General Bernardo O'Higgins,6,Rancagua,6101,19,2020-08-24
Libertador General Bernardo O'Higgins,6,Rancagua,6101,11,2020-08-25
Libertador General Bernardo O'Higgins,6,Rancagua,6101,7,2020-08-26
Libertador General Bernardo O'Higgins,6,Rancagua,6101,11,2020-08-27
Libertador General Bernardo O'Higgins,6,Rancagua,6101,13,2020-08-28
Libertador General Bernardo O'Higgins,6,Rancagua,6101,3,2020-08-29
Libertador General Bernardo O'Higgins,6,Rancagua,6101,16,2020-08-31
Libertador General Bernardo O'Higgins,6,Rancagua,6101,5,2020-09-01
Libertador General Bernardo O'Higgins,6,Rancagua,6101,5,2020-09-02
Libertador General Bernardo O'Higgins,6,Rancagua,6101,11,2020-09-03
Libertador General Bernardo O'Higgins,6,Rancagua,6101,2,2020-09-04
Libertador General Bernardo O'Higgins,6,Rancagua,6101,6,2020-09-05
Libertador General Bernardo O'Higgins,6,Rancagua,6101,11,2020-09-07
Libertador General Bernardo O'Higgins,6,Rancagua,6101,7,2020-09-08
Libertador General Bernardo O'Higgins,6,Rancagua,6101,6,2020-09-09
Libertador General Bernardo O'Higgins,6,Rancagua,6101,8,2020-09-10
Libertador General Bernardo O'Higgins,6,Rancagua,6101,9,2020-09-11
Libertador General Bernardo O'Higgins,6,Rancagua,6101,2,2020-09-12
Libertador General Bernardo O'Higgins,6,Rancagua,6101,2,2020-09-13
Libertador General Bernardo O'Higgins,6,Rancagua,6101,24,2020-09-14
Libertador General Bernardo O'Higgins,6,Rancagua,6101,8,2020-09-15
Libertador General Bernardo O'Higgins,6,Rancagua,6101,6,2020-09-16
Libertador General Bernardo O'Higgins,6,Rancagua,6101,11,2020-09-17
Libertador General Bernardo O'Higgins,6,Rancagua,6101,4,2020-09-18
Libertador General Bernardo O'Higgins,6,Rancagua,6101,2,2020-09-19
Libertador General Bernardo O'Higgins,6,Rancagua,6101,2,2020-09-20
Libertador General Bernardo O'Higgins,6,Rancagua,6101,18,2020-09-21
Libertador General Bernardo O'Higgins,6,Rancagua,6101,10,2020-09-22
Libertador General Bernardo O'Higgins,6,Rancagua,6101,8,2020-09-23
Libertador General Bernardo O'Higgins,6,Rancagua,6101,6,2020-09-24
Libertador General Bernardo O'Higgins,6,Rancagua,6101,5,2020-09-25
Libertador General Bernardo O'Higgins,6,Rancagua,6101,2,2020-09-26
Libertador General Bernardo O'Higgins,6,Rancagua,6101,16,2020-09-28
Libertador General Bernardo O'Higgins,6,Rancagua,6101,3,2020-09-29
Libertador General Bernardo O'Higgins,6,Rancagua,6101,2,2020-09-30
Libertador General Bernardo O'Higgins,6,Rancagua,6101,2,2020-10-01
Libertador General Bernardo O'Higgins,6,Rancagua,6101,7,2020-10-02
Libertador General Bernardo O'Higgins,6,Rancagua,6101,3,2020-10-03
Libertador General Bernardo O'Higgins,6,Rancagua,6101,12,2020-10-05
Libertador General Bernardo O'Higgins,6,Rancagua,6101,12,2020-10-06
Libertador General Bernardo O'Higgins,6,Rancagua,6101,5,2020-10-07
Libertador General Bernardo O'Higgins,6,Rancagua,6101,4,2020-10-08
Libertador General Bernardo O'Higgins,6,Rancagua,6101,8,2020-10-09
Libertador General Bernardo O'Higgins,6,Rancagua,6101,1,2020-10-10
Libertador General Bernardo O'Higgins,6,Rancagua,6101,15,2020-10-13
Libertador General Bernardo O'Higgins,6,Rancagua,6101,10,2020-10-14
Libertador General Bernardo O'Higgins,6,Rancagua,6101,9,2020-10-15
Libertador General Bernardo O'Higgins,6,Rancagua,6101,5,2020-10-16
Libertador General Bernardo O'Higgins,6,Rancagua,6101,6,2020-10-17
Libertador General Bernardo O'Higgins,6,Rancagua,6101,12,2020-10-19
Libertador General Bernardo O'Higgins,6,Rancagua,6101,5,2020-10-20
Libertador General Bernardo O'Higgins,6,Rancagua,6101,8,2020-10-21
Libertador General Bernardo O'Higgins,6,Rancagua,6101,10,2020-10-22
Libertador General Bernardo O'Higgins,6,Rancagua,6101,8,2020-10-23
Libertador General Bernardo O'Higgins,6,Rancagua,6101,8,2020-10-24
Libertador General Bernardo O'Higgins,6,Rancagua,6101,12,2020-10-26
Libertador General Bernardo O'Higgins,6,Rancagua,6101,6,2020-10-27
Libertador General Bernardo O'Higgins,6,Rancagua,6101,6,2020-10-28
Libertador General Bernardo O'Higgins,6,Rancagua,6101,4,2020-10-29
Libertador General Bernardo O'Higgins,6,Rancagua,6101,7,2020-10-30
Libertador General Bernardo O'Higgins,6,Rancagua,6101,1,2020-10-31
Libertador General Bernardo O'Higgins,6,Rancagua,6101,16,2020-11-02
Libertador General Bernardo O'Higgins,6,Rancagua,6101,10,2020-11-03
Libertador General Bernardo O'Higgins,6,Rancagua,6101,6,2020-11-04
Libertador General Bernardo O'Higgins,6,Rancagua,6101,6,2020-11-05
Libertador General Bernardo O'Higgins,6,Rancagua,6101,5,2020-11-06
Libertador General Bernardo O'Higgins,6,Rancagua,6101,16,2020-11-09
Libertador General Bernardo O'Higgins,6,Rancagua,6101,10,2020-11-10
Libertador General Bernardo O'Higgins,6,Rancagua,6101,13,2020-11-11
Libertador General Bernardo O'Higgins,6,Rancagua,6101,8,2020-11-12
Libertador General Bernardo O'Higgins,6,Rancagua,6101,10,2020-11-13
Libertador General Bernardo O'Higgins,6,Rancagua,6101,10,2020-11-16
Libertador General Bernardo O'Higgins,6,Rancagua,6101,7,2020-11-17
Libertador General Bernardo O'Higgins,6,Rancagua,6101,5,2020-11-18
Libertador General Bernardo O'Higgins,6,Rancagua,6101,3,2020-11-19
Libertador General Bernardo O'Higgins,6,Rancagua,6101,6,2020-11-20
Libertador General Bernardo O'Higgins,6,Rancagua,6101,1,2020-11-21
Libertador General Bernardo O'Higgins,6,Rancagua,6101,1,2020-11-22
Libertador General Bernardo O'Higgins,6,Rancagua,6101,13,2020-11-23
Libertador General Bernardo O'Higgins,6,Rancagua,6101,11,2020-11-24
Libertador General Bernardo O'Higgins,6,Rancagua,6101,4,2020-11-25
Libertador General Bernardo O'Higgins,6,Rancagua,6101,4,2020-11-26
Libertador General Bernardo O'Higgins,6,Rancagua,6101,11,2020-11-27
Libertador General Bernardo O'Higgins,6,Rancagua,6101,1,2020-11-29
Libertador General Bernardo O'Higgins,6,Rancagua,6101,16,2020-11-30
Libertador General Bernardo O'Higgins,6,Rancagua,6101,5,2020-12-01
Libertador General Bernardo O'Higgins,6,Rancagua,6101,9,2020-12-02
Libertador General Bernardo O'Higgins,6,Rancagua,6101,2,2020-12-03
Libertador General Bernardo O'Higgins,6,Rancagua,6101,9,2020-12-04
Libertador General Bernardo O'Higgins,6,Rancagua,6101,17,2020-12-07
Libertador General Bernardo O'Higgins,6,Rancagua,6101,12,2020-12-09
Libertador General Bernardo O'Higgins,6,Rancagua,6101,7,2020-12-10
Libertador General Bernardo O'Higgins,6,Rancagua,6101,3,2020-12-11
Libertador General Bernardo O'Higgins,6,Rancagua,6101,1,2020-12-13
Libertador General Bernardo O'Higgins,6,Rancagua,6101,17,2020-12-14
Libertador General Bernardo O'Higgins,6,Rancagua,6101,6,2020-12-15
Libertador General Bernardo O'Higgins,6,Rancagua,6101,8,2020-12-16
Libertador General Bernardo O'Higgins,6,Rancagua,6101,6,2020-12-17
Libertador General Bernardo O'Higgins,6,Rancagua,6101,9,2020-12-18
Libertador General Bernardo O'Higgins,6,Rancagua,6101,18,2020-12-21
Libertador General Bernardo O'Higgins,6,Rancagua,6101,5,2020-12-22
Libertador General Bernardo O'Higgins,6,Rancagua,6101,12,2020-12-23
Libertador General Bernardo O'Higgins,6,Rancagua,6101,11,2020-12-24
Libertador General Bernardo O'Higgins,6,Rancagua,6101,5,2020-12-25
Libertador General Bernardo O'Higgins,6,Rancagua,6101,1,2020-12-26
Libertador General Bernardo O'Higgins,6,Rancagua,6101,20,2020-12-28
Libertador General Bernardo O'Higgins,6,Rancagua,6101,6,2020-12-29
Libertador General Bernardo O'Higgins,6,Rancagua,6101,12,2020-12-30
Libertador General Bernardo O'Higgins,6,Rancagua,6101,5,2020-12-31
Libertador General Bernardo O'Higgins,6,Rancagua,6101,3,2021-01-01
Libertador General Bernardo O'Higgins,6,Rancagua,6101,5,2021-01-02
Libertador General Bernardo O'Higgins,6,Rancagua,6101,20,2021-01-04
Libertador General Bernardo O'Higgins,6,Rancagua,6101,13,2021-01-05
Libertador General Bernardo O'Higgins,6,Rancagua,6101,8,2021-01-06
Libertador General Bernardo O'Higgins,6,Rancagua,6101,7,2021-01-07
Libertador General Bernardo O'Higgins,6,Rancagua,6101,6,2021-01-08
Libertador General Bernardo O'Higgins,6,Rancagua,6101,1,2021-01-09
Libertador General Bernardo O'Higgins,6,Rancagua,6101,20,2021-01-11
Libertador General Bernardo O'Higgins,6,Rancagua,6101,15,2021-01-12
Libertador General Bernardo O'Higgins,6,Rancagua,6101,3,2021-01-13
Libertador General Bernardo O'Higgins,6,Rancagua,6101,4,2021-01-14
Libertador General Bernardo O'Higgins,6,Codegua,6102,1,2020-01-03
Libertador General Bernardo O'Higgins,6,Codegua,6102,1,2020-01-07
Libertador General Bernardo O'Higgins,6,Codegua,6102,1,2020-01-14
Libertador General Bernardo O'Higgins,6,Codegua,6102,2,2020-01-20
Libertador General Bernardo O'Higgins,6,Codegua,6102,1,2020-02-04
Libertador General Bernardo O'Higgins,6,Codegua,6102,1,2020-02-21
Libertador General Bernardo O'Higgins,6,Codegua,6102,1,2020-03-02
Libertador General Bernardo O'Higgins,6,Codegua,6102,1,2020-03-09
Libertador General Bernardo O'Higgins,6,Codegua,6102,1,2020-03-23
Libertador General Bernardo O'Higgins,6,Codegua,6102,1,2020-03-31
Libertador General Bernardo O'Higgins,6,Codegua,6102,1,2020-04-22
Libertador General Bernardo O'Higgins,6,Codegua,6102,1,2020-04-25
Libertador General Bernardo O'Higgins,6,Codegua,6102,1,2020-04-30
Libertador General Bernardo O'Higgins,6,Codegua,6102,1,2020-05-08
Libertador General Bernardo O'Higgins,6,Codegua,6102,1,2020-05-13
Libertador General Bernardo O'Higgins,6,Codegua,6102,1,2020-05-19
Libertador General Bernardo O'Higgins,6,Codegua,6102,1,2020-05-20
Libertador General Bernardo O'Higgins,6,Codegua,6102,1,2020-05-25
Libertador General Bernardo O'Higgins,6,Codegua,6102,1,2020-05-28
Libertador General Bernardo O'Higgins,6,Codegua,6102,1,2020-05-29
Libertador General Bernardo O'Higgins,6,Codegua,6102,1,2020-06-04
Libertador General Bernardo O'Higgins,6,Codegua,6102,1,2020-06-05
Libertador General Bernardo O'Higgins,6,Codegua,6102,1,2020-06-10
Libertador General Bernardo O'Higgins,6,Codegua,6102,1,2020-06-15
Libertador General Bernardo O'Higgins,6,Codegua,6102,1,2020-07-09
Libertador General Bernardo O'Higgins,6,Codegua,6102,1,2020-07-15
Libertador General Bernardo O'Higgins,6,Codegua,6102,1,2020-07-24
Libertador General Bernardo O'Higgins,6,Codegua,6102,1,2020-07-25
Libertador General Bernardo O'Higgins,6,Codegua,6102,2,2020-07-29
Libertador General Bernardo O'Higgins,6,Codegua,6102,3,2020-08-03
Libertador General Bernardo O'Higgins,6,Codegua,6102,1,2020-08-05
Libertador General Bernardo O'Higgins,6,Codegua,6102,1,2020-08-07
Libertador General Bernardo O'Higgins,6,Codegua,6102,3,2020-08-10
Libertador General Bernardo O'Higgins,6,Codegua,6102,1,2020-08-12
Libertador General Bernardo O'Higgins,6,Codegua,6102,2,2020-08-19
Libertador General Bernardo O'Higgins,6,Codegua,6102,1,2020-09-08
Libertador General Bernardo O'Higgins,6,Codegua,6102,1,2020-10-07
Libertador General Bernardo O'Higgins,6,Codegua,6102,1,2020-10-14
Libertador General Bernardo O'Higgins,6,Codegua,6102,1,2020-10-15
Libertador General Bernardo O'Higgins,6,Codegua,6102,1,2020-10-16
Libertador General Bernardo O'Higgins,6,Codegua,6102,1,2020-11-06
Libertador General Bernardo O'Higgins,6,Codegua,6102,1,2020-11-09
Libertador General Bernardo O'Higgins,6,Codegua,6102,2,2020-11-17
Libertador General Bernardo O'Higgins,6,Codegua,6102,1,2020-11-26
Libertador General Bernardo O'Higgins,6,Codegua,6102,2,2020-11-30
Libertador General Bernardo O'Higgins,6,Codegua,6102,1,2020-12-21
Libertador General Bernardo O'Higgins,6,Codegua,6102,1,2020-12-28
Libertador General Bernardo O'Higgins,6,Codegua,6102,1,2021-01-08
Libertador General Bernardo O'Higgins,6,Codegua,6102,1,2021-01-11
Libertador General Bernardo O'Higgins,6,Coinco,6103,1,2020-01-09
Libertador General Bernardo O'Higgins,6,Coinco,6103,1,2020-01-27
Libertador General Bernardo O'Higgins,6,Coinco,6103,1,2020-02-04
Libertador General Bernardo O'Higgins,6,Coinco,6103,3,2020-02-17
Libertador General Bernardo O'Higgins,6,Coinco,6103,1,2020-02-20
Libertador General Bernardo O'Higgins,6,Coinco,6103,1,2020-02-23
Libertador General Bernardo O'Higgins,6,Coinco,6103,1,2020-03-02
Libertador General Bernardo O'Higgins,6,Coinco,6103,1,2020-03-04
Libertador General Bernardo O'Higgins,6,Coinco,6103,1,2020-03-13
Libertador General Bernardo O'Higgins,6,Coinco,6103,3,2020-03-30
Libertador General Bernardo O'Higgins,6,Coinco,6103,1,2020-04-07
Libertador General Bernardo O'Higgins,6,Coinco,6103,1,2020-04-14
Libertador General Bernardo O'Higgins,6,Coinco,6103,1,2020-04-21
Libertador General Bernardo O'Higgins,6,Coinco,6103,1,2020-04-24
Libertador General Bernardo O'Higgins,6,Coinco,6103,1,2020-04-28
Libertador General Bernardo O'Higgins,6,Coinco,6103,1,2020-05-25
Libertador General Bernardo O'Higgins,6,Coinco,6103,3,2020-05-28
Libertador General Bernardo O'Higgins,6,Coinco,6103,1,2020-05-30
Libertador General Bernardo O'Higgins,6,Coinco,6103,0,2020-06-02
Libertador General Bernardo O'Higgins,6,Coinco,6103,1,2020-06-15
Libertador General Bernardo O'Higgins,6,Coinco,6103,1,2020-06-18
Libertador General Bernardo O'Higgins,6,Coinco,6103,1,2020-07-02
Libertador General Bernardo O'Higgins,6,Coinco,6103,2,2020-07-30
Libertador General Bernardo O'Higgins,6,Coinco,6103,1,2020-08-12
Libertador General Bernardo O'Higgins,6,Coinco,6103,1,2020-08-21
Libertador General Bernardo O'Higgins,6,Coinco,6103,1,2020-08-24
Libertador General Bernardo O'Higgins,6,Coinco,6103,1,2020-09-01
Libertador General Bernardo O'Higgins,6,Coinco,6103,1,2020-09-04
Libertador General Bernardo O'Higgins,6,Coinco,6103,1,2020-09-11
Libertador General Bernardo O'Higgins,6,Coinco,6103,1,2020-09-14
Libertador General Bernardo O'Higgins,6,Coinco,6103,1,2020-09-18
Libertador General Bernardo O'Higgins,6,Coinco,6103,1,2020-09-23
Libertador General Bernardo O'Higgins,6,Coinco,6103,1,2020-09-28
Libertador General Bernardo O'Higgins,6,Coinco,6103,1,2020-10-05
Libertador General Bernardo O'Higgins,6,Coinco,6103,1,2020-10-08
Libertador General Bernardo O'Higgins,6,Coinco,6103,1,2020-10-13
Libertador General Bernardo O'Higgins,6,Coinco,6103,1,2020-10-19
Libertador General Bernardo O'Higgins,6,Coinco,6103,1,2020-10-29
Libertador General Bernardo O'Higgins,6,Coinco,6103,1,2020-10-30
Libertador General Bernardo O'Higgins,6,Coinco,6103,1,2020-11-02
Libertador General Bernardo O'Higgins,6,Coinco,6103,1,2020-11-07
Libertador General Bernardo O'Higgins,6,Coinco,6103,1,2020-11-09
Libertador General Bernardo O'Higgins,6,Coinco,6103,2,2020-11-11
Libertador General Bernardo O'Higgins,6,Coinco,6103,1,2020-11-12
Libertador General Bernardo O'Higgins,6,Coinco,6103,1,2020-11-19
Libertador General Bernardo O'Higgins,6,Coinco,6103,1,2020-11-21
Libertador General Bernardo O'Higgins,6,Coinco,6103,1,2020-11-26
Libertador General Bernardo O'Higgins,6,Coinco,6103,1,2020-11-27
Libertador General Bernardo O'Higgins,6,Coinco,6103,1,2020-12-06
Libertador General Bernardo O'Higgins,6,Coinco,6103,1,2020-12-07
Libertador General Bernardo O'Higgins,6,Coinco,6103,1,2020-12-09
Libertador General Bernardo O'Higgins,6,Coinco,6103,1,2020-12-15
Libertador General Bernardo O'Higgins,6,Coinco,6103,1,2020-12-23
Libertador General Bernardo O'Higgins,6,Coinco,6103,1,2021-01-04
Libertador General Bernardo O'Higgins,6,Coinco,6103,2,2021-01-11
Libertador General Bernardo O'Higgins,6,Coinco,6103,1,2021-01-13
Libertador General Bernardo O'Higgins,6,Coltauco,6104,2,2020-01-10
Libertador General Bernardo O'Higgins,6,Coltauco,6104,2,2020-01-14
Libertador General Bernardo O'Higgins,6,Coltauco,6104,1,2020-01-23
Libertador General Bernardo O'Higgins,6,Coltauco,6104,1,2020-01-28
Libertador General Bernardo O'Higgins,6,Coltauco,6104,1,2020-01-30
Libertador General Bernardo O'Higgins,6,Coltauco,6104,1,2020-02-06
Libertador General Bernardo O'Higgins,6,Coltauco,6104,1,2020-02-07
Libertador General Bernardo O'Higgins,6,Coltauco,6104,1,2020-02-10
Libertador General Bernardo O'Higgins,6,Coltauco,6104,2,2020-02-12
Libertador General Bernardo O'Higgins,6,Coltauco,6104,1,2020-02-24
Libertador General Bernardo O'Higgins,6,Coltauco,6104,1,2020-03-26
Libertador General Bernardo O'Higgins,6,Coltauco,6104,1,2020-03-31
Libertador General Bernardo O'Higgins,6,Coltauco,6104,1,2020-04-10
Libertador General Bernardo O'Higgins,6,Coltauco,6104,1,2020-04-13
Libertador General Bernardo O'Higgins,6,Coltauco,6104,1,2020-04-27
Libertador General Bernardo O'Higgins,6,Coltauco,6104,1,2020-04-30
Libertador General Bernardo O'Higgins,6,Coltauco,6104,2,2020-05-11
Libertador General Bernardo O'Higgins,6,Coltauco,6104,2,2020-05-15
Libertador General Bernardo O'Higgins,6,Coltauco,6104,1,2020-05-18
Libertador General Bernardo O'Higgins,6,Coltauco,6104,2,2020-05-25
Libertador General Bernardo O'Higgins,6,Coltauco,6104,1,2020-06-02
Libertador General Bernardo O'Higgins,6,Coltauco,6104,2,2020-06-08
Libertador General Bernardo O'Higgins,6,Coltauco,6104,2,2020-06-16
Libertador General Bernardo O'Higgins,6,Coltauco,6104,2,2020-06-22
Libertador General Bernardo O'Higgins,6,Coltauco,6104,2,2020-06-25
Libertador General Bernardo O'Higgins,6,Coltauco,6104,1,2020-06-26
Libertador General Bernardo O'Higgins,6,Coltauco,6104,1,2020-06-30
Libertador General Bernardo O'Higgins,6,Coltauco,6104,2,2020-07-02
Libertador General Bernardo O'Higgins,6,Coltauco,6104,3,2020-07-07
Libertador General Bernardo O'Higgins,6,Coltauco,6104,2,2020-07-13
Libertador General Bernardo O'Higgins,6,Coltauco,6104,1,2020-07-17
Libertador General Bernardo O'Higgins,6,Coltauco,6104,2,2020-07-20
Libertador General Bernardo O'Higgins,6,Coltauco,6104,1,2020-07-21
Libertador General Bernardo O'Higgins,6,Coltauco,6104,1,2020-07-27
Libertador General Bernardo O'Higgins,6,Coltauco,6104,1,2020-07-30
Libertador General Bernardo O'Higgins,6,Coltauco,6104,1,2020-07-31
Libertador General Bernardo O'Higgins,6,Coltauco,6104,2,2020-08-03
Libertador General Bernardo O'Higgins,6,Coltauco,6104,1,2020-08-05
Libertador General Bernardo O'Higgins,6,Coltauco,6104,1,2020-08-06
Libertador General Bernardo O'Higgins,6,Coltauco,6104,1,2020-08-07
Libertador General Bernardo O'Higgins,6,Coltauco,6104,0,2020-08-11
Libertador General Bernardo O'Higgins,6,Coltauco,6104,1,2020-08-12
Libertador General Bernardo O'Higgins,6,Coltauco,6104,1,2020-08-14
Libertador General Bernardo O'Higgins,6,Coltauco,6104,2,2020-08-17
Libertador General Bernardo O'Higgins,6,Coltauco,6104,1,2020-08-22
Libertador General Bernardo O'Higgins,6,Coltauco,6104,2,2020-08-26
Libertador General Bernardo O'Higgins,6,Coltauco,6104,2,2020-08-31
Libertador General Bernardo O'Higgins,6,Coltauco,6104,1,2020-09-11
Libertador General Bernardo O'Higgins,6,Coltauco,6104,3,2020-09-15
Libertador General Bernardo O'Higgins,6,Coltauco,6104,1,2020-09-28
Libertador General Bernardo O'Higgins,6,Coltauco,6104,1,2020-10-02
Libertador General Bernardo O'Higgins,6,Coltauco,6104,1,2020-10-13
Libertador General Bernardo O'Higgins,6,Coltauco,6104,1,2020-10-15
Libertador General Bernardo O'Higgins,6,Coltauco,6104,1,2020-11-02
Libertador General Bernardo O'Higgins,6,Coltauco,6104,2,2020-11-10
Libertador General Bernardo O'Higgins,6,Coltauco,6104,1,2020-11-12
Libertador General Bernardo O'Higgins,6,Coltauco,6104,1,2020-11-13
Libertador General Bernardo O'Higgins,6,Coltauco,6104,1,2020-11-16
Libertador General Bernardo O'Higgins,6,Coltauco,6104,2,2020-11-17
Libertador General Bernardo O'Higgins,6,Coltauco,6104,1,2020-11-18
Libertador General Bernardo O'Higgins,6,Coltauco,6104,1,2020-11-25
Libertador General Bernardo O'Higgins,6,Coltauco,6104,1,2020-12-07
Libertador General Bernardo O'Higgins,6,Coltauco,6104,1,2020-12-21
Libertador General Bernardo O'Higgins,6,Coltauco,6104,1,2020-12-22
Libertador General Bernardo O'Higgins,6,Coltauco,6104,1,2021-01-04
Libertador General Bernardo O'Higgins,6,Coltauco,6104,1,2021-01-06
Libertador General Bernardo O'Higgins,6,Doñihue,6105,1,2020-01-02
Libertador General Bernardo O'Higgins,6,Doñihue,6105,1,2020-01-06
Libertador General Bernardo O'Higgins,6,Doñihue,6105,1,2020-02-03
Libertador General Bernardo O'Higgins,6,Doñihue,6105,1,2020-02-17
Libertador General Bernardo O'Higgins,6,Doñihue,6105,1,2020-02-21
Libertador General Bernardo O'Higgins,6,Doñihue,6105,2,2020-02-24
Libertador General Bernardo O'Higgins,6,Doñihue,6105,1,2020-03-03
Libertador General Bernardo O'Higgins,6,Doñihue,6105,1,2020-03-18
Libertador General Bernardo O'Higgins,6,Doñihue,6105,1,2020-03-19
Libertador General Bernardo O'Higgins,6,Doñihue,6105,1,2020-03-23
Libertador General Bernardo O'Higgins,6,Doñihue,6105,1,2020-03-31
Libertador General Bernardo O'Higgins,6,Doñihue,6105,1,2020-04-06
Libertador General Bernardo O'Higgins,6,Doñihue,6105,1,2020-04-20
Libertador General Bernardo O'Higgins,6,Doñihue,6105,1,2020-04-23
Libertador General Bernardo O'Higgins,6,Doñihue,6105,1,2020-05-05
Libertador General Bernardo O'Higgins,6,Doñihue,6105,2,2020-05-11
Libertador General Bernardo O'Higgins,6,Doñihue,6105,1,2020-05-20
Libertador General Bernardo O'Higgins,6,Doñihue,6105,1,2020-05-27
Libertador General Bernardo O'Higgins,6,Doñihue,6105,1,2020-06-01
Libertador General Bernardo O'Higgins,6,Doñihue,6105,1,2020-06-08
Libertador General Bernardo O'Higgins,6,Doñihue,6105,1,2020-06-10
Libertador General Bernardo O'Higgins,6,Doñihue,6105,1,2020-06-15
Libertador General Bernardo O'Higgins,6,Doñihue,6105,1,2020-06-17
Libertador General Bernardo O'Higgins,6,Doñihue,6105,1,2020-06-18
Libertador General Bernardo O'Higgins,6,Doñihue,6105,1,2020-06-19
Libertador General Bernardo O'Higgins,6,Doñihue,6105,1,2020-06-26
Libertador General Bernardo O'Higgins,6,Doñihue,6105,1,2020-07-02
Libertador General Bernardo O'Higgins,6,Doñihue,6105,3,2020-07-07
Libertador General Bernardo O'Higgins,6,Doñihue,6105,1,2020-07-09
Libertador General Bernardo O'Higgins,6,Doñihue,6105,1,2020-07-10
Libertador General Bernardo O'Higgins,6,Doñihue,6105,1,2020-07-14
Libertador General Bernardo O'Higgins,6,Doñihue,6105,1,2020-07-15
Libertador General Bernardo O'Higgins,6,Doñihue,6105,1,2020-07-17
Libertador General Bernardo O'Higgins,6,Doñihue,6105,1,2020-07-20
Libertador General Bernardo O'Higgins,6,Doñihue,6105,1,2020-07-22
Libertador General Bernardo O'Higgins,6,Doñihue,6105,1,2020-07-27
Libertador General Bernardo O'Higgins,6,Doñihue,6105,1,2020-07-30
Libertador General Bernardo O'Higgins,6,Doñihue,6105,1,2020-07-31
Libertador General Bernardo O'Higgins,6,Doñihue,6105,1,2020-08-03
Libertador General Bernardo O'Higgins,6,Doñihue,6105,2,2020-08-04
Libertador General Bernardo O'Higgins,6,Doñihue,6105,1,2020-08-05
Libertador General Bernardo O'Higgins,6,Doñihue,6105,1,2020-08-06
Libertador General Bernardo O'Higgins,6,Doñihue,6105,1,2020-08-07
Libertador General Bernardo O'Higgins,6,Doñihue,6105,1,2020-08-10
Libertador General Bernardo O'Higgins,6,Doñihue,6105,1,2020-08-12
Libertador General Bernardo O'Higgins,6,Doñihue,6105,1,2020-08-17
Libertador General Bernardo O'Higgins,6,Doñihue,6105,1,2020-08-31
Libertador General Bernardo O'Higgins,6,Doñihue,6105,1,2020-09-02
Libertador General Bernardo O'Higgins,6,Doñihue,6105,1,2020-09-07
Libertador General Bernardo O'Higgins,6,Doñihue,6105,1,2020-09-14
Libertador General Bernardo O'Higgins,6,Doñihue,6105,1,2020-09-18
Libertador General Bernardo O'Higgins,6,Doñihue,6105,1,2020-09-21
Libertador General Bernardo O'Higgins,6,Doñihue,6105,1,2020-09-24
Libertador General Bernardo O'Higgins,6,Doñihue,6105,2,2020-09-25
Libertador General Bernardo O'Higgins,6,Doñihue,6105,1,2020-09-29
Libertador General Bernardo O'Higgins,6,Doñihue,6105,1,2020-10-02
Libertador General Bernardo O'Higgins,6,Doñihue,6105,1,2020-10-05
Libertador General Bernardo O'Higgins,6,Doñihue,6105,1,2020-10-14
Libertador General Bernardo O'Higgins,6,Doñihue,6105,1,2020-10-15
Libertador General Bernardo O'Higgins,6,Doñihue,6105,2,2020-10-23
Libertador General Bernardo O'Higgins,6,Doñihue,6105,1,2020-11-07
Libertador General Bernardo O'Higgins,6,Doñihue,6105,1,2020-11-09
Libertador General Bernardo O'Higgins,6,Doñihue,6105,1,2020-11-19
Libertador General Bernardo O'Higgins,6,Doñihue,6105,1,2020-11-25
Libertador General Bernardo O'Higgins,6,Doñihue,6105,1,2020-11-27
Libertador General Bernardo O'Higgins,6,Doñihue,6105,2,2020-12-02
Libertador General Bernardo O'Higgins,6,Doñihue,6105,1,2020-12-09
Libertador General Bernardo O'Higgins,6,Doñihue,6105,1,2020-12-29
Libertador General Bernardo O'Higgins,6,Graneros,6106,2,2020-01-02
Libertador General Bernardo O'Higgins,6,Graneros,6106,2,2020-01-03
Libertador General Bernardo O'Higgins,6,Graneros,6106,1,2020-01-07
Libertador General Bernardo O'Higgins,6,Graneros,6106,1,2020-01-08
Libertador General Bernardo O'Higgins,6,Graneros,6106,3,2020-01-10
Libertador General Bernardo O'Higgins,6,Graneros,6106,2,2020-01-13
Libertador General Bernardo O'Higgins,6,Graneros,6106,1,2020-01-14
Libertador General Bernardo O'Higgins,6,Graneros,6106,1,2020-01-17
Libertador General Bernardo O'Higgins,6,Graneros,6106,2,2020-01-21
Libertador General Bernardo O'Higgins,6,Graneros,6106,1,2020-01-23
Libertador General Bernardo O'Higgins,6,Graneros,6106,1,2020-01-29
Libertador General Bernardo O'Higgins,6,Graneros,6106,2,2020-01-31
Libertador General Bernardo O'Higgins,6,Graneros,6106,3,2020-02-03
Libertador General Bernardo O'Higgins,6,Graneros,6106,2,2020-02-04
Libertador General Bernardo O'Higgins,6,Graneros,6106,3,2020-02-05
Libertador General Bernardo O'Higgins,6,Graneros,6106,1,2020-02-13
Libertador General Bernardo O'Higgins,6,Graneros,6106,1,2020-02-14
Libertador General Bernardo O'Higgins,6,Graneros,6106,1,2020-02-19
Libertador General Bernardo O'Higgins,6,Graneros,6106,1,2020-02-24
Libertador General Bernardo O'Higgins,6,Graneros,6106,1,2020-02-26
Libertador General Bernardo O'Higgins,6,Graneros,6106,1,2020-02-27
Libertador General Bernardo O'Higgins,6,Graneros,6106,1,2020-02-28
Libertador General Bernardo O'Higgins,6,Graneros,6106,2,2020-03-03
Libertador General Bernardo O'Higgins,6,Graneros,6106,1,2020-03-06
Libertador General Bernardo O'Higgins,6,Graneros,6106,1,2020-03-09
Libertador General Bernardo O'Higgins,6,Graneros,6106,1,2020-03-10
Libertador General Bernardo O'Higgins,6,Graneros,6106,3,2020-03-13
Libertador General Bernardo O'Higgins,6,Graneros,6106,1,2020-03-16
Libertador General Bernardo O'Higgins,6,Graneros,6106,1,2020-03-17
Libertador General Bernardo O'Higgins,6,Graneros,6106,1,2020-03-18
Libertador General Bernardo O'Higgins,6,Graneros,6106,1,2020-03-20
Libertador General Bernardo O'Higgins,6,Graneros,6106,1,2020-03-23
Libertador General Bernardo O'Higgins,6,Graneros,6106,1,2020-03-24
Libertador General Bernardo O'Higgins,6,Graneros,6106,1,2020-03-26
Libertador General Bernardo O'Higgins,6,Graneros,6106,1,2020-03-30
Libertador General Bernardo O'Higgins,6,Graneros,6106,2,2020-03-31
Libertador General Bernardo O'Higgins,6,Graneros,6106,4,2020-04-13
Libertador General Bernardo O'Higgins,6,Graneros,6106,1,2020-04-16
Libertador General Bernardo O'Higgins,6,Graneros,6106,3,2020-04-17
Libertador General Bernardo O'Higgins,6,Graneros,6106,4,2020-04-20
Libertador General Bernardo O'Higgins,6,Graneros,6106,1,2020-04-23
Libertador General Bernardo O'Higgins,6,Graneros,6106,1,2020-04-27
Libertador General Bernardo O'Higgins,6,Graneros,6106,2,2020-04-30
Libertador General Bernardo O'Higgins,6,Graneros,6106,1,2020-05-04
Libertador General Bernardo O'Higgins,6,Graneros,6106,1,2020-05-11
Libertador General Bernardo O'Higgins,6,Graneros,6106,2,2020-05-13
Libertador General Bernardo O'Higgins,6,Graneros,6106,1,2020-05-18
Libertador General Bernardo O'Higgins,6,Graneros,6106,1,2020-05-19
Libertador General Bernardo O'Higgins,6,Graneros,6106,3,2020-05-22
Libertador General Bernardo O'Higgins,6,Graneros,6106,2,2020-05-27
Libertador General Bernardo O'Higgins,6,Graneros,6106,1,2020-05-28
Libertador General Bernardo O'Higgins,6,Graneros,6106,1,2020-06-02
Libertador General Bernardo O'Higgins,6,Graneros,6106,1,2020-06-03
Libertador General Bernardo O'Higgins,6,Graneros,6106,1,2020-06-07
Libertador General Bernardo O'Higgins,6,Graneros,6106,5,2020-06-09
Libertador General Bernardo O'Higgins,6,Graneros,6106,1,2020-06-10
Libertador General Bernardo O'Higgins,6,Graneros,6106,1,2020-06-12
Libertador General Bernardo O'Higgins,6,Graneros,6106,1,2020-06-13
Libertador General Bernardo O'Higgins,6,Graneros,6106,2,2020-06-15
Libertador General Bernardo O'Higgins,6,Graneros,6106,1,2020-06-16
Libertador General Bernardo O'Higgins,6,Graneros,6106,2,2020-06-18
Libertador General Bernardo O'Higgins,6,Graneros,6106,2,2020-06-22
Libertador General Bernardo O'Higgins,6,Graneros,6106,1,2020-06-24
Libertador General Bernardo O'Higgins,6,Graneros,6106,2,2020-06-25
Libertador General Bernardo O'Higgins,6,Graneros,6106,4,2020-06-26
Libertador General Bernardo O'Higgins,6,Graneros,6106,1,2020-06-27
Libertador General Bernardo O'Higgins,6,Graneros,6106,5,2020-06-30
Libertador General Bernardo O'Higgins,6,Graneros,6106,1,2020-07-02
Libertador General Bernardo O'Higgins,6,Graneros,6106,2,2020-07-03
Libertador General Bernardo O'Higgins,6,Graneros,6106,2,2020-07-06
Libertador General Bernardo O'Higgins,6,Graneros,6106,1,2020-07-07
Libertador General Bernardo O'Higgins,6,Graneros,6106,5,2020-07-20
Libertador General Bernardo O'Higgins,6,Graneros,6106,1,2020-07-24
Libertador General Bernardo O'Higgins,6,Graneros,6106,1,2020-07-27
Libertador General Bernardo O'Higgins,6,Graneros,6106,3,2020-07-30
Libertador General Bernardo O'Higgins,6,Graneros,6106,1,2020-08-03
Libertador General Bernardo O'Higgins,6,Graneros,6106,1,2020-08-04
Libertador General Bernardo O'Higgins,6,Graneros,6106,2,2020-08-05
Libertador General Bernardo O'Higgins,6,Graneros,6106,1,2020-08-08
Libertador General Bernardo O'Higgins,6,Graneros,6106,1,2020-08-11
Libertador General Bernardo O'Higgins,6,Graneros,6106,2,2020-08-13
Libertador General Bernardo O'Higgins,6,Graneros,6106,1,2020-08-17
Libertador General Bernardo O'Higgins,6,Graneros,6106,1,2020-08-19
Libertador General Bernardo O'Higgins,6,Graneros,6106,2,2020-08-24
Libertador General Bernardo O'Higgins,6,Graneros,6106,1,2020-08-26
Libertador General Bernardo O'Higgins,6,Graneros,6106,1,2020-08-28
Libertador General Bernardo O'Higgins,6,Graneros,6106,1,2020-09-01
Libertador General Bernardo O'Higgins,6,Graneros,6106,1,2020-09-02
Libertador General Bernardo O'Higgins,6,Graneros,6106,2,2020-09-09
Libertador General Bernardo O'Higgins,6,Graneros,6106,1,2020-09-10
Libertador General Bernardo O'Higgins,6,Graneros,6106,1,2020-09-11
Libertador General Bernardo O'Higgins,6,Graneros,6106,2,2020-09-14
Libertador General Bernardo O'Higgins,6,Graneros,6106,1,2020-09-15
Libertador General Bernardo O'Higgins,6,Graneros,6106,1,2020-09-18
Libertador General Bernardo O'Higgins,6,Graneros,6106,1,2020-09-21
Libertador General Bernardo O'Higgins,6,Graneros,6106,3,2020-09-24
Libertador General Bernardo O'Higgins,6,Graneros,6106,2,2020-09-25
Libertador General Bernardo O'Higgins,6,Graneros,6106,2,2020-09-28
Libertador General Bernardo O'Higgins,6,Graneros,6106,1,2020-09-29
Libertador General Bernardo O'Higgins,6,Graneros,6106,1,2020-09-30
Libertador General Bernardo O'Higgins,6,Graneros,6106,1,2020-10-01
Libertador General Bernardo O'Higgins,6,Graneros,6106,1,2020-10-02
Libertador General Bernardo O'Higgins,6,Graneros,6106,3,2020-10-13
Libertador General Bernardo O'Higgins,6,Graneros,6106,1,2020-10-15
Libertador General Bernardo O'Higgins,6,Graneros,6106,2,2020-10-16
Libertador General Bernardo O'Higgins,6,Graneros,6106,4,2020-10-19
Libertador General Bernardo O'Higgins,6,Graneros,6106,1,2020-10-23
Libertador General Bernardo O'Higgins,6,Graneros,6106,1,2020-10-27
Libertador General Bernardo O'Higgins,6,Graneros,6106,2,2020-11-02
Libertador General Bernardo O'Higgins,6,Graneros,6106,1,2020-11-03
Libertador General Bernardo O'Higgins,6,Graneros,6106,1,2020-11-04
Libertador General Bernardo O'Higgins,6,Graneros,6106,1,2020-11-08
Libertador General Bernardo O'Higgins,6,Graneros,6106,1,2020-11-09
Libertador General Bernardo O'Higgins,6,Graneros,6106,1,2020-11-10
Libertador General Bernardo O'Higgins,6,Graneros,6106,1,2020-11-13
Libertador General Bernardo O'Higgins,6,Graneros,6106,1,2020-11-17
Libertador General Bernardo O'Higgins,6,Graneros,6106,1,2020-11-19
Libertador General Bernardo O'Higgins,6,Graneros,6106,1,2020-11-26
Libertador General Bernardo O'Higgins,6,Graneros,6106,1,2020-11-30
Libertador General Bernardo O'Higgins,6,Graneros,6106,1,2020-12-01
Libertador General Bernardo O'Higgins,6,Graneros,6106,1,2020-12-07
Libertador General Bernardo O'Higgins,6,Graneros,6106,1,2020-12-09
Libertador General Bernardo O'Higgins,6,Graneros,6106,1,2020-12-15
Libertador General Bernardo O'Higgins,6,Graneros,6106,1,2020-12-18
Libertador General Bernardo O'Higgins,6,Graneros,6106,2,2020-12-21
Libertador General Bernardo O'Higgins,6,Graneros,6106,2,2020-12-23
Libertador General Bernardo O'Higgins,6,Graneros,6106,1,2020-12-24
Libertador General Bernardo O'Higgins,6,Graneros,6106,2,2020-12-28
Libertador General Bernardo O'Higgins,6,Graneros,6106,1,2020-12-30
Libertador General Bernardo O'Higgins,6,Graneros,6106,1,2021-01-04
Libertador General Bernardo O'Higgins,6,Graneros,6106,1,2021-01-05
Libertador General Bernardo O'Higgins,6,Graneros,6106,1,2021-01-08
Libertador General Bernardo O'Higgins,6,Graneros,6106,1,2021-01-11
Libertador General Bernardo O'Higgins,6,Graneros,6106,1,2021-01-12
Libertador General Bernardo O'Higgins,6,Graneros,6106,1,2021-01-13
Libertador General Bernardo O'Higgins,6,Las Cabras,6107,1,2020-01-03
Libertador General Bernardo O'Higgins,6,Las Cabras,6107,1,2020-01-10
Libertador General Bernardo O'Higgins,6,Las Cabras,6107,1,2020-01-13
Libertador General Bernardo O'Higgins,6,Las Cabras,6107,1,2020-01-17
Libertador General Bernardo O'Higgins,6,Las Cabras,6107,1,2020-01-20
Libertador General Bernardo O'Higgins,6,Las Cabras,6107,2,2020-01-21
Libertador General Bernardo O'Higgins,6,Las Cabras,6107,1,2020-01-23
Libertador General Bernardo O'Higgins,6,Las Cabras,6107,1,2020-02-03
Libertador General Bernardo O'Higgins,6,Las Cabras,6107,2,2020-02-10
Libertador General Bernardo O'Higgins,6,Las Cabras,6107,1,2020-02-17
Libertador General Bernardo O'Higgins,6,Las Cabras,6107,1,2020-02-18
Libertador General Bernardo O'Higgins,6,Las Cabras,6107,2,2020-02-24
Libertador General Bernardo O'Higgins,6,Las Cabras,6107,1,2020-02-28
Libertador General Bernardo O'Higgins,6,Las Cabras,6107,2,2020-03-09
Libertador General Bernardo O'Higgins,6,Las Cabras,6107,1,2020-03-10
Libertador General Bernardo O'Higgins,6,Las Cabras,6107,1,2020-03-19
Libertador General Bernardo O'Higgins,6,Las Cabras,6107,1,2020-03-21
Libertador General Bernardo O'Higgins,6,Las Cabras,6107,1,2020-03-24
Libertador General Bernardo O'Higgins,6,Las Cabras,6107,3,2020-03-27
Libertador General Bernardo O'Higgins,6,Las Cabras,6107,2,2020-03-30
Libertador General Bernardo O'Higgins,6,Las Cabras,6107,2,2020-04-02
Libertador General Bernardo O'Higgins,6,Las Cabras,6107,1,2020-04-03
Libertador General Bernardo O'Higgins,6,Las Cabras,6107,2,2020-04-06
Libertador General Bernardo O'Higgins,6,Las Cabras,6107,1,2020-04-09
Libertador General Bernardo O'Higgins,6,Las Cabras,6107,1,2020-04-13
Libertador General Bernardo O'Higgins,6,Las Cabras,6107,1,2020-04-15
Libertador General Bernardo O'Higgins,6,Las Cabras,6107,1,2020-04-20
Libertador General Bernardo O'Higgins,6,Las Cabras,6107,1,2020-05-04
Libertador General Bernardo O'Higgins,6,Las Cabras,6107,1,2020-05-07
Libertador General Bernardo O'Higgins,6,Las Cabras,6107,3,2020-05-11
Libertador General Bernardo O'Higgins,6,Las Cabras,6107,1,2020-05-14
Libertador General Bernardo O'Higgins,6,Las Cabras,6107,2,2020-05-15
Libertador General Bernardo O'Higgins,6,Las Cabras,6107,1,2020-05-18
Libertador General Bernardo O'Higgins,6,Las Cabras,6107,1,2020-05-27
Libertador General Bernardo O'Higgins,6,Las Cabras,6107,1,2020-06-01
Libertador General Bernardo O'Higgins,6,Las Cabras,6107,1,2020-06-02
Libertador General Bernardo O'Higgins,6,Las Cabras,6107,2,2020-06-04
Libertador General Bernardo O'Higgins,6,Las Cabras,6107,1,2020-06-11
Libertador General Bernardo O'Higgins,6,Las Cabras,6107,1,2020-06-12
Libertador General Bernardo O'Higgins,6,Las Cabras,6107,4,2020-06-15
Libertador General Bernardo O'Higgins,6,Las Cabras,6107,1,2020-06-25
Libertador General Bernardo O'Higgins,6,Las Cabras,6107,1,2020-06-26
Libertador General Bernardo O'Higgins,6,Las Cabras,6107,1,2020-07-01
Libertador General Bernardo O'Higgins,6,Las Cabras,6107,1,2020-07-03
Libertador General Bernardo O'Higgins,6,Las Cabras,6107,3,2020-07-06
Libertador General Bernardo O'Higgins,6,Las Cabras,6107,1,2020-07-07
Libertador General Bernardo O'Higgins,6,Las Cabras,6107,1,2020-07-13
Libertador General Bernardo O'Higgins,6,Las Cabras,6107,1,2020-07-14
Libertador General Bernardo O'Higgins,6,Las Cabras,6107,1,2020-07-17
Libertador General Bernardo O'Higgins,6,Las Cabras,6107,1,2020-07-24
Libertador General Bernardo O'Higgins,6,Las Cabras,6107,4,2020-07-27
Libertador General Bernardo O'Higgins,6,Las Cabras,6107,1,2020-08-03
Libertador General Bernardo O'Higgins,6,Las Cabras,6107,1,2020-08-04
Libertador General Bernardo O'Higgins,6,Las Cabras,6107,1,2020-08-06
Libertador General Bernardo O'Higgins,6,Las Cabras,6107,1,2020-08-10
Libertador General Bernardo O'Higgins,6,Las Cabras,6107,1,2020-08-13
Libertador General Bernardo O'Higgins,6,Las Cabras,6107,1,2020-08-17
Libertador General Bernardo O'Higgins,6,Las Cabras,6107,1,2020-08-21
Libertador General Bernardo O'Higgins,6,Las Cabras,6107,1,2020-08-24
Libertador General Bernardo O'Higgins,6,Las Cabras,6107,2,2020-08-31
Libertador General Bernardo O'Higgins,6,Las Cabras,6107,1,2020-09-07
Libertador General Bernardo O'Higgins,6,Las Cabras,6107,1,2020-09-24
Libertador General Bernardo O'Higgins,6,Las Cabras,6107,1,2020-09-25
Libertador General Bernardo O'Higgins,6,Las Cabras,6107,1,2020-09-29
Libertador General Bernardo O'Higgins,6,Las Cabras,6107,1,2020-10-01
Libertador General Bernardo O'Higgins,6,Las Cabras,6107,2,2020-10-02
Libertador General Bernardo O'Higgins,6,Las Cabras,6107,1,2020-10-05
Libertador General Bernardo O'Higgins,6,Las Cabras,6107,1,2020-10-09
Libertador General Bernardo O'Higgins,6,Las Cabras,6107,2,2020-10-14
Libertador General Bernardo O'Higgins,6,Las Cabras,6107,2,2020-10-19
Libertador General Bernardo O'Higgins,6,Las Cabras,6107,1,2020-10-23
Libertador General Bernardo O'Higgins,6,Las Cabras,6107,3,2020-10-26
Libertador General Bernardo O'Higgins,6,Las Cabras,6107,2,2020-11-02
Libertador General Bernardo O'Higgins,6,Las Cabras,6107,1,2020-11-05
Libertador General Bernardo O'Higgins,6,Las Cabras,6107,1,2020-11-19
Libertador General Bernardo O'Higgins,6,Las Cabras,6107,1,2020-11-30
Libertador General Bernardo O'Higgins,6,Las Cabras,6107,1,2020-12-04
Libertador General Bernardo O'Higgins,6,Las Cabras,6107,1,2020-12-09
Libertador General Bernardo O'Higgins,6,Las Cabras,6107,1,2020-12-11
Libertador General Bernardo O'Higgins,6,Las Cabras,6107,2,2020-12-16
Libertador General Bernardo O'Higgins,6,Las Cabras,6107,1,2020-12-23
Libertador General Bernardo O'Higgins,6,Las Cabras,6107,2,2020-12-24
Libertador General Bernardo O'Higgins,6,Las Cabras,6107,2,2020-12-28
Libertador General Bernardo O'Higgins,6,Las Cabras,6107,1,2020-12-30
Libertador General Bernardo O'Higgins,6,Las Cabras,6107,2,2021-01-07
Libertador General Bernardo O'Higgins,6,Las Cabras,6107,1,2021-01-12
Libertador General Bernardo O'Higgins,6,Las Cabras,6107,1,2021-01-14
Libertador General Bernardo O'Higgins,6,Machalí,6108,2,2020-01-02
Libertador General Bernardo O'Higgins,6,Machalí,6108,1,2020-01-03
Libertador General Bernardo O'Higgins,6,Machalí,6108,1,2020-01-06
Libertador General Bernardo O'Higgins,6,Machalí,6108,6,2020-01-13
Libertador General Bernardo O'Higgins,6,Machalí,6108,1,2020-01-14
Libertador General Bernardo O'Higgins,6,Machalí,6108,1,2020-01-16
Libertador General Bernardo O'Higgins,6,Machalí,6108,1,2020-01-21
Libertador General Bernardo O'Higgins,6,Machalí,6108,1,2020-01-22
Libertador General Bernardo O'Higgins,6,Machalí,6108,1,2020-01-23
Libertador General Bernardo O'Higgins,6,Machalí,6108,2,2020-01-28
Libertador General Bernardo O'Higgins,6,Machalí,6108,1,2020-01-30
Libertador General Bernardo O'Higgins,6,Machalí,6108,1,2020-02-03
Libertador General Bernardo O'Higgins,6,Machalí,6108,1,2020-02-06
Libertador General Bernardo O'Higgins,6,Machalí,6108,1,2020-02-10
Libertador General Bernardo O'Higgins,6,Machalí,6108,1,2020-02-11
Libertador General Bernardo O'Higgins,6,Machalí,6108,3,2020-02-17
Libertador General Bernardo O'Higgins,6,Machalí,6108,1,2020-02-20
Libertador General Bernardo O'Higgins,6,Machalí,6108,2,2020-02-21
Libertador General Bernardo O'Higgins,6,Machalí,6108,2,2020-02-24
Libertador General Bernardo O'Higgins,6,Machalí,6108,1,2020-03-02
Libertador General Bernardo O'Higgins,6,Machalí,6108,1,2020-03-09
Libertador General Bernardo O'Higgins,6,Machalí,6108,1,2020-03-11
Libertador General Bernardo O'Higgins,6,Machalí,6108,1,2020-03-12
Libertador General Bernardo O'Higgins,6,Machalí,6108,1,2020-03-17
Libertador General Bernardo O'Higgins,6,Machalí,6108,1,2020-03-24
Libertador General Bernardo O'Higgins,6,Machalí,6108,2,2020-03-30
Libertador General Bernardo O'Higgins,6,Machalí,6108,1,2020-04-01
Libertador General Bernardo O'Higgins,6,Machalí,6108,1,2020-04-02
Libertador General Bernardo O'Higgins,6,Machalí,6108,1,2020-04-03
Libertador General Bernardo O'Higgins,6,Machalí,6108,1,2020-04-09
Libertador General Bernardo O'Higgins,6,Machalí,6108,1,2020-04-22
Libertador General Bernardo O'Higgins,6,Machalí,6108,1,2020-04-27
Libertador General Bernardo O'Higgins,6,Machalí,6108,1,2020-05-05
Libertador General Bernardo O'Higgins,6,Machalí,6108,1,2020-05-06
Libertador General Bernardo O'Higgins,6,Machalí,6108,1,2020-05-08
Libertador General Bernardo O'Higgins,6,Machalí,6108,1,2020-05-11
Libertador General Bernardo O'Higgins,6,Machalí,6108,4,2020-05-12
Libertador General Bernardo O'Higgins,6,Machalí,6108,1,2020-05-22
Libertador General Bernardo O'Higgins,6,Machalí,6108,2,2020-05-26
Libertador General Bernardo O'Higgins,6,Machalí,6108,2,2020-05-27
Libertador General Bernardo O'Higgins,6,Machalí,6108,1,2020-06-01
Libertador General Bernardo O'Higgins,6,Machalí,6108,1,2020-06-02
Libertador General Bernardo O'Higgins,6,Machalí,6108,1,2020-06-03
Libertador General Bernardo O'Higgins,6,Machalí,6108,2,2020-06-04
Libertador General Bernardo O'Higgins,6,Machalí,6108,1,2020-06-08
Libertador General Bernardo O'Higgins,6,Machalí,6108,1,2020-06-16
Libertador General Bernardo O'Higgins,6,Machalí,6108,1,2020-06-18
Libertador General Bernardo O'Higgins,6,Machalí,6108,1,2020-06-22
Libertador General Bernardo O'Higgins,6,Machalí,6108,2,2020-06-30
Libertador General Bernardo O'Higgins,6,Machalí,6108,2,2020-07-01
Libertador General Bernardo O'Higgins,6,Machalí,6108,1,2020-07-02
Libertador General Bernardo O'Higgins,6,Machalí,6108,2,2020-07-03
Libertador General Bernardo O'Higgins,6,Machalí,6108,1,2020-07-04
Libertador General Bernardo O'Higgins,6,Machalí,6108,3,2020-07-06
Libertador General Bernardo O'Higgins,6,Machalí,6108,2,2020-07-09
Libertador General Bernardo O'Higgins,6,Machalí,6108,1,2020-07-10
Libertador General Bernardo O'Higgins,6,Machalí,6108,3,2020-07-13
Libertador General Bernardo O'Higgins,6,Machalí,6108,2,2020-07-14
Libertador General Bernardo O'Higgins,6,Machalí,6108,1,2020-07-15
Libertador General Bernardo O'Higgins,6,Machalí,6108,1,2020-07-19
Libertador General Bernardo O'Higgins,6,Machalí,6108,1,2020-07-20
Libertador General Bernardo O'Higgins,6,Machalí,6108,1,2020-07-21
Libertador General Bernardo O'Higgins,6,Machalí,6108,1,2020-07-23
Libertador General Bernardo O'Higgins,6,Machalí,6108,1,2020-07-24
Libertador General Bernardo O'Higgins,6,Machalí,6108,1,2020-07-27
Libertador General Bernardo O'Higgins,6,Machalí,6108,1,2020-07-29
Libertador General Bernardo O'Higgins,6,Machalí,6108,2,2020-07-30
Libertador General Bernardo O'Higgins,6,Machalí,6108,1,2020-08-03
Libertador General Bernardo O'Higgins,6,Machalí,6108,1,2020-08-04
Libertador General Bernardo O'Higgins,6,Machalí,6108,1,2020-08-06
Libertador General Bernardo O'Higgins,6,Machalí,6108,1,2020-08-08
Libertador General Bernardo O'Higgins,6,Machalí,6108,1,2020-08-11
Libertador General Bernardo O'Higgins,6,Machalí,6108,2,2020-08-12
Libertador General Bernardo O'Higgins,6,Machalí,6108,1,2020-08-15
Libertador General Bernardo O'Higgins,6,Machalí,6108,2,2020-08-17
Libertador General Bernardo O'Higgins,6,Machalí,6108,1,2020-08-22
Libertador General Bernardo O'Higgins,6,Machalí,6108,2,2020-08-24
Libertador General Bernardo O'Higgins,6,Machalí,6108,1,2020-08-26
Libertador General Bernardo O'Higgins,6,Machalí,6108,1,2020-08-28
Libertador General Bernardo O'Higgins,6,Machalí,6108,1,2020-08-31
Libertador General Bernardo O'Higgins,6,Machalí,6108,1,2020-09-01
Libertador General Bernardo O'Higgins,6,Machalí,6108,1,2020-09-03
Libertador General Bernardo O'Higgins,6,Machalí,6108,2,2020-09-04
Libertador General Bernardo O'Higgins,6,Machalí,6108,1,2020-09-05
Libertador General Bernardo O'Higgins,6,Machalí,6108,1,2020-09-10
Libertador General Bernardo O'Higgins,6,Machalí,6108,1,2020-09-11
Libertador General Bernardo O'Higgins,6,Machalí,6108,2,2020-09-14
Libertador General Bernardo O'Higgins,6,Machalí,6108,1,2020-09-15
Libertador General Bernardo O'Higgins,6,Machalí,6108,1,2020-09-22
Libertador General Bernardo O'Higgins,6,Machalí,6108,1,2020-09-23
Libertador General Bernardo O'Higgins,6,Machalí,6108,1,2020-09-25
Libertador General Bernardo O'Higgins,6,Machalí,6108,1,2020-09-29
Libertador General Bernardo O'Higgins,6,Machalí,6108,2,2020-09-30
Libertador General Bernardo O'Higgins,6,Machalí,6108,2,2020-10-01
Libertador General Bernardo O'Higgins,6,Machalí,6108,2,2020-10-03
Libertador General Bernardo O'Higgins,6,Machalí,6108,1,2020-10-05
Libertador General Bernardo O'Higgins,6,Machalí,6108,1,2020-10-09
Libertador General Bernardo O'Higgins,6,Machalí,6108,1,2020-10-13
Libertador General Bernardo O'Higgins,6,Machalí,6108,2,2020-10-14
Libertador General Bernardo O'Higgins,6,Machalí,6108,1,2020-10-15
Libertador General Bernardo O'Higgins,6,Machalí,6108,1,2020-10-16
Libertador General Bernardo O'Higgins,6,Machalí,6108,1,2020-10-19
Libertador General Bernardo O'Higgins,6,Machalí,6108,1,2020-10-21
Libertador General Bernardo O'Higgins,6,Machalí,6108,1,2020-10-23
Libertador General Bernardo O'Higgins,6,Machalí,6108,1,2020-10-30
Libertador General Bernardo O'Higgins,6,Machalí,6108,1,2020-10-31
Libertador General Bernardo O'Higgins,6,Machalí,6108,1,2020-11-02
Libertador General Bernardo O'Higgins,6,Machalí,6108,1,2020-11-06
Libertador General Bernardo O'Higgins,6,Machalí,6108,1,2020-11-10
Libertador General Bernardo O'Higgins,6,Machalí,6108,1,2020-11-11
Libertador General Bernardo O'Higgins,6,Machalí,6108,1,2020-11-13
Libertador General Bernardo O'Higgins,6,Machalí,6108,2,2020-11-18
Libertador General Bernardo O'Higgins,6,Machalí,6108,1,2020-11-27
Libertador General Bernardo O'Higgins,6,Machalí,6108,1,2020-12-02
Libertador General Bernardo O'Higgins,6,Machalí,6108,1,2020-12-04
Libertador General Bernardo O'Higgins,6,Machalí,6108,2,2020-12-09
Libertador General Bernardo O'Higgins,6,Machalí,6108,4,2020-12-14
Libertador General Bernardo O'Higgins,6,Machalí,6108,3,2020-12-16
Libertador General Bernardo O'Higgins,6,Machalí,6108,1,2020-12-17
Libertador General Bernardo O'Higgins,6,Machalí,6108,2,2020-12-21
Libertador General Bernardo O'Higgins,6,Machalí,6108,1,2020-12-22
Libertador General Bernardo O'Higgins,6,Machalí,6108,1,2020-12-24
Libertador General Bernardo O'Higgins,6,Machalí,6108,2,2021-01-04
Libertador General Bernardo O'Higgins,6,Machalí,6108,1,2021-01-13
Libertador General Bernardo O'Higgins,6,Malloa,6109,1,2020-01-08
Libertador General Bernardo O'Higgins,6,Malloa,6109,1,2020-01-09
Libertador General Bernardo O'Higgins,6,Malloa,6109,2,2020-01-14
Libertador General Bernardo O'Higgins,6,Malloa,6109,1,2020-01-21
Libertador General Bernardo O'Higgins,6,Malloa,6109,2,2020-02-04
Libertador General Bernardo O'Higgins,6,Malloa,6109,1,2020-02-10
Libertador General Bernardo O'Higgins,6,Malloa,6109,1,2020-02-18
Libertador General Bernardo O'Higgins,6,Malloa,6109,1,2020-02-20
Libertador General Bernardo O'Higgins,6,Malloa,6109,1,2020-02-22
Libertador General Bernardo O'Higgins,6,Malloa,6109,2,2020-02-27
Libertador General Bernardo O'Higgins,6,Malloa,6109,2,2020-03-20
Libertador General Bernardo O'Higgins,6,Malloa,6109,1,2020-04-03
Libertador General Bernardo O'Higgins,6,Malloa,6109,1,2020-04-06
Libertador General Bernardo O'Higgins,6,Malloa,6109,1,2020-04-09
Libertador General Bernardo O'Higgins,6,Malloa,6109,1,2020-04-15
Libertador General Bernardo O'Higgins,6,Malloa,6109,1,2020-04-22
Libertador General Bernardo O'Higgins,6,Malloa,6109,1,2020-05-05
Libertador General Bernardo O'Higgins,6,Malloa,6109,1,2020-05-19
Libertador General Bernardo O'Higgins,6,Malloa,6109,2,2020-05-25
Libertador General Bernardo O'Higgins,6,Malloa,6109,1,2020-05-26
Libertador General Bernardo O'Higgins,6,Malloa,6109,2,2020-05-27
Libertador General Bernardo O'Higgins,6,Malloa,6109,1,2020-06-02
Libertador General Bernardo O'Higgins,6,Malloa,6109,1,2020-06-08
Libertador General Bernardo O'Higgins,6,Malloa,6109,1,2020-06-09
Libertador General Bernardo O'Higgins,6,Malloa,6109,1,2020-06-17
Libertador General Bernardo O'Higgins,6,Malloa,6109,1,2020-06-22
Libertador General Bernardo O'Higgins,6,Malloa,6109,1,2020-06-26
Libertador General Bernardo O'Higgins,6,Malloa,6109,1,2020-07-06
Libertador General Bernardo O'Higgins,6,Malloa,6109,1,2020-07-09
Libertador General Bernardo O'Higgins,6,Malloa,6109,1,2020-07-10
Libertador General Bernardo O'Higgins,6,Malloa,6109,1,2020-07-20
Libertador General Bernardo O'Higgins,6,Malloa,6109,1,2020-07-24
Libertador General Bernardo O'Higgins,6,Malloa,6109,1,2020-08-01
Libertador General Bernardo O'Higgins,6,Malloa,6109,1,2020-08-05
Libertador General Bernardo O'Higgins,6,Malloa,6109,1,2020-08-06
Libertador General Bernardo O'Higgins,6,Malloa,6109,1,2020-08-15
Libertador General Bernardo O'Higgins,6,Malloa,6109,1,2020-08-22
Libertador General Bernardo O'Higgins,6,Malloa,6109,1,2020-09-03
Libertador General Bernardo O'Higgins,6,Malloa,6109,1,2020-09-07
Libertador General Bernardo O'Higgins,6,Malloa,6109,1,2020-09-24
Libertador General Bernardo O'Higgins,6,Malloa,6109,1,2020-09-29
Libertador General Bernardo O'Higgins,6,Malloa,6109,1,2020-10-15
Libertador General Bernardo O'Higgins,6,Malloa,6109,1,2020-10-21
Libertador General Bernardo O'Higgins,6,Malloa,6109,2,2020-10-26
Libertador General Bernardo O'Higgins,6,Malloa,6109,1,2020-11-24
Libertador General Bernardo O'Higgins,6,Malloa,6109,1,2020-12-01
Libertador General Bernardo O'Higgins,6,Malloa,6109,2,2020-12-03
Libertador General Bernardo O'Higgins,6,Malloa,6109,1,2020-12-11
Libertador General Bernardo O'Higgins,6,Malloa,6109,1,2020-12-17
Libertador General Bernardo O'Higgins,6,Malloa,6109,1,2020-12-24
Libertador General Bernardo O'Higgins,6,Malloa,6109,2,2021-01-05
Libertador General Bernardo O'Higgins,6,Mostazal,6110,1,2020-01-03
Libertador General Bernardo O'Higgins,6,Mostazal,6110,1,2020-01-06
Libertador General Bernardo O'Higgins,6,Mostazal,6110,1,2020-01-13
Libertador General Bernardo O'Higgins,6,Mostazal,6110,1,2020-01-17
Libertador General Bernardo O'Higgins,6,Mostazal,6110,1,2020-01-20
Libertador General Bernardo O'Higgins,6,Mostazal,6110,1,2020-01-24
Libertador General Bernardo O'Higgins,6,Mostazal,6110,3,2020-02-03
Libertador General Bernardo O'Higgins,6,Mostazal,6110,1,2020-02-06
Libertador General Bernardo O'Higgins,6,Mostazal,6110,1,2020-02-10
Libertador General Bernardo O'Higgins,6,Mostazal,6110,1,2020-02-11
Libertador General Bernardo O'Higgins,6,Mostazal,6110,1,2020-02-12
Libertador General Bernardo O'Higgins,6,Mostazal,6110,1,2020-02-17
Libertador General Bernardo O'Higgins,6,Mostazal,6110,1,2020-02-21
Libertador General Bernardo O'Higgins,6,Mostazal,6110,1,2020-03-02
Libertador General Bernardo O'Higgins,6,Mostazal,6110,1,2020-03-09
Libertador General Bernardo O'Higgins,6,Mostazal,6110,1,2020-03-12
Libertador General Bernardo O'Higgins,6,Mostazal,6110,1,2020-03-13
Libertador General Bernardo O'Higgins,6,Mostazal,6110,1,2020-03-19
Libertador General Bernardo O'Higgins,6,Mostazal,6110,1,2020-03-20
Libertador General Bernardo O'Higgins,6,Mostazal,6110,1,2020-03-21
Libertador General Bernardo O'Higgins,6,Mostazal,6110,1,2020-03-23
Libertador General Bernardo O'Higgins,6,Mostazal,6110,1,2020-03-24
Libertador General Bernardo O'Higgins,6,Mostazal,6110,1,2020-03-26
Libertador General Bernardo O'Higgins,6,Mostazal,6110,2,2020-04-13
Libertador General Bernardo O'Higgins,6,Mostazal,6110,1,2020-04-15
Libertador General Bernardo O'Higgins,6,Mostazal,6110,1,2020-04-17
Libertador General Bernardo O'Higgins,6,Mostazal,6110,1,2020-04-20
Libertador General Bernardo O'Higgins,6,Mostazal,6110,1,2020-04-30
Libertador General Bernardo O'Higgins,6,Mostazal,6110,1,2020-05-02
Libertador General Bernardo O'Higgins,6,Mostazal,6110,2,2020-05-04
Libertador General Bernardo O'Higgins,6,Mostazal,6110,1,2020-05-07
Libertador General Bernardo O'Higgins,6,Mostazal,6110,1,2020-05-08
Libertador General Bernardo O'Higgins,6,Mostazal,6110,1,2020-05-13
Libertador General Bernardo O'Higgins,6,Mostazal,6110,1,2020-05-15
Libertador General Bernardo O'Higgins,6,Mostazal,6110,2,2020-05-20
Libertador General Bernardo O'Higgins,6,Mostazal,6110,1,2020-05-31
Libertador General Bernardo O'Higgins,6,Mostazal,6110,1,2020-06-03
Libertador General Bernardo O'Higgins,6,Mostazal,6110,2,2020-06-10
Libertador General Bernardo O'Higgins,6,Mostazal,6110,1,2020-06-11
Libertador General Bernardo O'Higgins,6,Mostazal,6110,1,2020-06-16
Libertador General Bernardo O'Higgins,6,Mostazal,6110,1,2020-06-22
Libertador General Bernardo O'Higgins,6,Mostazal,6110,1,2020-06-24
Libertador General Bernardo O'Higgins,6,Mostazal,6110,1,2020-06-30
Libertador General Bernardo O'Higgins,6,Mostazal,6110,1,2020-07-19
Libertador General Bernardo O'Higgins,6,Mostazal,6110,2,2020-07-22
Libertador General Bernardo O'Higgins,6,Mostazal,6110,1,2020-07-27
Libertador General Bernardo O'Higgins,6,Mostazal,6110,1,2020-07-29
Libertador General Bernardo O'Higgins,6,Mostazal,6110,1,2020-07-31
Libertador General Bernardo O'Higgins,6,Mostazal,6110,1,2020-08-03
Libertador General Bernardo O'Higgins,6,Mostazal,6110,2,2020-08-07
Libertador General Bernardo O'Higgins,6,Mostazal,6110,1,2020-08-10
Libertador General Bernardo O'Higgins,6,Mostazal,6110,1,2020-08-12
Libertador General Bernardo O'Higgins,6,Mostazal,6110,1,2020-08-13
Libertador General Bernardo O'Higgins,6,Mostazal,6110,2,2020-08-21
Libertador General Bernardo O'Higgins,6,Mostazal,6110,3,2020-08-25
Libertador General Bernardo O'Higgins,6,Mostazal,6110,1,2020-08-28
Libertador General Bernardo O'Higgins,6,Mostazal,6110,2,2020-09-01
Libertador General Bernardo O'Higgins,6,Mostazal,6110,1,2020-09-03
Libertador General Bernardo O'Higgins,6,Mostazal,6110,1,2020-09-07
Libertador General Bernardo O'Higgins,6,Mostazal,6110,1,2020-09-12
Libertador General Bernardo O'Higgins,6,Mostazal,6110,1,2020-09-15
Libertador General Bernardo O'Higgins,6,Mostazal,6110,1,2020-09-16
Libertador General Bernardo O'Higgins,6,Mostazal,6110,1,2020-09-17
Libertador General Bernardo O'Higgins,6,Mostazal,6110,1,2020-09-23
Libertador General Bernardo O'Higgins,6,Mostazal,6110,1,2020-09-29
Libertador General Bernardo O'Higgins,6,Mostazal,6110,1,2020-10-04
Libertador General Bernardo O'Higgins,6,Mostazal,6110,1,2020-10-09
Libertador General Bernardo O'Higgins,6,Mostazal,6110,2,2020-10-20
Libertador General Bernardo O'Higgins,6,Mostazal,6110,1,2020-10-21
Libertador General Bernardo O'Higgins,6,Mostazal,6110,3,2020-10-26
Libertador General Bernardo O'Higgins,6,Mostazal,6110,1,2020-10-27
Libertador General Bernardo O'Higgins,6,Mostazal,6110,1,2020-10-28
Libertador General Bernardo O'Higgins,6,Mostazal,6110,1,2020-11-04
Libertador General Bernardo O'Higgins,6,Mostazal,6110,1,2020-11-09
Libertador General Bernardo O'Higgins,6,Mostazal,6110,1,2020-11-17
Libertador General Bernardo O'Higgins,6,Mostazal,6110,1,2020-11-20
Libertador General Bernardo O'Higgins,6,Mostazal,6110,1,2020-11-26
Libertador General Bernardo O'Higgins,6,Mostazal,6110,1,2020-12-04
Libertador General Bernardo O'Higgins,6,Mostazal,6110,1,2020-12-05
Libertador General Bernardo O'Higgins,6,Mostazal,6110,1,2020-12-06
Libertador General Bernardo O'Higgins,6,Mostazal,6110,1,2020-12-14
Libertador General Bernardo O'Higgins,6,Mostazal,6110,2,2020-12-15
Libertador General Bernardo O'Higgins,6,Mostazal,6110,2,2020-12-23
Libertador General Bernardo O'Higgins,6,Mostazal,6110,3,2020-12-25
Libertador General Bernardo O'Higgins,6,Mostazal,6110,1,2020-12-28
Libertador General Bernardo O'Higgins,6,Mostazal,6110,2,2021-01-04
Libertador General Bernardo O'Higgins,6,Mostazal,6110,1,2021-01-12
Libertador General Bernardo O'Higgins,6,Mostazal,6110,1,2021-01-13
Libertador General Bernardo O'Higgins,6,Mostazal,6110,1,2021-01-14
Libertador General Bernardo O'Higgins,6,Olivar,6111,1,2020-01-06
Libertador General Bernardo O'Higgins,6,Olivar,6111,1,2020-02-27
Libertador General Bernardo O'Higgins,6,Olivar,6111,1,2020-03-02
Libertador General Bernardo O'Higgins,6,Olivar,6111,1,2020-03-09
Libertador General Bernardo O'Higgins,6,Olivar,6111,1,2020-03-16
Libertador General Bernardo O'Higgins,6,Olivar,6111,1,2020-03-23
Libertador General Bernardo O'Higgins,6,Olivar,6111,1,2020-04-14
Libertador General Bernardo O'Higgins,6,Olivar,6111,2,2020-04-16
Libertador General Bernardo O'Higgins,6,Olivar,6111,1,2020-04-23
Libertador General Bernardo O'Higgins,6,Olivar,6111,1,2020-04-27
Libertador General Bernardo O'Higgins,6,Olivar,6111,1,2020-05-04
Libertador General Bernardo O'Higgins,6,Olivar,6111,2,2020-05-08
Libertador General Bernardo O'Higgins,6,Olivar,6111,1,2020-05-11
Libertador General Bernardo O'Higgins,6,Olivar,6111,1,2020-05-18
Libertador General Bernardo O'Higgins,6,Olivar,6111,1,2020-05-26
Libertador General Bernardo O'Higgins,6,Olivar,6111,1,2020-06-23
Libertador General Bernardo O'Higgins,6,Olivar,6111,1,2020-06-26
Libertador General Bernardo O'Higgins,6,Olivar,6111,1,2020-06-28
Libertador General Bernardo O'Higgins,6,Olivar,6111,3,2020-06-30
Libertador General Bernardo O'Higgins,6,Olivar,6111,2,2020-07-03
Libertador General Bernardo O'Higgins,6,Olivar,6111,1,2020-07-13
Libertador General Bernardo O'Higgins,6,Olivar,6111,1,2020-07-16
Libertador General Bernardo O'Higgins,6,Olivar,6111,1,2020-07-20
Libertador General Bernardo O'Higgins,6,Olivar,6111,1,2020-08-14
Libertador General Bernardo O'Higgins,6,Olivar,6111,1,2020-08-17
Libertador General Bernardo O'Higgins,6,Olivar,6111,2,2020-08-31
Libertador General Bernardo O'Higgins,6,Olivar,6111,1,2020-09-02
Libertador General Bernardo O'Higgins,6,Olivar,6111,1,2020-09-03
Libertador General Bernardo O'Higgins,6,Olivar,6111,1,2020-09-11
Libertador General Bernardo O'Higgins,6,Olivar,6111,1,2020-09-18
Libertador General Bernardo O'Higgins,6,Olivar,6111,1,2020-09-30
Libertador General Bernardo O'Higgins,6,Olivar,6111,2,2020-10-05
Libertador General Bernardo O'Higgins,6,Olivar,6111,1,2020-10-13
Libertador General Bernardo O'Higgins,6,Olivar,6111,2,2020-10-20
Libertador General Bernardo O'Higgins,6,Olivar,6111,1,2020-11-06
Libertador General Bernardo O'Higgins,6,Olivar,6111,1,2020-11-12
Libertador General Bernardo O'Higgins,6,Olivar,6111,1,2020-11-25
Libertador General Bernardo O'Higgins,6,Olivar,6111,1,2020-12-04
Libertador General Bernardo O'Higgins,6,Olivar,6111,1,2020-12-16
Libertador General Bernardo O'Higgins,6,Olivar,6111,1,2020-12-24
Libertador General Bernardo O'Higgins,6,Olivar,6111,2,2020-12-29
Libertador General Bernardo O'Higgins,6,Olivar,6111,1,2020-12-31
Libertador General Bernardo O'Higgins,6,Olivar,6111,1,2021-01-04
Libertador General Bernardo O'Higgins,6,Olivar,6111,2,2021-01-11
Libertador General Bernardo O'Higgins,6,Olivar,6111,1,2021-01-12
Libertador General Bernardo O'Higgins,6,Olivar,6111,1,2021-01-13
Libertador General Bernardo O'Higgins,6,Peumo,6112,2,2020-01-08
Libertador General Bernardo O'Higgins,6,Peumo,6112,1,2020-01-13
Libertador General Bernardo O'Higgins,6,Peumo,6112,2,2020-01-15
Libertador General Bernardo O'Higgins,6,Peumo,6112,1,2020-01-20
Libertador General Bernardo O'Higgins,6,Peumo,6112,1,2020-01-24
Libertador General Bernardo O'Higgins,6,Peumo,6112,1,2020-01-29
Libertador General Bernardo O'Higgins,6,Peumo,6112,1,2020-02-03
Libertador General Bernardo O'Higgins,6,Peumo,6112,1,2020-02-04
Libertador General Bernardo O'Higgins,6,Peumo,6112,1,2020-02-12
Libertador General Bernardo O'Higgins,6,Peumo,6112,1,2020-02-13
Libertador General Bernardo O'Higgins,6,Peumo,6112,1,2020-02-17
Libertador General Bernardo O'Higgins,6,Peumo,6112,1,2020-02-24
Libertador General Bernardo O'Higgins,6,Peumo,6112,1,2020-03-06
Libertador General Bernardo O'Higgins,6,Peumo,6112,1,2020-03-09
Libertador General Bernardo O'Higgins,6,Peumo,6112,1,2020-03-13
Libertador General Bernardo O'Higgins,6,Peumo,6112,1,2020-03-18
Libertador General Bernardo O'Higgins,6,Peumo,6112,1,2020-03-25
Libertador General Bernardo O'Higgins,6,Peumo,6112,1,2020-03-30
Libertador General Bernardo O'Higgins,6,Peumo,6112,1,2020-04-03
Libertador General Bernardo O'Higgins,6,Peumo,6112,1,2020-04-06
Libertador General Bernardo O'Higgins,6,Peumo,6112,2,2020-04-09
Libertador General Bernardo O'Higgins,6,Peumo,6112,1,2020-04-13
Libertador General Bernardo O'Higgins,6,Peumo,6112,1,2020-04-21
Libertador General Bernardo O'Higgins,6,Peumo,6112,1,2020-04-23
Libertador General Bernardo O'Higgins,6,Peumo,6112,2,2020-04-24
Libertador General Bernardo O'Higgins,6,Peumo,6112,1,2020-05-07
Libertador General Bernardo O'Higgins,6,Peumo,6112,1,2020-05-22
Libertador General Bernardo O'Higgins,6,Peumo,6112,1,2020-05-23
Libertador General Bernardo O'Higgins,6,Peumo,6112,2,2020-05-26
Libertador General Bernardo O'Higgins,6,Peumo,6112,2,2020-05-28
Libertador General Bernardo O'Higgins,6,Peumo,6112,2,2020-06-01
Libertador General Bernardo O'Higgins,6,Peumo,6112,1,2020-06-02
Libertador General Bernardo O'Higgins,6,Peumo,6112,2,2020-06-04
Libertador General Bernardo O'Higgins,6,Peumo,6112,1,2020-06-08
Libertador General Bernardo O'Higgins,6,Peumo,6112,2,2020-06-15
Libertador General Bernardo O'Higgins,6,Peumo,6112,2,2020-06-16
Libertador General Bernardo O'Higgins,6,Peumo,6112,2,2020-06-18
Libertador General Bernardo O'Higgins,6,Peumo,6112,1,2020-06-22
Libertador General Bernardo O'Higgins,6,Peumo,6112,2,2020-06-30
Libertador General Bernardo O'Higgins,6,Peumo,6112,1,2020-07-02
Libertador General Bernardo O'Higgins,6,Peumo,6112,1,2020-07-09
Libertador General Bernardo O'Higgins,6,Peumo,6112,2,2020-07-13
Libertador General Bernardo O'Higgins,6,Peumo,6112,1,2020-07-14
Libertador General Bernardo O'Higgins,6,Peumo,6112,1,2020-07-17
Libertador General Bernardo O'Higgins,6,Peumo,6112,3,2020-07-20
Libertador General Bernardo O'Higgins,6,Peumo,6112,2,2020-07-21
Libertador General Bernardo O'Higgins,6,Peumo,6112,3,2020-07-23
Libertador General Bernardo O'Higgins,6,Peumo,6112,4,2020-07-27
Libertador General Bernardo O'Higgins,6,Peumo,6112,2,2020-07-30
Libertador General Bernardo O'Higgins,6,Peumo,6112,2,2020-08-03
Libertador General Bernardo O'Higgins,6,Peumo,6112,1,2020-08-07
Libertador General Bernardo O'Higgins,6,Peumo,6112,1,2020-08-10
Libertador General Bernardo O'Higgins,6,Peumo,6112,1,2020-08-14
Libertador General Bernardo O'Higgins,6,Peumo,6112,1,2020-08-18
Libertador General Bernardo O'Higgins,6,Peumo,6112,2,2020-08-20
Libertador General Bernardo O'Higgins,6,Peumo,6112,1,2020-08-24
Libertador General Bernardo O'Higgins,6,Peumo,6112,1,2020-08-26
Libertador General Bernardo O'Higgins,6,Peumo,6112,2,2020-08-31
Libertador General Bernardo O'Higgins,6,Peumo,6112,1,2020-09-01
Libertador General Bernardo O'Higgins,6,Peumo,6112,1,2020-09-02
Libertador General Bernardo O'Higgins,6,Peumo,6112,1,2020-09-03
Libertador General Bernardo O'Higgins,6,Peumo,6112,1,2020-09-07
Libertador General Bernardo O'Higgins,6,Peumo,6112,1,2020-09-09
Libertador General Bernardo O'Higgins,6,Peumo,6112,2,2020-09-14
Libertador General Bernardo O'Higgins,6,Peumo,6112,1,2020-09-17
Libertador General Bernardo O'Higgins,6,Peumo,6112,1,2020-09-21
Libertador General Bernardo O'Higgins,6,Peumo,6112,2,2020-09-28
Libertador General Bernardo O'Higgins,6,Peumo,6112,2,2020-10-01
Libertador General Bernardo O'Higgins,6,Peumo,6112,1,2020-10-05
Libertador General Bernardo O'Higgins,6,Peumo,6112,3,2020-10-14
Libertador General Bernardo O'Higgins,6,Peumo,6112,2,2020-10-19
Libertador General Bernardo O'Higgins,6,Peumo,6112,1,2020-10-20
Libertador General Bernardo O'Higgins,6,Peumo,6112,1,2020-10-26
Libertador General Bernardo O'Higgins,6,Peumo,6112,1,2020-11-02
Libertador General Bernardo O'Higgins,6,Peumo,6112,1,2020-11-05
Libertador General Bernardo O'Higgins,6,Peumo,6112,1,2020-11-13
Libertador General Bernardo O'Higgins,6,Peumo,6112,1,2020-11-14
Libertador General Bernardo O'Higgins,6,Peumo,6112,2,2020-11-16
Libertador General Bernardo O'Higgins,6,Peumo,6112,1,2020-11-20
Libertador General Bernardo O'Higgins,6,Peumo,6112,1,2020-11-23
Libertador General Bernardo O'Higgins,6,Peumo,6112,1,2020-11-24
Libertador General Bernardo O'Higgins,6,Peumo,6112,1,2020-11-26
Libertador General Bernardo O'Higgins,6,Peumo,6112,1,2020-11-27
Libertador General Bernardo O'Higgins,6,Peumo,6112,1,2020-12-02
Libertador General Bernardo O'Higgins,6,Peumo,6112,1,2020-12-03
Libertador General Bernardo O'Higgins,6,Peumo,6112,1,2020-12-14
Libertador General Bernardo O'Higgins,6,Peumo,6112,1,2020-12-21
Libertador General Bernardo O'Higgins,6,Peumo,6112,1,2020-12-25
Libertador General Bernardo O'Higgins,6,Peumo,6112,1,2020-12-30
Libertador General Bernardo O'Higgins,6,Peumo,6112,1,2020-12-31
Libertador General Bernardo O'Higgins,6,Peumo,6112,3,2021-01-04
Libertador General Bernardo O'Higgins,6,Peumo,6112,1,2021-01-05
Libertador General Bernardo O'Higgins,6,Peumo,6112,2,2021-01-13
Libertador General Bernardo O'Higgins,6,Pichidegua,6113,1,2020-01-13
Libertador General Bernardo O'Higgins,6,Pichidegua,6113,1,2020-01-16
Libertador General Bernardo O'Higgins,6,Pichidegua,6113,1,2020-01-17
Libertador General Bernardo O'Higgins,6,Pichidegua,6113,3,2020-01-20
Libertador General Bernardo O'Higgins,6,Pichidegua,6113,2,2020-01-22
Libertador General Bernardo O'Higgins,6,Pichidegua,6113,2,2020-01-27
Libertador General Bernardo O'Higgins,6,Pichidegua,6113,1,2020-02-06
Libertador General Bernardo O'Higgins,6,Pichidegua,6113,1,2020-02-07
Libertador General Bernardo O'Higgins,6,Pichidegua,6113,2,2020-02-10
Libertador General Bernardo O'Higgins,6,Pichidegua,6113,2,2020-02-11
Libertador General Bernardo O'Higgins,6,Pichidegua,6113,1,2020-02-18
Libertador General Bernardo O'Higgins,6,Pichidegua,6113,1,2020-02-19
Libertador General Bernardo O'Higgins,6,Pichidegua,6113,1,2020-02-20
Libertador General Bernardo O'Higgins,6,Pichidegua,6113,1,2020-02-24
Libertador General Bernardo O'Higgins,6,Pichidegua,6113,2,2020-03-02
Libertador General Bernardo O'Higgins,6,Pichidegua,6113,2,2020-03-09
Libertador General Bernardo O'Higgins,6,Pichidegua,6113,1,2020-03-23
Libertador General Bernardo O'Higgins,6,Pichidegua,6113,1,2020-03-25
Libertador General Bernardo O'Higgins,6,Pichidegua,6113,1,2020-03-31
Libertador General Bernardo O'Higgins,6,Pichidegua,6113,3,2020-04-06
Libertador General Bernardo O'Higgins,6,Pichidegua,6113,1,2020-04-07
Libertador General Bernardo O'Higgins,6,Pichidegua,6113,1,2020-04-13
Libertador General Bernardo O'Higgins,6,Pichidegua,6113,1,2020-04-20
Libertador General Bernardo O'Higgins,6,Pichidegua,6113,1,2020-04-28
Libertador General Bernardo O'Higgins,6,Pichidegua,6113,1,2020-04-30
Libertador General Bernardo O'Higgins,6,Pichidegua,6113,1,2020-05-04
Libertador General Bernardo O'Higgins,6,Pichidegua,6113,1,2020-05-05
Libertador General Bernardo O'Higgins,6,Pichidegua,6113,1,2020-05-15
Libertador General Bernardo O'Higgins,6,Pichidegua,6113,2,2020-05-18
Libertador General Bernardo O'Higgins,6,Pichidegua,6113,1,2020-05-25
Libertador General Bernardo O'Higgins,6,Pichidegua,6113,1,2020-06-01
Libertador General Bernardo O'Higgins,6,Pichidegua,6113,1,2020-06-04
Libertador General Bernardo O'Higgins,6,Pichidegua,6113,2,2020-06-08
Libertador General Bernardo O'Higgins,6,Pichidegua,6113,1,2020-06-12
Libertador General Bernardo O'Higgins,6,Pichidegua,6113,1,2020-06-15
Libertador General Bernardo O'Higgins,6,Pichidegua,6113,2,2020-06-22
Libertador General Bernardo O'Higgins,6,Pichidegua,6113,1,2020-06-25
Libertador General Bernardo O'Higgins,6,Pichidegua,6113,1,2020-06-26
Libertador General Bernardo O'Higgins,6,Pichidegua,6113,2,2020-06-30
Libertador General Bernardo O'Higgins,6,Pichidegua,6113,1,2020-07-07
Libertador General Bernardo O'Higgins,6,Pichidegua,6113,1,2020-07-10
Libertador General Bernardo O'Higgins,6,Pichidegua,6113,2,2020-07-13
Libertador General Bernardo O'Higgins,6,Pichidegua,6113,1,2020-07-17
Libertador General Bernardo O'Higgins,6,Pichidegua,6113,1,2020-07-23
Libertador General Bernardo O'Higgins,6,Pichidegua,6113,1,2020-07-25
Libertador General Bernardo O'Higgins,6,Pichidegua,6113,2,2020-07-27
Libertador General Bernardo O'Higgins,6,Pichidegua,6113,1,2020-07-28
Libertador General Bernardo O'Higgins,6,Pichidegua,6113,1,2020-07-31
Libertador General Bernardo O'Higgins,6,Pichidegua,6113,1,2020-08-03
Libertador General Bernardo O'Higgins,6,Pichidegua,6113,1,2020-08-10
Libertador General Bernardo O'Higgins,6,Pichidegua,6113,1,2020-08-21
Libertador General Bernardo O'Higgins,6,Pichidegua,6113,1,2020-08-27
Libertador General Bernardo O'Higgins,6,Pichidegua,6113,1,2020-08-28
Libertador General Bernardo O'Higgins,6,Pichidegua,6113,1,2020-08-29
Libertador General Bernardo O'Higgins,6,Pichidegua,6113,1,2020-09-01
Libertador General Bernardo O'Higgins,6,Pichidegua,6113,1,2020-09-03
Libertador General Bernardo O'Higgins,6,Pichidegua,6113,2,2020-09-08
Libertador General Bernardo O'Higgins,6,Pichidegua,6113,1,2020-09-18
Libertador General Bernardo O'Higgins,6,Pichidegua,6113,1,2020-09-21
Libertador General Bernardo O'Higgins,6,Pichidegua,6113,1,2020-09-22
Libertador General Bernardo O'Higgins,6,Pichidegua,6113,1,2020-09-29
Libertador General Bernardo O'Higgins,6,Pichidegua,6113,1,2020-10-05
Libertador General Bernardo O'Higgins,6,Pichidegua,6113,2,2020-10-09
Libertador General Bernardo O'Higgins,6,Pichidegua,6113,4,2020-10-13
Libertador General Bernardo O'Higgins,6,Pichidegua,6113,1,2020-10-14
Libertador General Bernardo O'Higgins,6,Pichidegua,6113,2,2020-10-19
Libertador General Bernardo O'Higgins,6,Pichidegua,6113,1,2020-10-26
Libertador General Bernardo O'Higgins,6,Pichidegua,6113,1,2020-10-30
Libertador General Bernardo O'Higgins,6,Pichidegua,6113,1,2020-11-04
Libertador General Bernardo O'Higgins,6,Pichidegua,6113,1,2020-11-23
Libertador General Bernardo O'Higgins,6,Pichidegua,6113,1,2020-11-24
Libertador General Bernardo O'Higgins,6,Pichidegua,6113,1,2020-12-02
Libertador General Bernardo O'Higgins,6,Pichidegua,6113,1,2020-12-07
Libertador General Bernardo O'Higgins,6,Pichidegua,6113,1,2020-12-15
Libertador General Bernardo O'Higgins,6,Pichidegua,6113,1,2020-12-22
Libertador General Bernardo O'Higgins,6,Pichidegua,6113,1,2020-12-28
Libertador General Bernardo O'Higgins,6,Pichidegua,6113,1,2020-12-30
Libertador General Bernardo O'Higgins,6,Pichidegua,6113,1,2021-01-11
Libertador General Bernardo O'Higgins,6,Pichidegua,6113,2,2021-01-14
Libertador General Bernardo O'Higgins,6,Quinta de Tilcoco,6114,1,2020-01-02
Libertador General Bernardo O'Higgins,6,Quinta de Tilcoco,6114,1,2020-01-06
Libertador General Bernardo O'Higgins,6,Quinta de Tilcoco,6114,1,2020-01-10
Libertador General Bernardo O'Higgins,6,Quinta de Tilcoco,6114,1,2020-01-27
Libertador General Bernardo O'Higgins,6,Quinta de Tilcoco,6114,1,2020-01-29
Libertador General Bernardo O'Higgins,6,Quinta de Tilcoco,6114,1,2020-02-03
Libertador General Bernardo O'Higgins,6,Quinta de Tilcoco,6114,1,2020-02-18
Libertador General Bernardo O'Higgins,6,Quinta de Tilcoco,6114,1,2020-02-28
Libertador General Bernardo O'Higgins,6,Quinta de Tilcoco,6114,1,2020-03-06
Libertador General Bernardo O'Higgins,6,Quinta de Tilcoco,6114,1,2020-03-09
Libertador General Bernardo O'Higgins,6,Quinta de Tilcoco,6114,2,2020-03-20
Libertador General Bernardo O'Higgins,6,Quinta de Tilcoco,6114,1,2020-03-23
Libertador General Bernardo O'Higgins,6,Quinta de Tilcoco,6114,1,2020-03-27
Libertador General Bernardo O'Higgins,6,Quinta de Tilcoco,6114,1,2020-04-03
Libertador General Bernardo O'Higgins,6,Quinta de Tilcoco,6114,1,2020-04-06
Libertador General Bernardo O'Higgins,6,Quinta de Tilcoco,6114,1,2020-04-07
Libertador General Bernardo O'Higgins,6,Quinta de Tilcoco,6114,1,2020-04-27
Libertador General Bernardo O'Higgins,6,Quinta de Tilcoco,6114,1,2020-04-29
Libertador General Bernardo O'Higgins,6,Quinta de Tilcoco,6114,2,2020-05-11
Libertador General Bernardo O'Higgins,6,Quinta de Tilcoco,6114,1,2020-05-13
Libertador General Bernardo O'Higgins,6,Quinta de Tilcoco,6114,1,2020-05-15
Libertador General Bernardo O'Higgins,6,Quinta de Tilcoco,6114,1,2020-05-18
Libertador General Bernardo O'Higgins,6,Quinta de Tilcoco,6114,1,2020-05-26
Libertador General Bernardo O'Higgins,6,Quinta de Tilcoco,6114,1,2020-05-27
Libertador General Bernardo O'Higgins,6,Quinta de Tilcoco,6114,1,2020-06-01
Libertador General Bernardo O'Higgins,6,Quinta de Tilcoco,6114,1,2020-06-08
Libertador General Bernardo O'Higgins,6,Quinta de Tilcoco,6114,1,2020-06-10
Libertador General Bernardo O'Higgins,6,Quinta de Tilcoco,6114,1,2020-06-12
Libertador General Bernardo O'Higgins,6,Quinta de Tilcoco,6114,0,2020-06-22
Libertador General Bernardo O'Higgins,6,Quinta de Tilcoco,6114,1,2020-06-24
Libertador General Bernardo O'Higgins,6,Quinta de Tilcoco,6114,1,2020-06-26
Libertador General Bernardo O'Higgins,6,Quinta de Tilcoco,6114,1,2020-06-29
Libertador General Bernardo O'Higgins,6,Quinta de Tilcoco,6114,1,2020-06-30
Libertador General Bernardo O'Higgins,6,Quinta de Tilcoco,6114,3,2020-07-06
Libertador General Bernardo O'Higgins,6,Quinta de Tilcoco,6114,2,2020-07-27
Libertador General Bernardo O'Higgins,6,Quinta de Tilcoco,6114,1,2020-08-10
Libertador General Bernardo O'Higgins,6,Quinta de Tilcoco,6114,3,2020-08-21
Libertador General Bernardo O'Higgins,6,Quinta de Tilcoco,6114,1,2020-08-26
Libertador General Bernardo O'Higgins,6,Quinta de Tilcoco,6114,1,2020-09-11
Libertador General Bernardo O'Higgins,6,Quinta de Tilcoco,6114,2,2020-09-30
Libertador General Bernardo O'Higgins,6,Quinta de Tilcoco,6114,1,2020-10-10
Libertador General Bernardo O'Higgins,6,Quinta de Tilcoco,6114,2,2020-10-14
Libertador General Bernardo O'Higgins,6,Quinta de Tilcoco,6114,1,2020-11-04
Libertador General Bernardo O'Higgins,6,Quinta de Tilcoco,6114,1,2020-11-05
Libertador General Bernardo O'Higgins,6,Quinta de Tilcoco,6114,1,2020-11-09
Libertador General Bernardo O'Higgins,6,Quinta de Tilcoco,6114,1,2020-12-01
Libertador General Bernardo O'Higgins,6,Quinta de Tilcoco,6114,2,2020-12-04
Libertador General Bernardo O'Higgins,6,Quinta de Tilcoco,6114,1,2020-12-09
Libertador General Bernardo O'Higgins,6,Quinta de Tilcoco,6114,1,2020-12-11
Libertador General Bernardo O'Higgins,6,Quinta de Tilcoco,6114,1,2020-12-21
Libertador General Bernardo O'Higgins,6,Quinta de Tilcoco,6114,1,2020-12-25
Libertador General Bernardo O'Higgins,6,Quinta de Tilcoco,6114,1,2020-12-28
Libertador General Bernardo O'Higgins,6,Quinta de Tilcoco,6114,1,2021-01-04
Libertador General Bernardo O'Higgins,6,Quinta de Tilcoco,6114,1,2021-01-11
Libertador General Bernardo O'Higgins,6,Rengo,6115,5,2020-01-02
Libertador General Bernardo O'Higgins,6,Rengo,6115,2,2020-01-03
Libertador General Bernardo O'Higgins,6,Rengo,6115,5,2020-01-06
Libertador General Bernardo O'Higgins,6,Rengo,6115,1,2020-01-07
Libertador General Bernardo O'Higgins,6,Rengo,6115,2,2020-01-08
Libertador General Bernardo O'Higgins,6,Rengo,6115,2,2020-01-13
Libertador General Bernardo O'Higgins,6,Rengo,6115,4,2020-01-14
Libertador General Bernardo O'Higgins,6,Rengo,6115,3,2020-01-20
Libertador General Bernardo O'Higgins,6,Rengo,6115,3,2020-01-22
Libertador General Bernardo O'Higgins,6,Rengo,6115,1,2020-01-23
Libertador General Bernardo O'Higgins,6,Rengo,6115,1,2020-01-24
Libertador General Bernardo O'Higgins,6,Rengo,6115,1,2020-01-26
Libertador General Bernardo O'Higgins,6,Rengo,6115,3,2020-01-27
Libertador General Bernardo O'Higgins,6,Rengo,6115,1,2020-01-31
Libertador General Bernardo O'Higgins,6,Rengo,6115,1,2020-02-03
Libertador General Bernardo O'Higgins,6,Rengo,6115,2,2020-02-07
Libertador General Bernardo O'Higgins,6,Rengo,6115,4,2020-02-10
Libertador General Bernardo O'Higgins,6,Rengo,6115,1,2020-02-11
Libertador General Bernardo O'Higgins,6,Rengo,6115,2,2020-02-13
Libertador General Bernardo O'Higgins,6,Rengo,6115,1,2020-02-14
Libertador General Bernardo O'Higgins,6,Rengo,6115,3,2020-02-17
Libertador General Bernardo O'Higgins,6,Rengo,6115,3,2020-02-18
Libertador General Bernardo O'Higgins,6,Rengo,6115,1,2020-02-19
Libertador General Bernardo O'Higgins,6,Rengo,6115,1,2020-02-20
Libertador General Bernardo O'Higgins,6,Rengo,6115,2,2020-02-21
Libertador General Bernardo O'Higgins,6,Rengo,6115,2,2020-02-24
Libertador General Bernardo O'Higgins,6,Rengo,6115,1,2020-02-27
Libertador General Bernardo O'Higgins,6,Rengo,6115,1,2020-03-03
Libertador General Bernardo O'Higgins,6,Rengo,6115,2,2020-03-04
Libertador General Bernardo O'Higgins,6,Rengo,6115,1,2020-03-06
Libertador General Bernardo O'Higgins,6,Rengo,6115,4,2020-03-09
Libertador General Bernardo O'Higgins,6,Rengo,6115,1,2020-03-10
Libertador General Bernardo O'Higgins,6,Rengo,6115,1,2020-03-11
Libertador General Bernardo O'Higgins,6,Rengo,6115,2,2020-03-13
Libertador General Bernardo O'Higgins,6,Rengo,6115,2,2020-03-16
Libertador General Bernardo O'Higgins,6,Rengo,6115,1,2020-03-17
Libertador General Bernardo O'Higgins,6,Rengo,6115,1,2020-03-18
Libertador General Bernardo O'Higgins,6,Rengo,6115,1,2020-03-19
Libertador General Bernardo O'Higgins,6,Rengo,6115,2,2020-03-20
Libertador General Bernardo O'Higgins,6,Rengo,6115,1,2020-03-23
Libertador General Bernardo O'Higgins,6,Rengo,6115,1,2020-03-24
Libertador General Bernardo O'Higgins,6,Rengo,6115,1,2020-03-26
Libertador General Bernardo O'Higgins,6,Rengo,6115,2,2020-03-27
Libertador General Bernardo O'Higgins,6,Rengo,6115,1,2020-03-30
Libertador General Bernardo O'Higgins,6,Rengo,6115,2,2020-03-31
Libertador General Bernardo O'Higgins,6,Rengo,6115,1,2020-04-02
Libertador General Bernardo O'Higgins,6,Rengo,6115,3,2020-04-03
Libertador General Bernardo O'Higgins,6,Rengo,6115,2,2020-04-06
Libertador General Bernardo O'Higgins,6,Rengo,6115,2,2020-04-07
Libertador General Bernardo O'Higgins,6,Rengo,6115,1,2020-04-08
Libertador General Bernardo O'Higgins,6,Rengo,6115,4,2020-04-09
Libertador General Bernardo O'Higgins,6,Rengo,6115,1,2020-04-10
Libertador General Bernardo O'Higgins,6,Rengo,6115,4,2020-04-13
Libertador General Bernardo O'Higgins,6,Rengo,6115,1,2020-04-14
Libertador General Bernardo O'Higgins,6,Rengo,6115,1,2020-04-15
Libertador General Bernardo O'Higgins,6,Rengo,6115,1,2020-04-16
Libertador General Bernardo O'Higgins,6,Rengo,6115,2,2020-04-17
Libertador General Bernardo O'Higgins,6,Rengo,6115,1,2020-04-20
Libertador General Bernardo O'Higgins,6,Rengo,6115,2,2020-04-22
Libertador General Bernardo O'Higgins,6,Rengo,6115,1,2020-04-23
Libertador General Bernardo O'Higgins,6,Rengo,6115,3,2020-04-24
Libertador General Bernardo O'Higgins,6,Rengo,6115,5,2020-04-27
Libertador General Bernardo O'Higgins,6,Rengo,6115,1,2020-04-29
Libertador General Bernardo O'Higgins,6,Rengo,6115,1,2020-05-01
Libertador General Bernardo O'Higgins,6,Rengo,6115,2,2020-05-04
Libertador General Bernardo O'Higgins,6,Rengo,6115,3,2020-05-05
Libertador General Bernardo O'Higgins,6,Rengo,6115,3,2020-05-07
Libertador General Bernardo O'Higgins,6,Rengo,6115,2,2020-05-08
Libertador General Bernardo O'Higgins,6,Rengo,6115,1,2020-05-11
Libertador General Bernardo O'Higgins,6,Rengo,6115,1,2020-05-12
Libertador General Bernardo O'Higgins,6,Rengo,6115,2,2020-05-14
Libertador General Bernardo O'Higgins,6,Rengo,6115,1,2020-05-18
Libertador General Bernardo O'Higgins,6,Rengo,6115,1,2020-05-20
Libertador General Bernardo O'Higgins,6,Rengo,6115,1,2020-05-22
Libertador General Bernardo O'Higgins,6,Rengo,6115,2,2020-05-25
Libertador General Bernardo O'Higgins,6,Rengo,6115,2,2020-05-26
Libertador General Bernardo O'Higgins,6,Rengo,6115,1,2020-05-27
Libertador General Bernardo O'Higgins,6,Rengo,6115,3,2020-05-28
Libertador General Bernardo O'Higgins,6,Rengo,6115,3,2020-05-29
Libertador General Bernardo O'Higgins,6,Rengo,6115,4,2020-06-01
Libertador General Bernardo O'Higgins,6,Rengo,6115,2,2020-06-02
Libertador General Bernardo O'Higgins,6,Rengo,6115,3,2020-06-03
Libertador General Bernardo O'Higgins,6,Rengo,6115,1,2020-06-04
Libertador General Bernardo O'Higgins,6,Rengo,6115,2,2020-06-08
Libertador General Bernardo O'Higgins,6,Rengo,6115,4,2020-06-09
Libertador General Bernardo O'Higgins,6,Rengo,6115,2,2020-06-10
Libertador General Bernardo O'Higgins,6,Rengo,6115,1,2020-06-11
Libertador General Bernardo O'Higgins,6,Rengo,6115,1,2020-06-12
Libertador General Bernardo O'Higgins,6,Rengo,6115,1,2020-06-14
Libertador General Bernardo O'Higgins,6,Rengo,6115,7,2020-06-15
Libertador General Bernardo O'Higgins,6,Rengo,6115,1,2020-06-16
Libertador General Bernardo O'Higgins,6,Rengo,6115,5,2020-06-17
Libertador General Bernardo O'Higgins,6,Rengo,6115,7,2020-06-22
Libertador General Bernardo O'Higgins,6,Rengo,6115,2,2020-06-23
Libertador General Bernardo O'Higgins,6,Rengo,6115,1,2020-06-24
Libertador General Bernardo O'Higgins,6,Rengo,6115,3,2020-06-26
Libertador General Bernardo O'Higgins,6,Rengo,6115,1,2020-06-29
Libertador General Bernardo O'Higgins,6,Rengo,6115,3,2020-06-30
Libertador General Bernardo O'Higgins,6,Rengo,6115,1,2020-07-01
Libertador General Bernardo O'Higgins,6,Rengo,6115,2,2020-07-02
Libertador General Bernardo O'Higgins,6,Rengo,6115,3,2020-07-03
Libertador General Bernardo O'Higgins,6,Rengo,6115,5,2020-07-06
Libertador General Bernardo O'Higgins,6,Rengo,6115,2,2020-07-07
Libertador General Bernardo O'Higgins,6,Rengo,6115,1,2020-07-09
Libertador General Bernardo O'Higgins,6,Rengo,6115,1,2020-07-10
Libertador General Bernardo O'Higgins,6,Rengo,6115,6,2020-07-13
Libertador General Bernardo O'Higgins,6,Rengo,6115,1,2020-07-14
Libertador General Bernardo O'Higgins,6,Rengo,6115,1,2020-07-15
Libertador General Bernardo O'Higgins,6,Rengo,6115,5,2020-07-17
Libertador General Bernardo O'Higgins,6,Rengo,6115,4,2020-07-20
Libertador General Bernardo O'Higgins,6,Rengo,6115,4,2020-07-21
Libertador General Bernardo O'Higgins,6,Rengo,6115,2,2020-07-22
Libertador General Bernardo O'Higgins,6,Rengo,6115,1,2020-07-24
Libertador General Bernardo O'Higgins,6,Rengo,6115,7,2020-07-27
Libertador General Bernardo O'Higgins,6,Rengo,6115,3,2020-07-28
Libertador General Bernardo O'Higgins,6,Rengo,6115,1,2020-07-29
Libertador General Bernardo O'Higgins,6,Rengo,6115,6,2020-07-31
Libertador General Bernardo O'Higgins,6,Rengo,6115,5,2020-08-03
Libertador General Bernardo O'Higgins,6,Rengo,6115,6,2020-08-04
Libertador General Bernardo O'Higgins,6,Rengo,6115,2,2020-08-05
Libertador General Bernardo O'Higgins,6,Rengo,6115,1,2020-08-06
Libertador General Bernardo O'Higgins,6,Rengo,6115,3,2020-08-07
Libertador General Bernardo O'Higgins,6,Rengo,6115,1,2020-08-08
Libertador General Bernardo O'Higgins,6,Rengo,6115,8,2020-08-10
Libertador General Bernardo O'Higgins,6,Rengo,6115,1,2020-08-11
Libertador General Bernardo O'Higgins,6,Rengo,6115,3,2020-08-12
Libertador General Bernardo O'Higgins,6,Rengo,6115,3,2020-08-13
Libertador General Bernardo O'Higgins,6,Rengo,6115,6,2020-08-17
Libertador General Bernardo O'Higgins,6,Rengo,6115,3,2020-08-19
Libertador General Bernardo O'Higgins,6,Rengo,6115,1,2020-08-20
Libertador General Bernardo O'Higgins,6,Rengo,6115,1,2020-08-21
Libertador General Bernardo O'Higgins,6,Rengo,6115,7,2020-08-24
Libertador General Bernardo O'Higgins,6,Rengo,6115,1,2020-08-25
Libertador General Bernardo O'Higgins,6,Rengo,6115,1,2020-08-26
Libertador General Bernardo O'Higgins,6,Rengo,6115,1,2020-08-27
Libertador General Bernardo O'Higgins,6,Rengo,6115,1,2020-08-28
Libertador General Bernardo O'Higgins,6,Rengo,6115,4,2020-08-31
Libertador General Bernardo O'Higgins,6,Rengo,6115,2,2020-09-01
Libertador General Bernardo O'Higgins,6,Rengo,6115,2,2020-09-02
Libertador General Bernardo O'Higgins,6,Rengo,6115,1,2020-09-04
Libertador General Bernardo O'Higgins,6,Rengo,6115,1,2020-09-07
Libertador General Bernardo O'Higgins,6,Rengo,6115,2,2020-09-14
Libertador General Bernardo O'Higgins,6,Rengo,6115,1,2020-09-15
Libertador General Bernardo O'Higgins,6,Rengo,6115,1,2020-09-16
Libertador General Bernardo O'Higgins,6,Rengo,6115,6,2020-09-21
Libertador General Bernardo O'Higgins,6,Rengo,6115,3,2020-09-22
Libertador General Bernardo O'Higgins,6,Rengo,6115,1,2020-09-24
Libertador General Bernardo O'Higgins,6,Rengo,6115,6,2020-09-28
Libertador General Bernardo O'Higgins,6,Rengo,6115,2,2020-10-01
Libertador General Bernardo O'Higgins,6,Rengo,6115,2,2020-10-02
Libertador General Bernardo O'Higgins,6,Rengo,6115,1,2020-10-03
Libertador General Bernardo O'Higgins,6,Rengo,6115,3,2020-10-05
Libertador General Bernardo O'Higgins,6,Rengo,6115,1,2020-10-06
Libertador General Bernardo O'Higgins,6,Rengo,6115,1,2020-10-07
Libertador General Bernardo O'Higgins,6,Rengo,6115,1,2020-10-08
Libertador General Bernardo O'Higgins,6,Rengo,6115,3,2020-10-09
Libertador General Bernardo O'Higgins,6,Rengo,6115,1,2020-10-10
Libertador General Bernardo O'Higgins,6,Rengo,6115,10,2020-10-13
Libertador General Bernardo O'Higgins,6,Rengo,6115,3,2020-10-14
Libertador General Bernardo O'Higgins,6,Rengo,6115,3,2020-10-15
Libertador General Bernardo O'Higgins,6,Rengo,6115,1,2020-10-16
Libertador General Bernardo O'Higgins,6,Rengo,6115,7,2020-10-19
Libertador General Bernardo O'Higgins,6,Rengo,6115,2,2020-10-20
Libertador General Bernardo O'Higgins,6,Rengo,6115,2,2020-10-21
Libertador General Bernardo O'Higgins,6,Rengo,6115,1,2020-10-22
Libertador General Bernardo O'Higgins,6,Rengo,6115,3,2020-10-23
Libertador General Bernardo O'Higgins,6,Rengo,6115,5,2020-10-26
Libertador General Bernardo O'Higgins,6,Rengo,6115,2,2020-10-27
Libertador General Bernardo O'Higgins,6,Rengo,6115,1,2020-10-28
Libertador General Bernardo O'Higgins,6,Rengo,6115,2,2020-10-29
Libertador General Bernardo O'Higgins,6,Rengo,6115,1,2020-10-30
Libertador General Bernardo O'Higgins,6,Rengo,6115,4,2020-11-02
Libertador General Bernardo O'Higgins,6,Rengo,6115,1,2020-11-03
Libertador General Bernardo O'Higgins,6,Rengo,6115,3,2020-11-04
Libertador General Bernardo O'Higgins,6,Rengo,6115,3,2020-11-06
Libertador General Bernardo O'Higgins,6,Rengo,6115,5,2020-11-09
Libertador General Bernardo O'Higgins,6,Rengo,6115,2,2020-11-10
Libertador General Bernardo O'Higgins,6,Rengo,6115,2,2020-11-13
Libertador General Bernardo O'Higgins,6,Rengo,6115,1,2020-11-14
Libertador General Bernardo O'Higgins,6,Rengo,6115,3,2020-11-16
Libertador General Bernardo O'Higgins,6,Rengo,6115,2,2020-11-17
Libertador General Bernardo O'Higgins,6,Rengo,6115,1,2020-11-18
Libertador General Bernardo O'Higgins,6,Rengo,6115,1,2020-11-19
Libertador General Bernardo O'Higgins,6,Rengo,6115,1,2020-11-20
Libertador General Bernardo O'Higgins,6,Rengo,6115,8,2020-11-23
Libertador General Bernardo O'Higgins,6,Rengo,6115,2,2020-11-24
Libertador General Bernardo O'Higgins,6,Rengo,6115,1,2020-11-25
Libertador General Bernardo O'Higgins,6,Rengo,6115,2,2020-11-27
Libertador General Bernardo O'Higgins,6,Rengo,6115,4,2020-11-30
Libertador General Bernardo O'Higgins,6,Rengo,6115,1,2020-12-01
Libertador General Bernardo O'Higgins,6,Rengo,6115,1,2020-12-02
Libertador General Bernardo O'Higgins,6,Rengo,6115,2,2020-12-07
Libertador General Bernardo O'Higgins,6,Rengo,6115,3,2020-12-09
Libertador General Bernardo O'Higgins,6,Rengo,6115,1,2020-12-10
Libertador General Bernardo O'Higgins,6,Rengo,6115,3,2020-12-14
Libertador General Bernardo O'Higgins,6,Rengo,6115,5,2020-12-15
Libertador General Bernardo O'Higgins,6,Rengo,6115,1,2020-12-16
Libertador General Bernardo O'Higgins,6,Rengo,6115,2,2020-12-17
Libertador General Bernardo O'Higgins,6,Rengo,6115,3,2020-12-18
Libertador General Bernardo O'Higgins,6,Rengo,6115,2,2020-12-21
Libertador General Bernardo O'Higgins,6,Rengo,6115,1,2020-12-22
Libertador General Bernardo O'Higgins,6,Rengo,6115,1,2020-12-24
Libertador General Bernardo O'Higgins,6,Rengo,6115,1,2020-12-25
Libertador General Bernardo O'Higgins,6,Rengo,6115,5,2020-12-28
Libertador General Bernardo O'Higgins,6,Rengo,6115,2,2020-12-29
Libertador General Bernardo O'Higgins,6,Rengo,6115,2,2020-12-30
Libertador General Bernardo O'Higgins,6,Rengo,6115,2,2020-12-31
Libertador General Bernardo O'Higgins,6,Rengo,6115,6,2021-01-04
Libertador General Bernardo O'Higgins,6,Rengo,6115,3,2021-01-05
Libertador General Bernardo O'Higgins,6,Rengo,6115,2,2021-01-06
Libertador General Bernardo O'Higgins,6,Rengo,6115,5,2021-01-08
Libertador General Bernardo O'Higgins,6,Rengo,6115,1,2021-01-10
Libertador General Bernardo O'Higgins,6,Rengo,6115,3,2021-01-11
Libertador General Bernardo O'Higgins,6,Rengo,6115,2,2021-01-14
Libertador General Bernardo O'Higgins,6,Requínoa,6116,1,2020-01-16
Libertador General Bernardo O'Higgins,6,Requínoa,6116,1,2020-01-20
Libertador General Bernardo O'Higgins,6,Requínoa,6116,1,2020-01-21
Libertador General Bernardo O'Higgins,6,Requínoa,6116,3,2020-01-23
Libertador General Bernardo O'Higgins,6,Requínoa,6116,1,2020-01-28
Libertador General Bernardo O'Higgins,6,Requínoa,6116,1,2020-02-05
Libertador General Bernardo O'Higgins,6,Requínoa,6116,1,2020-02-08
Libertador General Bernardo O'Higgins,6,Requínoa,6116,1,2020-02-10
Libertador General Bernardo O'Higgins,6,Requínoa,6116,1,2020-02-17
Libertador General Bernardo O'Higgins,6,Requínoa,6116,1,2020-02-24
Libertador General Bernardo O'Higgins,6,Requínoa,6116,1,2020-03-02
Libertador General Bernardo O'Higgins,6,Requínoa,6116,2,2020-03-06
Libertador General Bernardo O'Higgins,6,Requínoa,6116,1,2020-03-16
Libertador General Bernardo O'Higgins,6,Requínoa,6116,1,2020-03-24
Libertador General Bernardo O'Higgins,6,Requínoa,6116,1,2020-03-31
Libertador General Bernardo O'Higgins,6,Requínoa,6116,1,2020-04-14
Libertador General Bernardo O'Higgins,6,Requínoa,6116,1,2020-05-06
Libertador General Bernardo O'Higgins,6,Requínoa,6116,1,2020-05-11
Libertador General Bernardo O'Higgins,6,Requínoa,6116,1,2020-05-14
Libertador General Bernardo O'Higgins,6,Requínoa,6116,1,2020-05-20
Libertador General Bernardo O'Higgins,6,Requínoa,6116,1,2020-05-21
Libertador General Bernardo O'Higgins,6,Requínoa,6116,1,2020-05-23
Libertador General Bernardo O'Higgins,6,Requínoa,6116,1,2020-05-25
Libertador General Bernardo O'Higgins,6,Requínoa,6116,1,2020-05-26
Libertador General Bernardo O'Higgins,6,Requínoa,6116,1,2020-05-27
Libertador General Bernardo O'Higgins,6,Requínoa,6116,1,2020-06-01
Libertador General Bernardo O'Higgins,6,Requínoa,6116,1,2020-06-23
Libertador General Bernardo O'Higgins,6,Requínoa,6116,1,2020-06-28
Libertador General Bernardo O'Higgins,6,Requínoa,6116,2,2020-06-30
Libertador General Bernardo O'Higgins,6,Requínoa,6116,1,2020-07-02
Libertador General Bernardo O'Higgins,6,Requínoa,6116,2,2020-07-03
Libertador General Bernardo O'Higgins,6,Requínoa,6116,2,2020-07-06
Libertador General Bernardo O'Higgins,6,Requínoa,6116,2,2020-07-07
Libertador General Bernardo O'Higgins,6,Requínoa,6116,1,2020-07-09
Libertador General Bernardo O'Higgins,6,Requínoa,6116,1,2020-07-17
Libertador General Bernardo O'Higgins,6,Requínoa,6116,1,2020-07-24
Libertador General Bernardo O'Higgins,6,Requínoa,6116,1,2020-07-30
Libertador General Bernardo O'Higgins,6,Requínoa,6116,2,2020-08-04
Libertador General Bernardo O'Higgins,6,Requínoa,6116,2,2020-08-12
Libertador General Bernardo O'Higgins,6,Requínoa,6116,1,2020-08-14
Libertador General Bernardo O'Higgins,6,Requínoa,6116,1,2020-08-26
Libertador General Bernardo O'Higgins,6,Requínoa,6116,1,2020-08-28
Libertador General Bernardo O'Higgins,6,Requínoa,6116,3,2020-08-31
Libertador General Bernardo O'Higgins,6,Requínoa,6116,2,2020-09-15
Libertador General Bernardo O'Higgins,6,Requínoa,6116,1,2020-09-18
Libertador General Bernardo O'Higgins,6,Requínoa,6116,1,2020-09-21
Libertador General Bernardo O'Higgins,6,Requínoa,6116,1,2020-09-30
Libertador General Bernardo O'Higgins,6,Requínoa,6116,2,2020-10-02
Libertador General Bernardo O'Higgins,6,Requínoa,6116,1,2020-10-18
Libertador General Bernardo O'Higgins,6,Requínoa,6116,1,2020-10-19
Libertador General Bernardo O'Higgins,6,Requínoa,6116,1,2020-10-29
Libertador General Bernardo O'Higgins,6,Requínoa,6116,1,2020-11-02
Libertador General Bernardo O'Higgins,6,Requínoa,6116,1,2020-11-09
Libertador General Bernardo O'Higgins,6,Requínoa,6116,1,2020-11-16
Libertador General Bernardo O'Higgins,6,Requínoa,6116,1,2020-11-22
Libertador General Bernardo O'Higgins,6,Requínoa,6116,3,2020-11-23
Libertador General Bernardo O'Higgins,6,Requínoa,6116,1,2020-11-24
Libertador General Bernardo O'Higgins,6,Requínoa,6116,1,2020-11-30
Libertador General Bernardo O'Higgins,6,Requínoa,6116,1,2020-12-07
Libertador General Bernardo O'Higgins,6,Requínoa,6116,1,2020-12-14
Libertador General Bernardo O'Higgins,6,Requínoa,6116,1,2020-12-23
Libertador General Bernardo O'Higgins,6,Requínoa,6116,1,2020-12-24
Libertador General Bernardo O'Higgins,6,Requínoa,6116,2,2020-12-26
Libertador General Bernardo O'Higgins,6,Requínoa,6116,1,2020-12-27
Libertador General Bernardo O'Higgins,6,Requínoa,6116,1,2020-12-29
Libertador General Bernardo O'Higgins,6,Requínoa,6116,1,2020-12-30
Libertador General Bernardo O'Higgins,6,Requínoa,6116,1,2021-01-01
Libertador General Bernardo O'Higgins,6,Requínoa,6116,1,2021-01-11
Libertador General Bernardo O'Higgins,6,San Vicente,6117,1,2020-01-02
Libertador General Bernardo O'Higgins,6,San Vicente,6117,1,2020-01-03
Libertador General Bernardo O'Higgins,6,San Vicente,6117,2,2020-01-06
Libertador General Bernardo O'Higgins,6,San Vicente,6117,1,2020-01-07
Libertador General Bernardo O'Higgins,6,San Vicente,6117,1,2020-01-09
Libertador General Bernardo O'Higgins,6,San Vicente,6117,2,2020-01-13
Libertador General Bernardo O'Higgins,6,San Vicente,6117,1,2020-01-15
Libertador General Bernardo O'Higgins,6,San Vicente,6117,1,2020-01-17
Libertador General Bernardo O'Higgins,6,San Vicente,6117,2,2020-01-20
Libertador General Bernardo O'Higgins,6,San Vicente,6117,1,2020-01-21
Libertador General Bernardo O'Higgins,6,San Vicente,6117,2,2020-01-23
Libertador General Bernardo O'Higgins,6,San Vicente,6117,3,2020-01-27
Libertador General Bernardo O'Higgins,6,San Vicente,6117,1,2020-01-31
Libertador General Bernardo O'Higgins,6,San Vicente,6117,1,2020-02-03
Libertador General Bernardo O'Higgins,6,San Vicente,6117,1,2020-02-04
Libertador General Bernardo O'Higgins,6,San Vicente,6117,1,2020-02-06
Libertador General Bernardo O'Higgins,6,San Vicente,6117,1,2020-02-07
Libertador General Bernardo O'Higgins,6,San Vicente,6117,1,2020-02-10
Libertador General Bernardo O'Higgins,6,San Vicente,6117,3,2020-02-11
Libertador General Bernardo O'Higgins,6,San Vicente,6117,1,2020-02-17
Libertador General Bernardo O'Higgins,6,San Vicente,6117,1,2020-02-18
Libertador General Bernardo O'Higgins,6,San Vicente,6117,1,2020-02-24
Libertador General Bernardo O'Higgins,6,San Vicente,6117,1,2020-02-25
Libertador General Bernardo O'Higgins,6,San Vicente,6117,1,2020-03-04
Libertador General Bernardo O'Higgins,6,San Vicente,6117,1,2020-03-11
Libertador General Bernardo O'Higgins,6,San Vicente,6117,1,2020-03-13
Libertador General Bernardo O'Higgins,6,San Vicente,6117,1,2020-03-18
Libertador General Bernardo O'Higgins,6,San Vicente,6117,2,2020-03-21
Libertador General Bernardo O'Higgins,6,San Vicente,6117,2,2020-03-24
Libertador General Bernardo O'Higgins,6,San Vicente,6117,1,2020-03-26
Libertador General Bernardo O'Higgins,6,San Vicente,6117,1,2020-03-27
Libertador General Bernardo O'Higgins,6,San Vicente,6117,1,2020-03-30
Libertador General Bernardo O'Higgins,6,San Vicente,6117,2,2020-04-01
Libertador General Bernardo O'Higgins,6,San Vicente,6117,1,2020-04-04
Libertador General Bernardo O'Higgins,6,San Vicente,6117,0,2020-04-05
Libertador General Bernardo O'Higgins,6,San Vicente,6117,2,2020-04-09
Libertador General Bernardo O'Higgins,6,San Vicente,6117,1,2020-04-11
Libertador General Bernardo O'Higgins,6,San Vicente,6117,2,2020-04-12
Libertador General Bernardo O'Higgins,6,San Vicente,6117,2,2020-04-13
Libertador General Bernardo O'Higgins,6,San Vicente,6117,1,2020-04-16
Libertador General Bernardo O'Higgins,6,San Vicente,6117,1,2020-04-17
Libertador General Bernardo O'Higgins,6,San Vicente,6117,1,2020-04-20
Libertador General Bernardo O'Higgins,6,San Vicente,6117,2,2020-04-22
Libertador General Bernardo O'Higgins,6,San Vicente,6117,1,2020-04-23
Libertador General Bernardo O'Higgins,6,San Vicente,6117,1,2020-04-27
Libertador General Bernardo O'Higgins,6,San Vicente,6117,6,2020-05-04
Libertador General Bernardo O'Higgins,6,San Vicente,6117,1,2020-05-07
Libertador General Bernardo O'Higgins,6,San Vicente,6117,2,2020-05-15
Libertador General Bernardo O'Higgins,6,San Vicente,6117,2,2020-05-18
Libertador General Bernardo O'Higgins,6,San Vicente,6117,2,2020-05-22
Libertador General Bernardo O'Higgins,6,San Vicente,6117,3,2020-05-25
Libertador General Bernardo O'Higgins,6,San Vicente,6117,1,2020-05-29
Libertador General Bernardo O'Higgins,6,San Vicente,6117,2,2020-06-02
Libertador General Bernardo O'Higgins,6,San Vicente,6117,2,2020-06-09
Libertador General Bernardo O'Higgins,6,San Vicente,6117,2,2020-06-12
Libertador General Bernardo O'Higgins,6,San Vicente,6117,1,2020-06-14
Libertador General Bernardo O'Higgins,6,San Vicente,6117,3,2020-06-15
Libertador General Bernardo O'Higgins,6,San Vicente,6117,3,2020-06-16
Libertador General Bernardo O'Higgins,6,San Vicente,6117,2,2020-06-18
Libertador General Bernardo O'Higgins,6,San Vicente,6117,1,2020-06-19
Libertador General Bernardo O'Higgins,6,San Vicente,6117,3,2020-06-22
Libertador General Bernardo O'Higgins,6,San Vicente,6117,2,2020-06-23
Libertador General Bernardo O'Higgins,6,San Vicente,6117,1,2020-06-24
Libertador General Bernardo O'Higgins,6,San Vicente,6117,5,2020-06-26
Libertador General Bernardo O'Higgins,6,San Vicente,6117,4,2020-06-30
Libertador General Bernardo O'Higgins,6,San Vicente,6117,1,2020-07-01
Libertador General Bernardo O'Higgins,6,San Vicente,6117,2,2020-07-02
Libertador General Bernardo O'Higgins,6,San Vicente,6117,1,2020-07-03
Libertador General Bernardo O'Higgins,6,San Vicente,6117,3,2020-07-06
Libertador General Bernardo O'Higgins,6,San Vicente,6117,2,2020-07-07
Libertador General Bernardo O'Higgins,6,San Vicente,6117,1,2020-07-10
Libertador General Bernardo O'Higgins,6,San Vicente,6117,2,2020-07-13
Libertador General Bernardo O'Higgins,6,San Vicente,6117,1,2020-07-15
Libertador General Bernardo O'Higgins,6,San Vicente,6117,1,2020-07-17
Libertador General Bernardo O'Higgins,6,San Vicente,6117,2,2020-07-20
Libertador General Bernardo O'Higgins,6,San Vicente,6117,1,2020-07-21
Libertador General Bernardo O'Higgins,6,San Vicente,6117,2,2020-07-22
Libertador General Bernardo O'Higgins,6,San Vicente,6117,1,2020-07-24
Libertador General Bernardo O'Higgins,6,San Vicente,6117,1,2020-07-27
Libertador General Bernardo O'Higgins,6,San Vicente,6117,1,2020-07-28
Libertador General Bernardo O'Higgins,6,San Vicente,6117,3,2020-07-29
Libertador General Bernardo O'Higgins,6,San Vicente,6117,2,2020-07-30
Libertador General Bernardo O'Higgins,6,San Vicente,6117,1,2020-07-31
Libertador General Bernardo O'Higgins,6,San Vicente,6117,4,2020-08-03
Libertador General Bernardo O'Higgins,6,San Vicente,6117,1,2020-08-04
Libertador General Bernardo O'Higgins,6,San Vicente,6117,1,2020-08-07
Libertador General Bernardo O'Higgins,6,San Vicente,6117,2,2020-08-10
Libertador General Bernardo O'Higgins,6,San Vicente,6117,1,2020-08-13
Libertador General Bernardo O'Higgins,6,San Vicente,6117,2,2020-08-14
Libertador General Bernardo O'Higgins,6,San Vicente,6117,1,2020-08-17
Libertador General Bernardo O'Higgins,6,San Vicente,6117,3,2020-08-18
Libertador General Bernardo O'Higgins,6,San Vicente,6117,1,2020-08-19
Libertador General Bernardo O'Higgins,6,San Vicente,6117,1,2020-08-24
Libertador General Bernardo O'Higgins,6,San Vicente,6117,1,2020-08-25
Libertador General Bernardo O'Higgins,6,San Vicente,6117,1,2020-08-28
Libertador General Bernardo O'Higgins,6,San Vicente,6117,5,2020-08-31
Libertador General Bernardo O'Higgins,6,San Vicente,6117,1,2020-09-07
Libertador General Bernardo O'Higgins,6,San Vicente,6117,1,2020-09-09
Libertador General Bernardo O'Higgins,6,San Vicente,6117,3,2020-09-14
Libertador General Bernardo O'Higgins,6,San Vicente,6117,2,2020-09-15
Libertador General Bernardo O'Higgins,6,San Vicente,6117,3,2020-09-16
Libertador General Bernardo O'Higgins,6,San Vicente,6117,3,2020-09-21
Libertador General Bernardo O'Higgins,6,San Vicente,6117,1,2020-09-23
Libertador General Bernardo O'Higgins,6,San Vicente,6117,3,2020-09-25
Libertador General Bernardo O'Higgins,6,San Vicente,6117,1,2020-09-28
Libertador General Bernardo O'Higgins,6,San Vicente,6117,1,2020-09-29
Libertador General Bernardo O'Higgins,6,San Vicente,6117,1,2020-10-01
Libertador General Bernardo O'Higgins,6,San Vicente,6117,4,2020-10-02
Libertador General Bernardo O'Higgins,6,San Vicente,6117,4,2020-10-06
Libertador General Bernardo O'Higgins,6,San Vicente,6117,1,2020-10-07
Libertador General Bernardo O'Higgins,6,San Vicente,6117,2,2020-10-08
Libertador General Bernardo O'Higgins,6,San Vicente,6117,1,2020-10-09
Libertador General Bernardo O'Higgins,6,San Vicente,6117,1,2020-10-10
Libertador General Bernardo O'Higgins,6,San Vicente,6117,1,2020-10-13
Libertador General Bernardo O'Higgins,6,San Vicente,6117,2,2020-10-15
Libertador General Bernardo O'Higgins,6,San Vicente,6117,1,2020-10-21
Libertador General Bernardo O'Higgins,6,San Vicente,6117,1,2020-10-26
Libertador General Bernardo O'Higgins,6,San Vicente,6117,3,2020-10-28
Libertador General Bernardo O'Higgins,6,San Vicente,6117,3,2020-10-29
Libertador General Bernardo O'Higgins,6,San Vicente,6117,1,2020-11-03
Libertador General Bernardo O'Higgins,6,San Vicente,6117,1,2020-11-04
Libertador General Bernardo O'Higgins,6,San Vicente,6117,2,2020-11-09
Libertador General Bernardo O'Higgins,6,San Vicente,6117,2,2020-11-10
Libertador General Bernardo O'Higgins,6,San Vicente,6117,2,2020-11-11
Libertador General Bernardo O'Higgins,6,San Vicente,6117,1,2020-11-12
Libertador General Bernardo O'Higgins,6,San Vicente,6117,1,2020-11-13
Libertador General Bernardo O'Higgins,6,San Vicente,6117,1,2020-11-16
Libertador General Bernardo O'Higgins,6,San Vicente,6117,2,2020-11-23
Libertador General Bernardo O'Higgins,6,San Vicente,6117,2,2020-11-26
Libertador General Bernardo O'Higgins,6,San Vicente,6117,3,2020-11-30
Libertador General Bernardo O'Higgins,6,San Vicente,6117,1,2020-12-01
Libertador General Bernardo O'Higgins,6,San Vicente,6117,1,2020-12-03
Libertador General Bernardo O'Higgins,6,San Vicente,6117,1,2020-12-09
Libertador General Bernardo O'Higgins,6,San Vicente,6117,1,2020-12-11
Libertador General Bernardo O'Higgins,6,San Vicente,6117,3,2020-12-14
Libertador General Bernardo O'Higgins,6,San Vicente,6117,2,2020-12-23
Libertador General Bernardo O'Higgins,6,San Vicente,6117,1,2020-12-24
Libertador General Bernardo O'Higgins,6,San Vicente,6117,4,2020-12-28
Libertador General Bernardo O'Higgins,6,San Vicente,6117,1,2020-12-29
Libertador General Bernardo O'Higgins,6,San Vicente,6117,1,2020-12-30
Libertador General Bernardo O'Higgins,6,San Vicente,6117,1,2021-01-04
Libertador General Bernardo O'Higgins,6,San Vicente,6117,2,2021-01-05
Libertador General Bernardo O'Higgins,6,San Vicente,6117,1,2021-01-07
Libertador General Bernardo O'Higgins,6,San Vicente,6117,1,2021-01-12
Libertador General Bernardo O'Higgins,6,San Vicente,6117,1,2021-01-13
Libertador General Bernardo O'Higgins,6,San Vicente,6117,2,2021-01-14
Libertador General Bernardo O'Higgins,6,Pichilemu,6201,1,2020-01-06
Libertador General Bernardo O'Higgins,6,Pichilemu,6201,1,2020-01-10
Libertador General Bernardo O'Higgins,6,Pichilemu,6201,1,2020-01-13
Libertador General Bernardo O'Higgins,6,Pichilemu,6201,1,2020-01-22
Libertador General Bernardo O'Higgins,6,Pichilemu,6201,1,2020-01-27
Libertador General Bernardo O'Higgins,6,Pichilemu,6201,1,2020-02-03
Libertador General Bernardo O'Higgins,6,Pichilemu,6201,1,2020-02-11
Libertador General Bernardo O'Higgins,6,Pichilemu,6201,1,2020-02-13
Libertador General Bernardo O'Higgins,6,Pichilemu,6201,1,2020-02-17
Libertador General Bernardo O'Higgins,6,Pichilemu,6201,1,2020-03-06
Libertador General Bernardo O'Higgins,6,Pichilemu,6201,1,2020-03-16
Libertador General Bernardo O'Higgins,6,Pichilemu,6201,1,2020-03-18
Libertador General Bernardo O'Higgins,6,Pichilemu,6201,1,2020-03-19
Libertador General Bernardo O'Higgins,6,Pichilemu,6201,1,2020-03-20
Libertador General Bernardo O'Higgins,6,Pichilemu,6201,1,2020-03-23
Libertador General Bernardo O'Higgins,6,Pichilemu,6201,1,2020-03-30
Libertador General Bernardo O'Higgins,6,Pichilemu,6201,2,2020-04-06
Libertador General Bernardo O'Higgins,6,Pichilemu,6201,1,2020-04-08
Libertador General Bernardo O'Higgins,6,Pichilemu,6201,1,2020-04-09
Libertador General Bernardo O'Higgins,6,Pichilemu,6201,1,2020-04-13
Libertador General Bernardo O'Higgins,6,Pichilemu,6201,1,2020-04-15
Libertador General Bernardo O'Higgins,6,Pichilemu,6201,2,2020-04-17
Libertador General Bernardo O'Higgins,6,Pichilemu,6201,2,2020-04-27
Libertador General Bernardo O'Higgins,6,Pichilemu,6201,1,2020-04-30
Libertador General Bernardo O'Higgins,6,Pichilemu,6201,1,2020-05-02
Libertador General Bernardo O'Higgins,6,Pichilemu,6201,1,2020-05-18
Libertador General Bernardo O'Higgins,6,Pichilemu,6201,1,2020-05-27
Libertador General Bernardo O'Higgins,6,Pichilemu,6201,1,2020-06-04
Libertador General Bernardo O'Higgins,6,Pichilemu,6201,2,2020-06-10
Libertador General Bernardo O'Higgins,6,Pichilemu,6201,1,2020-06-11
Libertador General Bernardo O'Higgins,6,Pichilemu,6201,1,2020-06-15
Libertador General Bernardo O'Higgins,6,Pichilemu,6201,1,2020-06-16
Libertador General Bernardo O'Higgins,6,Pichilemu,6201,4,2020-06-18
Libertador General Bernardo O'Higgins,6,Pichilemu,6201,2,2020-06-25
Libertador General Bernardo O'Higgins,6,Pichilemu,6201,3,2020-06-26
Libertador General Bernardo O'Higgins,6,Pichilemu,6201,2,2020-06-30
Libertador General Bernardo O'Higgins,6,Pichilemu,6201,2,2020-07-02
Libertador General Bernardo O'Higgins,6,Pichilemu,6201,1,2020-07-03
Libertador General Bernardo O'Higgins,6,Pichilemu,6201,1,2020-07-06
Libertador General Bernardo O'Higgins,6,Pichilemu,6201,2,2020-07-10
Libertador General Bernardo O'Higgins,6,Pichilemu,6201,1,2020-07-13
Libertador General Bernardo O'Higgins,6,Pichilemu,6201,1,2020-07-15
Libertador General Bernardo O'Higgins,6,Pichilemu,6201,2,2020-07-17
Libertador General Bernardo O'Higgins,6,Pichilemu,6201,1,2020-07-21
Libertador General Bernardo O'Higgins,6,Pichilemu,6201,1,2020-07-28
Libertador General Bernardo O'Higgins,6,Pichilemu,6201,1,2020-07-30
Libertador General Bernardo O'Higgins,6,Pichilemu,6201,1,2020-08-03
Libertador General Bernardo O'Higgins,6,Pichilemu,6201,1,2020-08-04
Libertador General Bernardo O'Higgins,6,Pichilemu,6201,2,2020-08-17
Libertador General Bernardo O'Higgins,6,Pichilemu,6201,1,2020-08-26
Libertador General Bernardo O'Higgins,6,Pichilemu,6201,1,2020-08-27
Libertador General Bernardo O'Higgins,6,Pichilemu,6201,1,2020-08-28
Libertador General Bernardo O'Higgins,6,Pichilemu,6201,1,2020-08-31
Libertador General Bernardo O'Higgins,6,Pichilemu,6201,1,2020-09-01
Libertador General Bernardo O'Higgins,6,Pichilemu,6201,2,2020-09-09
Libertador General Bernardo O'Higgins,6,Pichilemu,6201,1,2020-09-14
Libertador General Bernardo O'Higgins,6,Pichilemu,6201,1,2020-09-17
Libertador General Bernardo O'Higgins,6,Pichilemu,6201,2,2020-09-28
Libertador General Bernardo O'Higgins,6,Pichilemu,6201,1,2020-10-22
Libertador General Bernardo O'Higgins,6,Pichilemu,6201,3,2020-10-26
Libertador General Bernardo O'Higgins,6,Pichilemu,6201,1,2020-10-29
Libertador General Bernardo O'Higgins,6,Pichilemu,6201,2,2020-11-02
Libertador General Bernardo O'Higgins,6,Pichilemu,6201,1,2020-11-17
Libertador General Bernardo O'Higgins,6,Pichilemu,6201,1,2020-11-18
Libertador General Bernardo O'Higgins,6,Pichilemu,6201,1,2020-11-19
Libertador General Bernardo O'Higgins,6,Pichilemu,6201,1,2020-11-23
Libertador General Bernardo O'Higgins,6,Pichilemu,6201,1,2020-11-25
Libertador General Bernardo O'Higgins,6,Pichilemu,6201,1,2020-11-30
Libertador General Bernardo O'Higgins,6,Pichilemu,6201,1,2020-12-02
Libertador General Bernardo O'Higgins,6,Pichilemu,6201,1,2020-12-14
Libertador General Bernardo O'Higgins,6,Pichilemu,6201,1,2020-12-16
Libertador General Bernardo O'Higgins,6,Pichilemu,6201,1,2020-12-21
Libertador General Bernardo O'Higgins,6,Pichilemu,6201,1,2020-12-22
Libertador General Bernardo O'Higgins,6,Pichilemu,6201,2,2020-12-28
Libertador General Bernardo O'Higgins,6,Pichilemu,6201,1,2021-01-04
Libertador General Bernardo O'Higgins,6,La Estrella,6202,1,2020-01-13
Libertador General Bernardo O'Higgins,6,La Estrella,6202,1,2020-01-31
Libertador General Bernardo O'Higgins,6,La Estrella,6202,1,2020-02-02
Libertador General Bernardo O'Higgins,6,La Estrella,6202,1,2020-03-18
Libertador General Bernardo O'Higgins,6,La Estrella,6202,1,2020-03-23
Libertador General Bernardo O'Higgins,6,La Estrella,6202,1,2020-04-16
Libertador General Bernardo O'Higgins,6,La Estrella,6202,1,2020-04-17
Libertador General Bernardo O'Higgins,6,La Estrella,6202,1,2020-05-06
Libertador General Bernardo O'Higgins,6,La Estrella,6202,1,2020-05-08
Libertador General Bernardo O'Higgins,6,La Estrella,6202,1,2020-05-20
Libertador General Bernardo O'Higgins,6,La Estrella,6202,1,2020-06-03
Libertador General Bernardo O'Higgins,6,La Estrella,6202,1,2020-07-08
Libertador General Bernardo O'Higgins,6,La Estrella,6202,1,2020-08-07
Libertador General Bernardo O'Higgins,6,La Estrella,6202,1,2020-09-09
Libertador General Bernardo O'Higgins,6,La Estrella,6202,1,2020-10-09
Libertador General Bernardo O'Higgins,6,La Estrella,6202,1,2020-10-20
Libertador General Bernardo O'Higgins,6,La Estrella,6202,1,2020-12-27
Libertador General Bernardo O'Higgins,6,Litueche,6203,1,2020-01-07
Libertador General Bernardo O'Higgins,6,Litueche,6203,1,2020-01-14
Libertador General Bernardo O'Higgins,6,Litueche,6203,1,2020-01-16
Libertador General Bernardo O'Higgins,6,Litueche,6203,1,2020-01-19
Libertador General Bernardo O'Higgins,6,Litueche,6203,1,2020-01-27
Libertador General Bernardo O'Higgins,6,Litueche,6203,1,2020-02-17
Libertador General Bernardo O'Higgins,6,Litueche,6203,1,2020-03-05
Libertador General Bernardo O'Higgins,6,Litueche,6203,1,2020-03-25
Libertador General Bernardo O'Higgins,6,Litueche,6203,1,2020-04-06
Libertador General Bernardo O'Higgins,6,Litueche,6203,1,2020-04-07
Libertador General Bernardo O'Higgins,6,Litueche,6203,1,2020-04-13
Libertador General Bernardo O'Higgins,6,Litueche,6203,1,2020-04-16
Libertador General Bernardo O'Higgins,6,Litueche,6203,1,2020-05-15
Libertador General Bernardo O'Higgins,6,Litueche,6203,1,2020-06-01
Libertador General Bernardo O'Higgins,6,Litueche,6203,1,2020-06-03
Libertador General Bernardo O'Higgins,6,Litueche,6203,1,2020-06-08
Libertador General Bernardo O'Higgins,6,Litueche,6203,1,2020-06-12
Libertador General Bernardo O'Higgins,6,Litueche,6203,1,2020-06-29
Libertador General Bernardo O'Higgins,6,Litueche,6203,1,2020-07-08
Libertador General Bernardo O'Higgins,6,Litueche,6203,2,2020-07-13
Libertador General Bernardo O'Higgins,6,Litueche,6203,1,2020-07-15
Libertador General Bernardo O'Higgins,6,Litueche,6203,1,2020-07-20
Libertador General Bernardo O'Higgins,6,Litueche,6203,1,2020-08-02
Libertador General Bernardo O'Higgins,6,Litueche,6203,1,2020-08-17
Libertador General Bernardo O'Higgins,6,Litueche,6203,1,2020-09-04
Libertador General Bernardo O'Higgins,6,Litueche,6203,1,2020-09-23
Libertador General Bernardo O'Higgins,6,Litueche,6203,1,2020-09-27
Libertador General Bernardo O'Higgins,6,Litueche,6203,1,2020-10-02
Libertador General Bernardo O'Higgins,6,Litueche,6203,1,2020-10-19
Libertador General Bernardo O'Higgins,6,Litueche,6203,1,2020-10-21
Libertador General Bernardo O'Higgins,6,Litueche,6203,1,2020-10-23
Libertador General Bernardo O'Higgins,6,Litueche,6203,1,2020-10-26
Libertador General Bernardo O'Higgins,6,Litueche,6203,1,2020-11-09
Libertador General Bernardo O'Higgins,6,Litueche,6203,1,2020-11-11
Libertador General Bernardo O'Higgins,6,Litueche,6203,1,2020-11-12
Libertador General Bernardo O'Higgins,6,Litueche,6203,1,2020-11-18
Libertador General Bernardo O'Higgins,6,Litueche,6203,1,2020-11-20
Libertador General Bernardo O'Higgins,6,Litueche,6203,1,2020-11-30
Libertador General Bernardo O'Higgins,6,Litueche,6203,1,2020-12-02
Libertador General Bernardo O'Higgins,6,Litueche,6203,3,2020-12-07
Libertador General Bernardo O'Higgins,6,Litueche,6203,1,2020-12-11
Libertador General Bernardo O'Higgins,6,Litueche,6203,1,2020-12-16
Libertador General Bernardo O'Higgins,6,Litueche,6203,1,2021-01-11
Libertador General Bernardo O'Higgins,6,Marchihue,6204,1,2020-01-09
Libertador General Bernardo O'Higgins,6,Marchihue,6204,1,2020-01-13
Libertador General Bernardo O'Higgins,6,Marchihue,6204,1,2020-01-14
Libertador General Bernardo O'Higgins,6,Marchihue,6204,1,2020-02-06
Libertador General Bernardo O'Higgins,6,Marchihue,6204,1,2020-02-17
Libertador General Bernardo O'Higgins,6,Marchihue,6204,1,2020-03-02
Libertador General Bernardo O'Higgins,6,Marchihue,6204,1,2020-03-28
Libertador General Bernardo O'Higgins,6,Marchihue,6204,0,2020-04-02
Libertador General Bernardo O'Higgins,6,Marchihue,6204,1,2020-04-04
Libertador General Bernardo O'Higgins,6,Marchihue,6204,1,2020-04-05
Libertador General Bernardo O'Higgins,6,Marchihue,6204,0,2020-04-09
Libertador General Bernardo O'Higgins,6,Marchihue,6204,1,2020-04-12
Libertador General Bernardo O'Higgins,6,Marchihue,6204,1,2020-05-04
Libertador General Bernardo O'Higgins,6,Marchihue,6204,1,2020-05-20
Libertador General Bernardo O'Higgins,6,Marchihue,6204,1,2020-05-26
Libertador General Bernardo O'Higgins,6,Marchihue,6204,1,2020-06-08
Libertador General Bernardo O'Higgins,6,Marchihue,6204,1,2020-06-10
Libertador General Bernardo O'Higgins,6,Marchihue,6204,1,2020-06-14
Libertador General Bernardo O'Higgins,6,Marchihue,6204,1,2020-06-15
Libertador General Bernardo O'Higgins,6,Marchihue,6204,1,2020-06-18
Libertador General Bernardo O'Higgins,6,Marchihue,6204,1,2020-06-22
Libertador General Bernardo O'Higgins,6,Marchihue,6204,2,2020-06-23
Libertador General Bernardo O'Higgins,6,Marchihue,6204,2,2020-06-28
Libertador General Bernardo O'Higgins,6,Marchihue,6204,1,2020-07-06
Libertador General Bernardo O'Higgins,6,Marchihue,6204,1,2020-07-09
Libertador General Bernardo O'Higgins,6,Marchihue,6204,1,2020-07-20
Libertador General Bernardo O'Higgins,6,Marchihue,6204,1,2020-07-26
Libertador General Bernardo O'Higgins,6,Marchihue,6204,1,2020-08-06
Libertador General Bernardo O'Higgins,6,Marchihue,6204,1,2020-08-10
Libertador General Bernardo O'Higgins,6,Marchihue,6204,1,2020-08-17
Libertador General Bernardo O'Higgins,6,Marchihue,6204,1,2020-08-24
Libertador General Bernardo O'Higgins,6,Marchihue,6204,1,2020-09-02
Libertador General Bernardo O'Higgins,6,Marchihue,6204,2,2020-09-03
Libertador General Bernardo O'Higgins,6,Marchihue,6204,1,2020-09-24
Libertador General Bernardo O'Higgins,6,Marchihue,6204,1,2020-09-25
Libertador General Bernardo O'Higgins,6,Marchihue,6204,1,2020-10-01
Libertador General Bernardo O'Higgins,6,Marchihue,6204,1,2020-10-04
Libertador General Bernardo O'Higgins,6,Marchihue,6204,1,2020-10-06
Libertador General Bernardo O'Higgins,6,Marchihue,6204,2,2020-10-13
Libertador General Bernardo O'Higgins,6,Marchihue,6204,1,2020-10-29
Libertador General Bernardo O'Higgins,6,Marchihue,6204,1,2020-10-30
Libertador General Bernardo O'Higgins,6,Marchihue,6204,2,2020-11-06
Libertador General Bernardo O'Higgins,6,Marchihue,6204,1,2020-11-11
Libertador General Bernardo O'Higgins,6,Marchihue,6204,1,2020-11-13
Libertador General Bernardo O'Higgins,6,Marchihue,6204,1,2020-11-30
Libertador General Bernardo O'Higgins,6,Marchihue,6204,1,2020-12-03
Libertador General Bernardo O'Higgins,6,Marchihue,6204,1,2021-01-07
Libertador General Bernardo O'Higgins,6,Marchihue,6204,1,2021-01-12
Libertador General Bernardo O'Higgins,6,Navidad,6205,1,2020-01-09
Libertador General Bernardo O'Higgins,6,Navidad,6205,1,2020-01-15
Libertador General Bernardo O'Higgins,6,Navidad,6205,1,2020-02-14
Libertador General Bernardo O'Higgins,6,Navidad,6205,1,2020-02-17
Libertador General Bernardo O'Higgins,6,Navidad,6205,1,2020-03-16
Libertador General Bernardo O'Higgins,6,Navidad,6205,1,2020-03-26
Libertador General Bernardo O'Higgins,6,Navidad,6205,1,2020-04-10
Libertador General Bernardo O'Higgins,6,Navidad,6205,1,2020-04-23
Libertador General Bernardo O'Higgins,6,Navidad,6205,1,2020-05-05
Libertador General Bernardo O'Higgins,6,Navidad,6205,1,2020-05-09
Libertador General Bernardo O'Higgins,6,Navidad,6205,2,2020-07-27
Libertador General Bernardo O'Higgins,6,Navidad,6205,1,2020-08-04
Libertador General Bernardo O'Higgins,6,Navidad,6205,1,2020-08-15
Libertador General Bernardo O'Higgins,6,Navidad,6205,2,2020-08-20
Libertador General Bernardo O'Higgins,6,Navidad,6205,1,2020-09-08
Libertador General Bernardo O'Higgins,6,Navidad,6205,1,2020-09-10
Libertador General Bernardo O'Higgins,6,Navidad,6205,1,2020-09-22
Libertador General Bernardo O'Higgins,6,Navidad,6205,1,2020-10-06
Libertador General Bernardo O'Higgins,6,Navidad,6205,1,2020-10-13
Libertador General Bernardo O'Higgins,6,Navidad,6205,1,2020-10-27
Libertador General Bernardo O'Higgins,6,Navidad,6205,1,2020-11-10
Libertador General Bernardo O'Higgins,6,Navidad,6205,1,2020-11-12
Libertador General Bernardo O'Higgins,6,Navidad,6205,1,2020-11-19
Libertador General Bernardo O'Higgins,6,Navidad,6205,1,2020-11-27
Libertador General Bernardo O'Higgins,6,Navidad,6205,1,2020-12-24
Libertador General Bernardo O'Higgins,6,Navidad,6205,1,2021-01-12
Libertador General Bernardo O'Higgins,6,Paredones,6206,1,2020-01-02
Libertador General Bernardo O'Higgins,6,Paredones,6206,2,2020-01-24
Libertador General Bernardo O'Higgins,6,Paredones,6206,1,2020-01-29
Libertador General Bernardo O'Higgins,6,Paredones,6206,1,2020-02-05
Libertador General Bernardo O'Higgins,6,Paredones,6206,1,2020-02-10
Libertador General Bernardo O'Higgins,6,Paredones,6206,2,2020-02-12
Libertador General Bernardo O'Higgins,6,Paredones,6206,1,2020-02-17
Libertador General Bernardo O'Higgins,6,Paredones,6206,2,2020-02-24
Libertador General Bernardo O'Higgins,6,Paredones,6206,1,2020-03-03
Libertador General Bernardo O'Higgins,6,Paredones,6206,1,2020-04-23
Libertador General Bernardo O'Higgins,6,Paredones,6206,1,2020-04-27
Libertador General Bernardo O'Higgins,6,Paredones,6206,1,2020-04-28
Libertador General Bernardo O'Higgins,6,Paredones,6206,1,2020-05-19
Libertador General Bernardo O'Higgins,6,Paredones,6206,1,2020-05-23
Libertador General Bernardo O'Higgins,6,Paredones,6206,1,2020-06-12
Libertador General Bernardo O'Higgins,6,Paredones,6206,1,2020-06-13
Libertador General Bernardo O'Higgins,6,Paredones,6206,2,2020-06-22
Libertador General Bernardo O'Higgins,6,Paredones,6206,1,2020-07-07
Libertador General Bernardo O'Higgins,6,Paredones,6206,1,2020-07-17
Libertador General Bernardo O'Higgins,6,Paredones,6206,1,2020-07-21
Libertador General Bernardo O'Higgins,6,Paredones,6206,1,2020-08-04
Libertador General Bernardo O'Higgins,6,Paredones,6206,1,2020-08-06
Libertador General Bernardo O'Higgins,6,Paredones,6206,1,2020-08-11
Libertador General Bernardo O'Higgins,6,Paredones,6206,1,2020-08-12
Libertador General Bernardo O'Higgins,6,Paredones,6206,2,2020-09-03
Libertador General Bernardo O'Higgins,6,Paredones,6206,1,2020-09-21
Libertador General Bernardo O'Higgins,6,Paredones,6206,1,2020-10-01
Libertador General Bernardo O'Higgins,6,Paredones,6206,1,2020-10-27
Libertador General Bernardo O'Higgins,6,Paredones,6206,1,2020-11-10
Libertador General Bernardo O'Higgins,6,Paredones,6206,1,2020-11-13
Libertador General Bernardo O'Higgins,6,Paredones,6206,1,2020-11-18
Libertador General Bernardo O'Higgins,6,Paredones,6206,1,2020-11-20
Libertador General Bernardo O'Higgins,6,Paredones,6206,1,2020-11-27
Libertador General Bernardo O'Higgins,6,Paredones,6206,1,2020-12-04
Libertador General Bernardo O'Higgins,6,Paredones,6206,1,2020-12-06
Libertador General Bernardo O'Higgins,6,Paredones,6206,1,2020-12-07
Libertador General Bernardo O'Higgins,6,Paredones,6206,1,2020-12-29
Libertador General Bernardo O'Higgins,6,Paredones,6206,1,2020-12-31
Libertador General Bernardo O'Higgins,6,San Fernando,6301,2,2020-01-02
Libertador General Bernardo O'Higgins,6,San Fernando,6301,1,2020-01-03
Libertador General Bernardo O'Higgins,6,San Fernando,6301,4,2020-01-06
Libertador General Bernardo O'Higgins,6,San Fernando,6301,2,2020-01-07
Libertador General Bernardo O'Higgins,6,San Fernando,6301,2,2020-01-08
Libertador General Bernardo O'Higgins,6,San Fernando,6301,2,2020-01-09
Libertador General Bernardo O'Higgins,6,San Fernando,6301,5,2020-01-10
Libertador General Bernardo O'Higgins,6,San Fernando,6301,1,2020-01-13
Libertador General Bernardo O'Higgins,6,San Fernando,6301,3,2020-01-14
Libertador General Bernardo O'Higgins,6,San Fernando,6301,4,2020-01-15
Libertador General Bernardo O'Higgins,6,San Fernando,6301,2,2020-01-16
Libertador General Bernardo O'Higgins,6,San Fernando,6301,2,2020-01-20
Libertador General Bernardo O'Higgins,6,San Fernando,6301,2,2020-01-21
Libertador General Bernardo O'Higgins,6,San Fernando,6301,1,2020-01-22
Libertador General Bernardo O'Higgins,6,San Fernando,6301,2,2020-01-23
Libertador General Bernardo O'Higgins,6,San Fernando,6301,8,2020-01-27
Libertador General Bernardo O'Higgins,6,San Fernando,6301,3,2020-01-28
Libertador General Bernardo O'Higgins,6,San Fernando,6301,3,2020-01-29
Libertador General Bernardo O'Higgins,6,San Fernando,6301,2,2020-01-30
Libertador General Bernardo O'Higgins,6,San Fernando,6301,1,2020-01-31
Libertador General Bernardo O'Higgins,6,San Fernando,6301,7,2020-02-03
Libertador General Bernardo O'Higgins,6,San Fernando,6301,2,2020-02-04
Libertador General Bernardo O'Higgins,6,San Fernando,6301,1,2020-02-05
Libertador General Bernardo O'Higgins,6,San Fernando,6301,2,2020-02-06
Libertador General Bernardo O'Higgins,6,San Fernando,6301,4,2020-02-10
Libertador General Bernardo O'Higgins,6,San Fernando,6301,3,2020-02-11
Libertador General Bernardo O'Higgins,6,San Fernando,6301,1,2020-02-12
Libertador General Bernardo O'Higgins,6,San Fernando,6301,3,2020-02-13
Libertador General Bernardo O'Higgins,6,San Fernando,6301,4,2020-02-14
Libertador General Bernardo O'Higgins,6,San Fernando,6301,5,2020-02-17
Libertador General Bernardo O'Higgins,6,San Fernando,6301,3,2020-02-18
Libertador General Bernardo O'Higgins,6,San Fernando,6301,1,2020-02-19
Libertador General Bernardo O'Higgins,6,San Fernando,6301,2,2020-02-21
Libertador General Bernardo O'Higgins,6,San Fernando,6301,2,2020-02-24
Libertador General Bernardo O'Higgins,6,San Fernando,6301,1,2020-02-25
Libertador General Bernardo O'Higgins,6,San Fernando,6301,1,2020-02-27
Libertador General Bernardo O'Higgins,6,San Fernando,6301,1,2020-02-28
Libertador General Bernardo O'Higgins,6,San Fernando,6301,4,2020-03-02
Libertador General Bernardo O'Higgins,6,San Fernando,6301,1,2020-03-03
Libertador General Bernardo O'Higgins,6,San Fernando,6301,1,2020-03-04
Libertador General Bernardo O'Higgins,6,San Fernando,6301,0,2020-03-05
Libertador General Bernardo O'Higgins,6,San Fernando,6301,2,2020-03-06
Libertador General Bernardo O'Higgins,6,San Fernando,6301,6,2020-03-09
Libertador General Bernardo O'Higgins,6,San Fernando,6301,4,2020-03-10
Libertador General Bernardo O'Higgins,6,San Fernando,6301,3,2020-03-11
Libertador General Bernardo O'Higgins,6,San Fernando,6301,1,2020-03-12
Libertador General Bernardo O'Higgins,6,San Fernando,6301,1,2020-03-13
Libertador General Bernardo O'Higgins,6,San Fernando,6301,6,2020-03-16
Libertador General Bernardo O'Higgins,6,San Fernando,6301,3,2020-03-17
Libertador General Bernardo O'Higgins,6,San Fernando,6301,1,2020-03-18
Libertador General Bernardo O'Higgins,6,San Fernando,6301,2,2020-03-19
Libertador General Bernardo O'Higgins,6,San Fernando,6301,3,2020-03-20
Libertador General Bernardo O'Higgins,6,San Fernando,6301,1,2020-03-21
Libertador General Bernardo O'Higgins,6,San Fernando,6301,1,2020-03-23
Libertador General Bernardo O'Higgins,6,San Fernando,6301,2,2020-03-25
Libertador General Bernardo O'Higgins,6,San Fernando,6301,1,2020-03-26
Libertador General Bernardo O'Higgins,6,San Fernando,6301,1,2020-03-27
Libertador General Bernardo O'Higgins,6,San Fernando,6301,4,2020-03-30
Libertador General Bernardo O'Higgins,6,San Fernando,6301,2,2020-03-31
Libertador General Bernardo O'Higgins,6,San Fernando,6301,1,2020-04-01
Libertador General Bernardo O'Higgins,6,San Fernando,6301,2,2020-04-02
Libertador General Bernardo O'Higgins,6,San Fernando,6301,2,2020-04-03
Libertador General Bernardo O'Higgins,6,San Fernando,6301,6,2020-04-06
Libertador General Bernardo O'Higgins,6,San Fernando,6301,1,2020-04-07
Libertador General Bernardo O'Higgins,6,San Fernando,6301,4,2020-04-09
Libertador General Bernardo O'Higgins,6,San Fernando,6301,2,2020-04-13
Libertador General Bernardo O'Higgins,6,San Fernando,6301,1,2020-04-14
Libertador General Bernardo O'Higgins,6,San Fernando,6301,1,2020-04-15
Libertador General Bernardo O'Higgins,6,San Fernando,6301,1,2020-04-16
Libertador General Bernardo O'Higgins,6,San Fernando,6301,2,2020-04-17
Libertador General Bernardo O'Higgins,6,San Fernando,6301,1,2020-04-18
Libertador General Bernardo O'Higgins,6,San Fernando,6301,6,2020-04-20
Libertador General Bernardo O'Higgins,6,San Fernando,6301,1,2020-04-21
Libertador General Bernardo O'Higgins,6,San Fernando,6301,1,2020-04-22
Libertador General Bernardo O'Higgins,6,San Fernando,6301,2,2020-04-23
Libertador General Bernardo O'Higgins,6,San Fernando,6301,3,2020-04-24
Libertador General Bernardo O'Higgins,6,San Fernando,6301,3,2020-04-27
Libertador General Bernardo O'Higgins,6,San Fernando,6301,2,2020-04-28
Libertador General Bernardo O'Higgins,6,San Fernando,6301,1,2020-04-29
Libertador General Bernardo O'Higgins,6,San Fernando,6301,2,2020-04-30
Libertador General Bernardo O'Higgins,6,San Fernando,6301,5,2020-05-04
Libertador General Bernardo O'Higgins,6,San Fernando,6301,2,2020-05-05
Libertador General Bernardo O'Higgins,6,San Fernando,6301,1,2020-05-06
Libertador General Bernardo O'Higgins,6,San Fernando,6301,1,2020-05-07
Libertador General Bernardo O'Higgins,6,San Fernando,6301,1,2020-05-08
Libertador General Bernardo O'Higgins,6,San Fernando,6301,2,2020-05-11
Libertador General Bernardo O'Higgins,6,San Fernando,6301,1,2020-05-12
Libertador General Bernardo O'Higgins,6,San Fernando,6301,3,2020-05-14
Libertador General Bernardo O'Higgins,6,San Fernando,6301,1,2020-05-15
Libertador General Bernardo O'Higgins,6,San Fernando,6301,1,2020-05-16
Libertador General Bernardo O'Higgins,6,San Fernando,6301,4,2020-05-18
Libertador General Bernardo O'Higgins,6,San Fernando,6301,3,2020-05-19
Libertador General Bernardo O'Higgins,6,San Fernando,6301,1,2020-05-20
Libertador General Bernardo O'Higgins,6,San Fernando,6301,2,2020-05-22
Libertador General Bernardo O'Higgins,6,San Fernando,6301,2,2020-05-25
Libertador General Bernardo O'Higgins,6,San Fernando,6301,2,2020-05-27
Libertador General Bernardo O'Higgins,6,San Fernando,6301,1,2020-05-28
Libertador General Bernardo O'Higgins,6,San Fernando,6301,5,2020-05-29
Libertador General Bernardo O'Higgins,6,San Fernando,6301,4,2020-06-01
Libertador General Bernardo O'Higgins,6,San Fernando,6301,2,2020-06-02
Libertador General Bernardo O'Higgins,6,San Fernando,6301,3,2020-06-04
Libertador General Bernardo O'Higgins,6,San Fernando,6301,2,2020-06-05
Libertador General Bernardo O'Higgins,6,San Fernando,6301,2,2020-06-08
Libertador General Bernardo O'Higgins,6,San Fernando,6301,3,2020-06-09
Libertador General Bernardo O'Higgins,6,San Fernando,6301,2,2020-06-10
Libertador General Bernardo O'Higgins,6,San Fernando,6301,4,2020-06-11
Libertador General Bernardo O'Higgins,6,San Fernando,6301,3,2020-06-12
Libertador General Bernardo O'Higgins,6,San Fernando,6301,8,2020-06-15
Libertador General Bernardo O'Higgins,6,San Fernando,6301,2,2020-06-16
Libertador General Bernardo O'Higgins,6,San Fernando,6301,5,2020-06-17
Libertador General Bernardo O'Higgins,6,San Fernando,6301,3,2020-06-18
Libertador General Bernardo O'Higgins,6,San Fernando,6301,3,2020-06-19
Libertador General Bernardo O'Higgins,6,San Fernando,6301,6,2020-06-22
Libertador General Bernardo O'Higgins,6,San Fernando,6301,2,2020-06-23
Libertador General Bernardo O'Higgins,6,San Fernando,6301,1,2020-06-25
Libertador General Bernardo O'Higgins,6,San Fernando,6301,1,2020-06-27
Libertador General Bernardo O'Higgins,6,San Fernando,6301,8,2020-06-30
Libertador General Bernardo O'Higgins,6,San Fernando,6301,1,2020-07-01
Libertador General Bernardo O'Higgins,6,San Fernando,6301,4,2020-07-02
Libertador General Bernardo O'Higgins,6,San Fernando,6301,4,2020-07-03
Libertador General Bernardo O'Higgins,6,San Fernando,6301,3,2020-07-06
Libertador General Bernardo O'Higgins,6,San Fernando,6301,2,2020-07-08
Libertador General Bernardo O'Higgins,6,San Fernando,6301,3,2020-07-09
Libertador General Bernardo O'Higgins,6,San Fernando,6301,4,2020-07-13
Libertador General Bernardo O'Higgins,6,San Fernando,6301,1,2020-07-14
Libertador General Bernardo O'Higgins,6,San Fernando,6301,1,2020-07-15
Libertador General Bernardo O'Higgins,6,San Fernando,6301,1,2020-07-17
Libertador General Bernardo O'Higgins,6,San Fernando,6301,7,2020-07-20
Libertador General Bernardo O'Higgins,6,San Fernando,6301,2,2020-07-21
Libertador General Bernardo O'Higgins,6,San Fernando,6301,3,2020-07-22
Libertador General Bernardo O'Higgins,6,San Fernando,6301,1,2020-07-23
Libertador General Bernardo O'Higgins,6,San Fernando,6301,2,2020-07-24
Libertador General Bernardo O'Higgins,6,San Fernando,6301,1,2020-07-27
Libertador General Bernardo O'Higgins,6,San Fernando,6301,5,2020-07-28
Libertador General Bernardo O'Higgins,6,San Fernando,6301,2,2020-07-29
Libertador General Bernardo O'Higgins,6,San Fernando,6301,6,2020-07-30
Libertador General Bernardo O'Higgins,6,San Fernando,6301,3,2020-07-31
Libertador General Bernardo O'Higgins,6,San Fernando,6301,5,2020-08-03
Libertador General Bernardo O'Higgins,6,San Fernando,6301,4,2020-08-04
Libertador General Bernardo O'Higgins,6,San Fernando,6301,3,2020-08-05
Libertador General Bernardo O'Higgins,6,San Fernando,6301,2,2020-08-06
Libertador General Bernardo O'Higgins,6,San Fernando,6301,5,2020-08-07
Libertador General Bernardo O'Higgins,6,San Fernando,6301,5,2020-08-10
Libertador General Bernardo O'Higgins,6,San Fernando,6301,5,2020-08-12
Libertador General Bernardo O'Higgins,6,San Fernando,6301,2,2020-08-14
Libertador General Bernardo O'Higgins,6,San Fernando,6301,1,2020-08-15
Libertador General Bernardo O'Higgins,6,San Fernando,6301,5,2020-08-17
Libertador General Bernardo O'Higgins,6,San Fernando,6301,3,2020-08-18
Libertador General Bernardo O'Higgins,6,San Fernando,6301,1,2020-08-19
Libertador General Bernardo O'Higgins,6,San Fernando,6301,3,2020-08-20
Libertador General Bernardo O'Higgins,6,San Fernando,6301,1,2020-08-21
Libertador General Bernardo O'Higgins,6,San Fernando,6301,5,2020-08-24
Libertador General Bernardo O'Higgins,6,San Fernando,6301,6,2020-08-25
Libertador General Bernardo O'Higgins,6,San Fernando,6301,1,2020-08-26
Libertador General Bernardo O'Higgins,6,San Fernando,6301,2,2020-08-27
Libertador General Bernardo O'Higgins,6,San Fernando,6301,1,2020-08-28
Libertador General Bernardo O'Higgins,6,San Fernando,6301,1,2020-08-31
Libertador General Bernardo O'Higgins,6,San Fernando,6301,2,2020-09-01
Libertador General Bernardo O'Higgins,6,San Fernando,6301,3,2020-09-02
Libertador General Bernardo O'Higgins,6,San Fernando,6301,1,2020-09-03
Libertador General Bernardo O'Higgins,6,San Fernando,6301,1,2020-09-04
Libertador General Bernardo O'Higgins,6,San Fernando,6301,5,2020-09-07
Libertador General Bernardo O'Higgins,6,San Fernando,6301,5,2020-09-08
Libertador General Bernardo O'Higgins,6,San Fernando,6301,4,2020-09-09
Libertador General Bernardo O'Higgins,6,San Fernando,6301,3,2020-09-10
Libertador General Bernardo O'Higgins,6,San Fernando,6301,3,2020-09-11
Libertador General Bernardo O'Higgins,6,San Fernando,6301,4,2020-09-14
Libertador General Bernardo O'Higgins,6,San Fernando,6301,2,2020-09-15
Libertador General Bernardo O'Higgins,6,San Fernando,6301,1,2020-09-16
Libertador General Bernardo O'Higgins,6,San Fernando,6301,4,2020-09-17
Libertador General Bernardo O'Higgins,6,San Fernando,6301,1,2020-09-20
Libertador General Bernardo O'Higgins,6,San Fernando,6301,1,2020-09-21
Libertador General Bernardo O'Higgins,6,San Fernando,6301,2,2020-09-22
Libertador General Bernardo O'Higgins,6,San Fernando,6301,3,2020-09-23
Libertador General Bernardo O'Higgins,6,San Fernando,6301,3,2020-09-25
Libertador General Bernardo O'Higgins,6,San Fernando,6301,1,2020-09-27
Libertador General Bernardo O'Higgins,6,San Fernando,6301,5,2020-09-28
Libertador General Bernardo O'Higgins,6,San Fernando,6301,1,2020-09-29
Libertador General Bernardo O'Higgins,6,San Fernando,6301,3,2020-09-30
Libertador General Bernardo O'Higgins,6,San Fernando,6301,5,2020-10-05
Libertador General Bernardo O'Higgins,6,San Fernando,6301,5,2020-10-06
Libertador General Bernardo O'Higgins,6,San Fernando,6301,2,2020-10-07
Libertador General Bernardo O'Higgins,6,San Fernando,6301,2,2020-10-08
Libertador General Bernardo O'Higgins,6,San Fernando,6301,2,2020-10-09
Libertador General Bernardo O'Higgins,6,San Fernando,6301,6,2020-10-13
Libertador General Bernardo O'Higgins,6,San Fernando,6301,2,2020-10-14
Libertador General Bernardo O'Higgins,6,San Fernando,6301,4,2020-10-15
Libertador General Bernardo O'Higgins,6,San Fernando,6301,1,2020-10-16
Libertador General Bernardo O'Higgins,6,San Fernando,6301,3,2020-10-19
Libertador General Bernardo O'Higgins,6,San Fernando,6301,2,2020-10-21
Libertador General Bernardo O'Higgins,6,San Fernando,6301,1,2020-10-22
Libertador General Bernardo O'Higgins,6,San Fernando,6301,2,2020-10-23
Libertador General Bernardo O'Higgins,6,San Fernando,6301,7,2020-10-26
Libertador General Bernardo O'Higgins,6,San Fernando,6301,1,2020-10-27
Libertador General Bernardo O'Higgins,6,San Fernando,6301,1,2020-10-29
Libertador General Bernardo O'Higgins,6,San Fernando,6301,1,2020-10-30
Libertador General Bernardo O'Higgins,6,San Fernando,6301,6,2020-11-02
Libertador General Bernardo O'Higgins,6,San Fernando,6301,2,2020-11-04
Libertador General Bernardo O'Higgins,6,San Fernando,6301,1,2020-11-06
Libertador General Bernardo O'Higgins,6,San Fernando,6301,1,2020-11-09
Libertador General Bernardo O'Higgins,6,San Fernando,6301,1,2020-11-11
Libertador General Bernardo O'Higgins,6,San Fernando,6301,3,2020-11-12
Libertador General Bernardo O'Higgins,6,San Fernando,6301,3,2020-11-13
Libertador General Bernardo O'Higgins,6,San Fernando,6301,3,2020-11-16
Libertador General Bernardo O'Higgins,6,San Fernando,6301,3,2020-11-18
Libertador General Bernardo O'Higgins,6,San Fernando,6301,2,2020-11-20
Libertador General Bernardo O'Higgins,6,San Fernando,6301,3,2020-11-23
Libertador General Bernardo O'Higgins,6,San Fernando,6301,1,2020-11-25
Libertador General Bernardo O'Higgins,6,San Fernando,6301,1,2020-11-26
Libertador General Bernardo O'Higgins,6,San Fernando,6301,1,2020-11-27
Libertador General Bernardo O'Higgins,6,San Fernando,6301,7,2020-11-30
Libertador General Bernardo O'Higgins,6,San Fernando,6301,2,2020-12-01
Libertador General Bernardo O'Higgins,6,San Fernando,6301,3,2020-12-02
Libertador General Bernardo O'Higgins,6,San Fernando,6301,3,2020-12-03
Libertador General Bernardo O'Higgins,6,San Fernando,6301,4,2020-12-07
Libertador General Bernardo O'Higgins,6,San Fernando,6301,3,2020-12-09
Libertador General Bernardo O'Higgins,6,San Fernando,6301,3,2020-12-10
Libertador General Bernardo O'Higgins,6,San Fernando,6301,2,2020-12-11
Libertador General Bernardo O'Higgins,6,San Fernando,6301,1,2020-12-14
Libertador General Bernardo O'Higgins,6,San Fernando,6301,1,2020-12-15
Libertador General Bernardo O'Higgins,6,San Fernando,6301,3,2020-12-16
Libertador General Bernardo O'Higgins,6,San Fernando,6301,1,2020-12-17
Libertador General Bernardo O'Higgins,6,San Fernando,6301,1,2020-12-18
Libertador General Bernardo O'Higgins,6,San Fernando,6301,4,2020-12-21
Libertador General Bernardo O'Higgins,6,San Fernando,6301,3,2020-12-23
Libertador General Bernardo O'Higgins,6,San Fernando,6301,1,2020-12-24
Libertador General Bernardo O'Higgins,6,San Fernando,6301,1,2020-12-26
Libertador General Bernardo O'Higgins,6,San Fernando,6301,1,2020-12-27
Libertador General Bernardo O'Higgins,6,San Fernando,6301,5,2020-12-28
Libertador General Bernardo O'Higgins,6,San Fernando,6301,5,2020-12-29
Libertador General Bernardo O'Higgins,6,San Fernando,6301,5,2020-12-30
Libertador General Bernardo O'Higgins,6,San Fernando,6301,2,2020-12-31
Libertador General Bernardo O'Higgins,6,San Fernando,6301,9,2021-01-04
Libertador General Bernardo O'Higgins,6,San Fernando,6301,5,2021-01-05
Libertador General Bernardo O'Higgins,6,San Fernando,6301,2,2021-01-06
Libertador General Bernardo O'Higgins,6,San Fernando,6301,2,2021-01-07
Libertador General Bernardo O'Higgins,6,San Fernando,6301,1,2021-01-08
Libertador General Bernardo O'Higgins,6,San Fernando,6301,1,2021-01-10
Libertador General Bernardo O'Higgins,6,San Fernando,6301,6,2021-01-11
Libertador General Bernardo O'Higgins,6,San Fernando,6301,6,2021-01-12
Libertador General Bernardo O'Higgins,6,San Fernando,6301,3,2021-01-13
Libertador General Bernardo O'Higgins,6,Chépica,6302,1,2020-01-02
Libertador General Bernardo O'Higgins,6,Chépica,6302,1,2020-01-16
Libertador General Bernardo O'Higgins,6,Chépica,6302,3,2020-01-17
Libertador General Bernardo O'Higgins,6,Chépica,6302,3,2020-01-21
Libertador General Bernardo O'Higgins,6,Chépica,6302,1,2020-01-28
Libertador General Bernardo O'Higgins,6,Chépica,6302,1,2020-02-10
Libertador General Bernardo O'Higgins,6,Chépica,6302,1,2020-02-14
Libertador General Bernardo O'Higgins,6,Chépica,6302,1,2020-02-18
Libertador General Bernardo O'Higgins,6,Chépica,6302,1,2020-02-21
Libertador General Bernardo O'Higgins,6,Chépica,6302,2,2020-02-25
Libertador General Bernardo O'Higgins,6,Chépica,6302,1,2020-03-02
Libertador General Bernardo O'Higgins,6,Chépica,6302,1,2020-03-10
Libertador General Bernardo O'Higgins,6,Chépica,6302,1,2020-03-18
Libertador General Bernardo O'Higgins,6,Chépica,6302,1,2020-03-26
Libertador General Bernardo O'Higgins,6,Chépica,6302,1,2020-03-30
Libertador General Bernardo O'Higgins,6,Chépica,6302,1,2020-04-08
Libertador General Bernardo O'Higgins,6,Chépica,6302,1,2020-04-13
Libertador General Bernardo O'Higgins,6,Chépica,6302,1,2020-04-14
Libertador General Bernardo O'Higgins,6,Chépica,6302,1,2020-04-15
Libertador General Bernardo O'Higgins,6,Chépica,6302,1,2020-04-20
Libertador General Bernardo O'Higgins,6,Chépica,6302,1,2020-04-27
Libertador General Bernardo O'Higgins,6,Chépica,6302,1,2020-04-28
Libertador General Bernardo O'Higgins,6,Chépica,6302,1,2020-05-04
Libertador General Bernardo O'Higgins,6,Chépica,6302,1,2020-05-06
Libertador General Bernardo O'Higgins,6,Chépica,6302,1,2020-05-07
Libertador General Bernardo O'Higgins,6,Chépica,6302,3,2020-05-11
Libertador General Bernardo O'Higgins,6,Chépica,6302,1,2020-05-20
Libertador General Bernardo O'Higgins,6,Chépica,6302,2,2020-05-26
Libertador General Bernardo O'Higgins,6,Chépica,6302,2,2020-06-08
Libertador General Bernardo O'Higgins,6,Chépica,6302,1,2020-06-11
Libertador General Bernardo O'Higgins,6,Chépica,6302,1,2020-06-15
Libertador General Bernardo O'Higgins,6,Chépica,6302,1,2020-06-17
Libertador General Bernardo O'Higgins,6,Chépica,6302,1,2020-06-30
Libertador General Bernardo O'Higgins,6,Chépica,6302,1,2020-07-02
Libertador General Bernardo O'Higgins,6,Chépica,6302,2,2020-07-06
Libertador General Bernardo O'Higgins,6,Chépica,6302,3,2020-07-09
Libertador General Bernardo O'Higgins,6,Chépica,6302,1,2020-07-15
Libertador General Bernardo O'Higgins,6,Chépica,6302,1,2020-07-24
Libertador General Bernardo O'Higgins,6,Chépica,6302,1,2020-07-28
Libertador General Bernardo O'Higgins,6,Chépica,6302,1,2020-08-07
Libertador General Bernardo O'Higgins,6,Chépica,6302,1,2020-08-09
Libertador General Bernardo O'Higgins,6,Chépica,6302,3,2020-08-11
Libertador General Bernardo O'Higgins,6,Chépica,6302,1,2020-08-19
Libertador General Bernardo O'Higgins,6,Chépica,6302,1,2020-08-20
Libertador General Bernardo O'Higgins,6,Chépica,6302,1,2020-08-25
Libertador General Bernardo O'Higgins,6,Chépica,6302,1,2020-09-01
Libertador General Bernardo O'Higgins,6,Chépica,6302,1,2020-09-08
Libertador General Bernardo O'Higgins,6,Chépica,6302,2,2020-09-10
Libertador General Bernardo O'Higgins,6,Chépica,6302,1,2020-09-15
Libertador General Bernardo O'Higgins,6,Chépica,6302,1,2020-09-17
Libertador General Bernardo O'Higgins,6,Chépica,6302,1,2020-09-21
Libertador General Bernardo O'Higgins,6,Chépica,6302,1,2020-09-24
Libertador General Bernardo O'Higgins,6,Chépica,6302,1,2020-10-01
Libertador General Bernardo O'Higgins,6,Chépica,6302,3,2020-10-13
Libertador General Bernardo O'Higgins,6,Chépica,6302,1,2020-10-15
Libertador General Bernardo O'Higgins,6,Chépica,6302,1,2020-11-02
Libertador General Bernardo O'Higgins,6,Chépica,6302,2,2020-11-05
Libertador General Bernardo O'Higgins,6,Chépica,6302,1,2020-11-16
Libertador General Bernardo O'Higgins,6,Chépica,6302,1,2020-11-17
Libertador General Bernardo O'Higgins,6,Chépica,6302,1,2020-11-19
Libertador General Bernardo O'Higgins,6,Chépica,6302,1,2020-11-25
Libertador General Bernardo O'Higgins,6,Chépica,6302,1,2020-11-27
Libertador General Bernardo O'Higgins,6,Chépica,6302,2,2020-12-04
Libertador General Bernardo O'Higgins,6,Chépica,6302,1,2020-12-06
Libertador General Bernardo O'Higgins,6,Chépica,6302,1,2020-12-07
Libertador General Bernardo O'Higgins,6,Chépica,6302,2,2020-12-09
Libertador General Bernardo O'Higgins,6,Chépica,6302,2,2020-12-29
Libertador General Bernardo O'Higgins,6,Chépica,6302,1,2020-12-30
Libertador General Bernardo O'Higgins,6,Chépica,6302,1,2021-01-01
Libertador General Bernardo O'Higgins,6,Chépica,6302,1,2021-01-07
Libertador General Bernardo O'Higgins,6,Chépica,6302,1,2021-01-08
Libertador General Bernardo O'Higgins,6,Chimbarongo,6303,2,2020-01-02
Libertador General Bernardo O'Higgins,6,Chimbarongo,6303,1,2020-01-07
Libertador General Bernardo O'Higgins,6,Chimbarongo,6303,2,2020-01-08
Libertador General Bernardo O'Higgins,6,Chimbarongo,6303,1,2020-01-09
Libertador General Bernardo O'Higgins,6,Chimbarongo,6303,1,2020-01-10
Libertador General Bernardo O'Higgins,6,Chimbarongo,6303,2,2020-01-14
Libertador General Bernardo O'Higgins,6,Chimbarongo,6303,1,2020-01-23
Libertador General Bernardo O'Higgins,6,Chimbarongo,6303,1,2020-01-24
Libertador General Bernardo O'Higgins,6,Chimbarongo,6303,2,2020-01-27
Libertador General Bernardo O'Higgins,6,Chimbarongo,6303,1,2020-01-28
Libertador General Bernardo O'Higgins,6,Chimbarongo,6303,1,2020-01-30
Libertador General Bernardo O'Higgins,6,Chimbarongo,6303,1,2020-02-03
Libertador General Bernardo O'Higgins,6,Chimbarongo,6303,1,2020-02-04
Libertador General Bernardo O'Higgins,6,Chimbarongo,6303,1,2020-02-06
Libertador General Bernardo O'Higgins,6,Chimbarongo,6303,2,2020-02-10
Libertador General Bernardo O'Higgins,6,Chimbarongo,6303,1,2020-02-11
Libertador General Bernardo O'Higgins,6,Chimbarongo,6303,2,2020-02-17
Libertador General Bernardo O'Higgins,6,Chimbarongo,6303,2,2020-02-25
Libertador General Bernardo O'Higgins,6,Chimbarongo,6303,1,2020-02-27
Libertador General Bernardo O'Higgins,6,Chimbarongo,6303,2,2020-03-02
Libertador General Bernardo O'Higgins,6,Chimbarongo,6303,1,2020-03-04
Libertador General Bernardo O'Higgins,6,Chimbarongo,6303,1,2020-03-09
Libertador General Bernardo O'Higgins,6,Chimbarongo,6303,2,2020-03-11
Libertador General Bernardo O'Higgins,6,Chimbarongo,6303,1,2020-03-19
Libertador General Bernardo O'Higgins,6,Chimbarongo,6303,1,2020-03-20
Libertador General Bernardo O'Higgins,6,Chimbarongo,6303,1,2020-03-21
Libertador General Bernardo O'Higgins,6,Chimbarongo,6303,1,2020-03-22
Libertador General Bernardo O'Higgins,6,Chimbarongo,6303,1,2020-03-24
Libertador General Bernardo O'Higgins,6,Chimbarongo,6303,1,2020-03-31
Libertador General Bernardo O'Higgins,6,Chimbarongo,6303,1,2020-04-03
Libertador General Bernardo O'Higgins,6,Chimbarongo,6303,1,2020-04-06
Libertador General Bernardo O'Higgins,6,Chimbarongo,6303,2,2020-04-08
Libertador General Bernardo O'Higgins,6,Chimbarongo,6303,1,2020-04-10
Libertador General Bernardo O'Higgins,6,Chimbarongo,6303,1,2020-04-13
Libertador General Bernardo O'Higgins,6,Chimbarongo,6303,2,2020-04-20
Libertador General Bernardo O'Higgins,6,Chimbarongo,6303,1,2020-04-23
Libertador General Bernardo O'Higgins,6,Chimbarongo,6303,1,2020-05-07
Libertador General Bernardo O'Higgins,6,Chimbarongo,6303,2,2020-05-08
Libertador General Bernardo O'Higgins,6,Chimbarongo,6303,2,2020-05-11
Libertador General Bernardo O'Higgins,6,Chimbarongo,6303,2,2020-05-14
Libertador General Bernardo O'Higgins,6,Chimbarongo,6303,1,2020-05-15
Libertador General Bernardo O'Higgins,6,Chimbarongo,6303,2,2020-05-18
Libertador General Bernardo O'Higgins,6,Chimbarongo,6303,2,2020-05-22
Libertador General Bernardo O'Higgins,6,Chimbarongo,6303,2,2020-05-25
Libertador General Bernardo O'Higgins,6,Chimbarongo,6303,1,2020-05-26
Libertador General Bernardo O'Higgins,6,Chimbarongo,6303,1,2020-05-28
Libertador General Bernardo O'Higgins,6,Chimbarongo,6303,1,2020-06-01
Libertador General Bernardo O'Higgins,6,Chimbarongo,6303,1,2020-06-04
Libertador General Bernardo O'Higgins,6,Chimbarongo,6303,1,2020-06-08
Libertador General Bernardo O'Higgins,6,Chimbarongo,6303,1,2020-06-11
Libertador General Bernardo O'Higgins,6,Chimbarongo,6303,1,2020-06-15
Libertador General Bernardo O'Higgins,6,Chimbarongo,6303,1,2020-06-19
Libertador General Bernardo O'Higgins,6,Chimbarongo,6303,2,2020-06-22
Libertador General Bernardo O'Higgins,6,Chimbarongo,6303,3,2020-06-23
Libertador General Bernardo O'Higgins,6,Chimbarongo,6303,1,2020-06-25
Libertador General Bernardo O'Higgins,6,Chimbarongo,6303,4,2020-06-26
Libertador General Bernardo O'Higgins,6,Chimbarongo,6303,1,2020-06-30
Libertador General Bernardo O'Higgins,6,Chimbarongo,6303,2,2020-07-02
Libertador General Bernardo O'Higgins,6,Chimbarongo,6303,1,2020-07-03
Libertador General Bernardo O'Higgins,6,Chimbarongo,6303,2,2020-07-07
Libertador General Bernardo O'Higgins,6,Chimbarongo,6303,2,2020-07-09
Libertador General Bernardo O'Higgins,6,Chimbarongo,6303,2,2020-07-13
Libertador General Bernardo O'Higgins,6,Chimbarongo,6303,1,2020-07-14
Libertador General Bernardo O'Higgins,6,Chimbarongo,6303,2,2020-07-20
Libertador General Bernardo O'Higgins,6,Chimbarongo,6303,2,2020-07-23
Libertador General Bernardo O'Higgins,6,Chimbarongo,6303,1,2020-07-27
Libertador General Bernardo O'Higgins,6,Chimbarongo,6303,1,2020-07-28
Libertador General Bernardo O'Higgins,6,Chimbarongo,6303,3,2020-07-30
Libertador General Bernardo O'Higgins,6,Chimbarongo,6303,3,2020-07-31
Libertador General Bernardo O'Higgins,6,Chimbarongo,6303,1,2020-08-03
Libertador General Bernardo O'Higgins,6,Chimbarongo,6303,1,2020-08-04
Libertador General Bernardo O'Higgins,6,Chimbarongo,6303,1,2020-08-06
Libertador General Bernardo O'Higgins,6,Chimbarongo,6303,2,2020-08-11
Libertador General Bernardo O'Higgins,6,Chimbarongo,6303,2,2020-08-18
Libertador General Bernardo O'Higgins,6,Chimbarongo,6303,1,2020-08-20
Libertador General Bernardo O'Higgins,6,Chimbarongo,6303,1,2020-08-21
Libertador General Bernardo O'Higgins,6,Chimbarongo,6303,1,2020-08-25
Libertador General Bernardo O'Higgins,6,Chimbarongo,6303,1,2020-08-27
Libertador General Bernardo O'Higgins,6,Chimbarongo,6303,1,2020-08-28
Libertador General Bernardo O'Higgins,6,Chimbarongo,6303,1,2020-08-29
Libertador General Bernardo O'Higgins,6,Chimbarongo,6303,1,2020-09-01
Libertador General Bernardo O'Higgins,6,Chimbarongo,6303,1,2020-09-07
Libertador General Bernardo O'Higgins,6,Chimbarongo,6303,5,2020-09-08
Libertador General Bernardo O'Higgins,6,Chimbarongo,6303,1,2020-09-10
Libertador General Bernardo O'Higgins,6,Chimbarongo,6303,1,2020-09-11
Libertador General Bernardo O'Higgins,6,Chimbarongo,6303,1,2020-09-14
Libertador General Bernardo O'Higgins,6,Chimbarongo,6303,2,2020-09-15
Libertador General Bernardo O'Higgins,6,Chimbarongo,6303,2,2020-09-17
Libertador General Bernardo O'Higgins,6,Chimbarongo,6303,1,2020-09-18
Libertador General Bernardo O'Higgins,6,Chimbarongo,6303,2,2020-09-21
Libertador General Bernardo O'Higgins,6,Chimbarongo,6303,1,2020-09-24
Libertador General Bernardo O'Higgins,6,Chimbarongo,6303,2,2020-09-28
Libertador General Bernardo O'Higgins,6,Chimbarongo,6303,2,2020-10-01
Libertador General Bernardo O'Higgins,6,Chimbarongo,6303,1,2020-10-02
Libertador General Bernardo O'Higgins,6,Chimbarongo,6303,1,2020-10-05
Libertador General Bernardo O'Higgins,6,Chimbarongo,6303,1,2020-10-13
Libertador General Bernardo O'Higgins,6,Chimbarongo,6303,1,2020-10-14
Libertador General Bernardo O'Higgins,6,Chimbarongo,6303,2,2020-10-20
Libertador General Bernardo O'Higgins,6,Chimbarongo,6303,1,2020-10-21
Libertador General Bernardo O'Higgins,6,Chimbarongo,6303,2,2020-11-02
Libertador General Bernardo O'Higgins,6,Chimbarongo,6303,2,2020-11-03
Libertador General Bernardo O'Higgins,6,Chimbarongo,6303,1,2020-11-10
Libertador General Bernardo O'Higgins,6,Chimbarongo,6303,1,2020-11-16
Libertador General Bernardo O'Higgins,6,Chimbarongo,6303,3,2020-11-19
Libertador General Bernardo O'Higgins,6,Chimbarongo,6303,1,2020-11-23
Libertador General Bernardo O'Higgins,6,Chimbarongo,6303,2,2020-11-25
Libertador General Bernardo O'Higgins,6,Chimbarongo,6303,1,2020-11-27
Libertador General Bernardo O'Higgins,6,Chimbarongo,6303,2,2020-11-30
Libertador General Bernardo O'Higgins,6,Chimbarongo,6303,1,2020-12-03
Libertador General Bernardo O'Higgins,6,Chimbarongo,6303,2,2020-12-04
Libertador General Bernardo O'Higgins,6,Chimbarongo,6303,1,2020-12-07
Libertador General Bernardo O'Higgins,6,Chimbarongo,6303,1,2020-12-09
Libertador General Bernardo O'Higgins,6,Chimbarongo,6303,1,2020-12-10
Libertador General Bernardo O'Higgins,6,Chimbarongo,6303,4,2020-12-14
Libertador General Bernardo O'Higgins,6,Chimbarongo,6303,2,2020-12-16
Libertador General Bernardo O'Higgins,6,Chimbarongo,6303,2,2020-12-17
Libertador General Bernardo O'Higgins,6,Chimbarongo,6303,1,2020-12-18
Libertador General Bernardo O'Higgins,6,Chimbarongo,6303,2,2020-12-21
Libertador General Bernardo O'Higgins,6,Chimbarongo,6303,1,2020-12-22
Libertador General Bernardo O'Higgins,6,Chimbarongo,6303,1,2020-12-23
Libertador General Bernardo O'Higgins,6,Chimbarongo,6303,1,2020-12-25
Libertador General Bernardo O'Higgins,6,Chimbarongo,6303,1,2020-12-28
Libertador General Bernardo O'Higgins,6,Chimbarongo,6303,1,2020-12-29
Libertador General Bernardo O'Higgins,6,Chimbarongo,6303,2,2021-01-05
Libertador General Bernardo O'Higgins,6,Chimbarongo,6303,2,2021-01-07
Libertador General Bernardo O'Higgins,6,Chimbarongo,6303,3,2021-01-11
Libertador General Bernardo O'Higgins,6,Lolol,6304,1,2020-01-06
Libertador General Bernardo O'Higgins,6,Lolol,6304,1,2020-02-06
Libertador General Bernardo O'Higgins,6,Lolol,6304,1,2020-02-18
Libertador General Bernardo O'Higgins,6,Lolol,6304,2,2020-02-19
Libertador General Bernardo O'Higgins,6,Lolol,6304,1,2020-03-11
Libertador General Bernardo O'Higgins,6,Lolol,6304,1,2020-03-17
Libertador General Bernardo O'Higgins,6,Lolol,6304,1,2020-03-20
Libertador General Bernardo O'Higgins,6,Lolol,6304,1,2020-03-30
Libertador General Bernardo O'Higgins,6,Lolol,6304,1,2020-03-31
Libertador General Bernardo O'Higgins,6,Lolol,6304,1,2020-04-06
Libertador General Bernardo O'Higgins,6,Lolol,6304,1,2020-04-20
Libertador General Bernardo O'Higgins,6,Lolol,6304,1,2020-05-13
Libertador General Bernardo O'Higgins,6,Lolol,6304,1,2020-05-26
Libertador General Bernardo O'Higgins,6,Lolol,6304,1,2020-06-16
Libertador General Bernardo O'Higgins,6,Lolol,6304,2,2020-06-30
Libertador General Bernardo O'Higgins,6,Lolol,6304,3,2020-07-02
Libertador General Bernardo O'Higgins,6,Lolol,6304,2,2020-07-06
Libertador General Bernardo O'Higgins,6,Lolol,6304,2,2020-07-13
Libertador General Bernardo O'Higgins,6,Lolol,6304,1,2020-07-22
Libertador General Bernardo O'Higgins,6,Lolol,6304,1,2020-08-11
Libertador General Bernardo O'Higgins,6,Lolol,6304,1,2020-08-13
Libertador General Bernardo O'Higgins,6,Lolol,6304,1,2020-08-18
Libertador General Bernardo O'Higgins,6,Lolol,6304,1,2020-08-22
Libertador General Bernardo O'Higgins,6,Lolol,6304,1,2020-08-28
Libertador General Bernardo O'Higgins,6,Lolol,6304,1,2020-08-31
Libertador General Bernardo O'Higgins,6,Lolol,6304,1,2020-09-04
Libertador General Bernardo O'Higgins,6,Lolol,6304,2,2020-09-23
Libertador General Bernardo O'Higgins,6,Lolol,6304,1,2020-10-05
Libertador General Bernardo O'Higgins,6,Lolol,6304,2,2020-10-19
Libertador General Bernardo O'Higgins,6,Lolol,6304,1,2020-10-20
Libertador General Bernardo O'Higgins,6,Lolol,6304,1,2020-10-22
Libertador General Bernardo O'Higgins,6,Lolol,6304,1,2020-10-26
Libertador General Bernardo O'Higgins,6,Lolol,6304,1,2020-10-28
Libertador General Bernardo O'Higgins,6,Lolol,6304,1,2020-11-02
Libertador General Bernardo O'Higgins,6,Lolol,6304,1,2020-11-09
Libertador General Bernardo O'Higgins,6,Lolol,6304,1,2020-11-11
Libertador General Bernardo O'Higgins,6,Lolol,6304,1,2020-11-23
Libertador General Bernardo O'Higgins,6,Lolol,6304,1,2020-11-24
Libertador General Bernardo O'Higgins,6,Lolol,6304,1,2020-11-30
Libertador General Bernardo O'Higgins,6,Lolol,6304,1,2020-12-23
Libertador General Bernardo O'Higgins,6,Lolol,6304,1,2020-12-30
Libertador General Bernardo O'Higgins,6,Lolol,6304,1,2021-01-12
Libertador General Bernardo O'Higgins,6,Nancagua,6305,1,2020-01-27
Libertador General Bernardo O'Higgins,6,Nancagua,6305,1,2020-01-30
Libertador General Bernardo O'Higgins,6,Nancagua,6305,1,2020-01-31
Libertador General Bernardo O'Higgins,6,Nancagua,6305,1,2020-02-07
Libertador General Bernardo O'Higgins,6,Nancagua,6305,1,2020-02-10
Libertador General Bernardo O'Higgins,6,Nancagua,6305,1,2020-02-12
Libertador General Bernardo O'Higgins,6,Nancagua,6305,1,2020-02-20
Libertador General Bernardo O'Higgins,6,Nancagua,6305,1,2020-02-28
Libertador General Bernardo O'Higgins,6,Nancagua,6305,1,2020-03-03
Libertador General Bernardo O'Higgins,6,Nancagua,6305,1,2020-03-10
Libertador General Bernardo O'Higgins,6,Nancagua,6305,1,2020-03-13
Libertador General Bernardo O'Higgins,6,Nancagua,6305,1,2020-03-23
Libertador General Bernardo O'Higgins,6,Nancagua,6305,1,2020-04-06
Libertador General Bernardo O'Higgins,6,Nancagua,6305,1,2020-04-13
Libertador General Bernardo O'Higgins,6,Nancagua,6305,1,2020-04-17
Libertador General Bernardo O'Higgins,6,Nancagua,6305,1,2020-04-21
Libertador General Bernardo O'Higgins,6,Nancagua,6305,1,2020-04-29
Libertador General Bernardo O'Higgins,6,Nancagua,6305,1,2020-05-07
Libertador General Bernardo O'Higgins,6,Nancagua,6305,3,2020-05-14
Libertador General Bernardo O'Higgins,6,Nancagua,6305,1,2020-05-23
Libertador General Bernardo O'Higgins,6,Nancagua,6305,1,2020-05-25
Libertador General Bernardo O'Higgins,6,Nancagua,6305,2,2020-06-05
Libertador General Bernardo O'Higgins,6,Nancagua,6305,3,2020-06-08
Libertador General Bernardo O'Higgins,6,Nancagua,6305,2,2020-06-15
Libertador General Bernardo O'Higgins,6,Nancagua,6305,1,2020-06-18
Libertador General Bernardo O'Higgins,6,Nancagua,6305,1,2020-06-26
Libertador General Bernardo O'Higgins,6,Nancagua,6305,1,2020-06-28
Libertador General Bernardo O'Higgins,6,Nancagua,6305,1,2020-07-06
Libertador General Bernardo O'Higgins,6,Nancagua,6305,2,2020-07-09
Libertador General Bernardo O'Higgins,6,Nancagua,6305,1,2020-07-14
Libertador General Bernardo O'Higgins,6,Nancagua,6305,1,2020-07-17
Libertador General Bernardo O'Higgins,6,Nancagua,6305,1,2020-07-24
Libertador General Bernardo O'Higgins,6,Nancagua,6305,3,2020-07-27
Libertador General Bernardo O'Higgins,6,Nancagua,6305,1,2020-08-03
Libertador General Bernardo O'Higgins,6,Nancagua,6305,1,2020-08-10
Libertador General Bernardo O'Higgins,6,Nancagua,6305,1,2020-08-20
Libertador General Bernardo O'Higgins,6,Nancagua,6305,1,2020-08-24
Libertador General Bernardo O'Higgins,6,Nancagua,6305,1,2020-08-31
Libertador General Bernardo O'Higgins,6,Nancagua,6305,1,2020-09-02
Libertador General Bernardo O'Higgins,6,Nancagua,6305,2,2020-09-23
Libertador General Bernardo O'Higgins,6,Nancagua,6305,2,2020-09-28
Libertador General Bernardo O'Higgins,6,Nancagua,6305,1,2020-09-30
Libertador General Bernardo O'Higgins,6,Nancagua,6305,3,2020-10-05
Libertador General Bernardo O'Higgins,6,Nancagua,6305,2,2020-10-09
Libertador General Bernardo O'Higgins,6,Nancagua,6305,1,2020-10-13
Libertador General Bernardo O'Higgins,6,Nancagua,6305,2,2020-10-19
Libertador General Bernardo O'Higgins,6,Nancagua,6305,4,2020-10-26
Libertador General Bernardo O'Higgins,6,Nancagua,6305,1,2020-10-30
Libertador General Bernardo O'Higgins,6,Nancagua,6305,3,2020-11-04
Libertador General Bernardo O'Higgins,6,Nancagua,6305,2,2020-11-09
Libertador General Bernardo O'Higgins,6,Nancagua,6305,2,2020-11-11
Libertador General Bernardo O'Higgins,6,Nancagua,6305,2,2020-11-13
Libertador General Bernardo O'Higgins,6,Nancagua,6305,1,2020-11-23
Libertador General Bernardo O'Higgins,6,Nancagua,6305,1,2020-12-02
Libertador General Bernardo O'Higgins,6,Nancagua,6305,1,2020-12-16
Libertador General Bernardo O'Higgins,6,Nancagua,6305,1,2020-12-18
Libertador General Bernardo O'Higgins,6,Nancagua,6305,1,2020-12-23
Libertador General Bernardo O'Higgins,6,Nancagua,6305,1,2021-01-01
Libertador General Bernardo O'Higgins,6,Nancagua,6305,1,2021-01-06
Libertador General Bernardo O'Higgins,6,Nancagua,6305,1,2021-01-11
Libertador General Bernardo O'Higgins,6,Nancagua,6305,1,2021-01-13
Libertador General Bernardo O'Higgins,6,Peralillo,6307,1,2020-01-08
Libertador General Bernardo O'Higgins,6,Peralillo,6307,1,2020-01-14
Libertador General Bernardo O'Higgins,6,Peralillo,6307,1,2020-01-27
Libertador General Bernardo O'Higgins,6,Peralillo,6307,1,2020-02-22
Libertador General Bernardo O'Higgins,6,Peralillo,6307,3,2020-02-24
Libertador General Bernardo O'Higgins,6,Peralillo,6307,1,2020-02-27
Libertador General Bernardo O'Higgins,6,Peralillo,6307,0,2020-03-02
Libertador General Bernardo O'Higgins,6,Peralillo,6307,1,2020-03-10
Libertador General Bernardo O'Higgins,6,Peralillo,6307,1,2020-03-18
Libertador General Bernardo O'Higgins,6,Peralillo,6307,1,2020-03-23
Libertador General Bernardo O'Higgins,6,Peralillo,6307,1,2020-03-24
Libertador General Bernardo O'Higgins,6,Peralillo,6307,1,2020-03-27
Libertador General Bernardo O'Higgins,6,Peralillo,6307,1,2020-03-30
Libertador General Bernardo O'Higgins,6,Peralillo,6307,1,2020-04-02
Libertador General Bernardo O'Higgins,6,Peralillo,6307,1,2020-04-06
Libertador General Bernardo O'Higgins,6,Peralillo,6307,1,2020-04-24
Libertador General Bernardo O'Higgins,6,Peralillo,6307,1,2020-05-02
Libertador General Bernardo O'Higgins,6,Peralillo,6307,1,2020-05-16
Libertador General Bernardo O'Higgins,6,Peralillo,6307,1,2020-05-21
Libertador General Bernardo O'Higgins,6,Peralillo,6307,1,2020-05-25
Libertador General Bernardo O'Higgins,6,Peralillo,6307,1,2020-06-01
Libertador General Bernardo O'Higgins,6,Peralillo,6307,2,2020-06-06
Libertador General Bernardo O'Higgins,6,Peralillo,6307,1,2020-06-17
Libertador General Bernardo O'Higgins,6,Peralillo,6307,1,2020-06-18
Libertador General Bernardo O'Higgins,6,Peralillo,6307,1,2020-07-16
Libertador General Bernardo O'Higgins,6,Peralillo,6307,1,2020-07-31
Libertador General Bernardo O'Higgins,6,Peralillo,6307,1,2020-08-04
Libertador General Bernardo O'Higgins,6,Peralillo,6307,1,2020-08-06
Libertador General Bernardo O'Higgins,6,Peralillo,6307,1,2020-08-11
Libertador General Bernardo O'Higgins,6,Peralillo,6307,1,2020-08-14
Libertador General Bernardo O'Higgins,6,Peralillo,6307,1,2020-08-21
Libertador General Bernardo O'Higgins,6,Peralillo,6307,1,2020-08-31
Libertador General Bernardo O'Higgins,6,Peralillo,6307,1,2020-09-09
Libertador General Bernardo O'Higgins,6,Peralillo,6307,1,2020-09-12
Libertador General Bernardo O'Higgins,6,Peralillo,6307,1,2020-09-15
Libertador General Bernardo O'Higgins,6,Peralillo,6307,2,2020-09-16
Libertador General Bernardo O'Higgins,6,Peralillo,6307,1,2020-09-20
Libertador General Bernardo O'Higgins,6,Peralillo,6307,1,2020-09-28
Libertador General Bernardo O'Higgins,6,Peralillo,6307,1,2020-09-29
Libertador General Bernardo O'Higgins,6,Peralillo,6307,1,2020-10-02
Libertador General Bernardo O'Higgins,6,Peralillo,6307,1,2020-10-06
Libertador General Bernardo O'Higgins,6,Peralillo,6307,2,2020-10-07
Libertador General Bernardo O'Higgins,6,Peralillo,6307,1,2020-10-15
Libertador General Bernardo O'Higgins,6,Peralillo,6307,1,2020-10-26
Libertador General Bernardo O'Higgins,6,Peralillo,6307,1,2020-10-27
Libertador General Bernardo O'Higgins,6,Peralillo,6307,1,2020-11-09
Libertador General Bernardo O'Higgins,6,Peralillo,6307,1,2020-11-10
Libertador General Bernardo O'Higgins,6,Peralillo,6307,2,2020-11-17
Libertador General Bernardo O'Higgins,6,Peralillo,6307,1,2020-11-27
Libertador General Bernardo O'Higgins,6,Peralillo,6307,1,2020-11-30
Libertador General Bernardo O'Higgins,6,Peralillo,6307,1,2020-12-07
Libertador General Bernardo O'Higgins,6,Peralillo,6307,2,2021-01-04
Libertador General Bernardo O'Higgins,6,Peralillo,6307,1,2021-01-08
Libertador General Bernardo O'Higgins,6,Placilla,6308,1,2020-01-20
Libertador General Bernardo O'Higgins,6,Placilla,6308,1,2020-01-24
Libertador General Bernardo O'Higgins,6,Placilla,6308,1,2020-01-28
Libertador General Bernardo O'Higgins,6,Placilla,6308,1,2020-02-03
Libertador General Bernardo O'Higgins,6,Placilla,6308,1,2020-02-17
Libertador General Bernardo O'Higgins,6,Placilla,6308,1,2020-03-05
Libertador General Bernardo O'Higgins,6,Placilla,6308,1,2020-05-12
Libertador General Bernardo O'Higgins,6,Placilla,6308,1,2020-05-19
Libertador General Bernardo O'Higgins,6,Placilla,6308,1,2020-05-22
Libertador General Bernardo O'Higgins,6,Placilla,6308,1,2020-05-29
Libertador General Bernardo O'Higgins,6,Placilla,6308,1,2020-06-01
Libertador General Bernardo O'Higgins,6,Placilla,6308,1,2020-06-02
Libertador General Bernardo O'Higgins,6,Placilla,6308,2,2020-06-04
Libertador General Bernardo O'Higgins,6,Placilla,6308,1,2020-06-17
Libertador General Bernardo O'Higgins,6,Placilla,6308,1,2020-07-05
Libertador General Bernardo O'Higgins,6,Placilla,6308,1,2020-07-08
Libertador General Bernardo O'Higgins,6,Placilla,6308,1,2020-07-10
Libertador General Bernardo O'Higgins,6,Placilla,6308,1,2020-07-20
Libertador General Bernardo O'Higgins,6,Placilla,6308,1,2020-08-14
Libertador General Bernardo O'Higgins,6,Placilla,6308,1,2020-08-24
Libertador General Bernardo O'Higgins,6,Placilla,6308,2,2020-08-31
Libertador General Bernardo O'Higgins,6,Placilla,6308,1,2020-09-07
Libertador General Bernardo O'Higgins,6,Placilla,6308,1,2020-09-08
Libertador General Bernardo O'Higgins,6,Placilla,6308,2,2020-09-25
Libertador General Bernardo O'Higgins,6,Placilla,6308,1,2020-10-09
Libertador General Bernardo O'Higgins,6,Placilla,6308,1,2020-10-14
Libertador General Bernardo O'Higgins,6,Placilla,6308,1,2020-10-27
Libertador General Bernardo O'Higgins,6,Placilla,6308,2,2020-11-13
Libertador General Bernardo O'Higgins,6,Placilla,6308,2,2020-11-18
Libertador General Bernardo O'Higgins,6,Placilla,6308,1,2020-12-07
Libertador General Bernardo O'Higgins,6,Placilla,6308,1,2020-12-18
Libertador General Bernardo O'Higgins,6,Placilla,6308,1,2020-12-24
Libertador General Bernardo O'Higgins,6,Pumanque,6309,1,2020-02-18
Libertador General Bernardo O'Higgins,6,Pumanque,6309,1,2020-02-20
Libertador General Bernardo O'Higgins,6,Pumanque,6309,1,2020-03-11
Libertador General Bernardo O'Higgins,6,Pumanque,6309,1,2020-03-13
Libertador General Bernardo O'Higgins,6,Pumanque,6309,1,2020-04-01
Libertador General Bernardo O'Higgins,6,Pumanque,6309,1,2020-04-17
Libertador General Bernardo O'Higgins,6,Pumanque,6309,1,2020-05-20
Libertador General Bernardo O'Higgins,6,Pumanque,6309,1,2020-06-08
Libertador General Bernardo O'Higgins,6,Pumanque,6309,1,2020-06-18
Libertador General Bernardo O'Higgins,6,Pumanque,6309,1,2020-07-23
Libertador General Bernardo O'Higgins,6,Pumanque,6309,1,2020-08-03
Libertador General Bernardo O'Higgins,6,Pumanque,6309,1,2020-08-07
Libertador General Bernardo O'Higgins,6,Pumanque,6309,1,2020-09-07
Libertador General Bernardo O'Higgins,6,Pumanque,6309,1,2020-09-09
Libertador General Bernardo O'Higgins,6,Pumanque,6309,1,2020-09-11
Libertador General Bernardo O'Higgins,6,Pumanque,6309,1,2020-09-23
Libertador General Bernardo O'Higgins,6,Pumanque,6309,1,2020-10-11
Libertador General Bernardo O'Higgins,6,Pumanque,6309,1,2020-10-21
Libertador General Bernardo O'Higgins,6,Pumanque,6309,1,2020-10-26
Libertador General Bernardo O'Higgins,6,Pumanque,6309,1,2020-11-09
Libertador General Bernardo O'Higgins,6,Pumanque,6309,1,2020-12-04
Libertador General Bernardo O'Higgins,6,Santa Cruz,6310,4,2020-01-02
Libertador General Bernardo O'Higgins,6,Santa Cruz,6310,1,2020-01-06
Libertador General Bernardo O'Higgins,6,Santa Cruz,6310,2,2020-01-07
Libertador General Bernardo O'Higgins,6,Santa Cruz,6310,3,2020-01-08
Libertador General Bernardo O'Higgins,6,Santa Cruz,6310,2,2020-01-09
Libertador General Bernardo O'Higgins,6,Santa Cruz,6310,2,2020-01-10
Libertador General Bernardo O'Higgins,6,Santa Cruz,6310,5,2020-01-13
Libertador General Bernardo O'Higgins,6,Santa Cruz,6310,4,2020-01-14
Libertador General Bernardo O'Higgins,6,Santa Cruz,6310,2,2020-01-15
Libertador General Bernardo O'Higgins,6,Santa Cruz,6310,2,2020-01-16
Libertador General Bernardo O'Higgins,6,Santa Cruz,6310,2,2020-01-20
Libertador General Bernardo O'Higgins,6,Santa Cruz,6310,3,2020-01-22
Libertador General Bernardo O'Higgins,6,Santa Cruz,6310,1,2020-01-24
Libertador General Bernardo O'Higgins,6,Santa Cruz,6310,4,2020-01-27
Libertador General Bernardo O'Higgins,6,Santa Cruz,6310,2,2020-01-28
Libertador General Bernardo O'Higgins,6,Santa Cruz,6310,3,2020-01-30
Libertador General Bernardo O'Higgins,6,Santa Cruz,6310,2,2020-01-31
Libertador General Bernardo O'Higgins,6,Santa Cruz,6310,7,2020-02-03
Libertador General Bernardo O'Higgins,6,Santa Cruz,6310,5,2020-02-04
Libertador General Bernardo O'Higgins,6,Santa Cruz,6310,1,2020-02-05
Libertador General Bernardo O'Higgins,6,Santa Cruz,6310,1,2020-02-06
Libertador General Bernardo O'Higgins,6,Santa Cruz,6310,1,2020-02-07
Libertador General Bernardo O'Higgins,6,Santa Cruz,6310,4,2020-02-10
Libertador General Bernardo O'Higgins,6,Santa Cruz,6310,2,2020-02-11
Libertador General Bernardo O'Higgins,6,Santa Cruz,6310,1,2020-02-13
Libertador General Bernardo O'Higgins,6,Santa Cruz,6310,1,2020-02-14
Libertador General Bernardo O'Higgins,6,Santa Cruz,6310,2,2020-02-17
Libertador General Bernardo O'Higgins,6,Santa Cruz,6310,1,2020-02-20
Libertador General Bernardo O'Higgins,6,Santa Cruz,6310,2,2020-02-21
Libertador General Bernardo O'Higgins,6,Santa Cruz,6310,1,2020-02-22
Libertador General Bernardo O'Higgins,6,Santa Cruz,6310,1,2020-02-24
Libertador General Bernardo O'Higgins,6,Santa Cruz,6310,2,2020-02-25
Libertador General Bernardo O'Higgins,6,Santa Cruz,6310,1,2020-02-26
Libertador General Bernardo O'Higgins,6,Santa Cruz,6310,3,2020-02-27
Libertador General Bernardo O'Higgins,6,Santa Cruz,6310,3,2020-02-28
Libertador General Bernardo O'Higgins,6,Santa Cruz,6310,2,2020-03-02
Libertador General Bernardo O'Higgins,6,Santa Cruz,6310,3,2020-03-03
Libertador General Bernardo O'Higgins,6,Santa Cruz,6310,3,2020-03-04
Libertador General Bernardo O'Higgins,6,Santa Cruz,6310,2,2020-03-05
Libertador General Bernardo O'Higgins,6,Santa Cruz,6310,5,2020-03-09
Libertador General Bernardo O'Higgins,6,Santa Cruz,6310,2,2020-03-10
Libertador General Bernardo O'Higgins,6,Santa Cruz,6310,5,2020-03-11
Libertador General Bernardo O'Higgins,6,Santa Cruz,6310,2,2020-03-12
Libertador General Bernardo O'Higgins,6,Santa Cruz,6310,1,2020-03-13
Libertador General Bernardo O'Higgins,6,Santa Cruz,6310,4,2020-03-16
Libertador General Bernardo O'Higgins,6,Santa Cruz,6310,1,2020-03-24
Libertador General Bernardo O'Higgins,6,Santa Cruz,6310,2,2020-03-25
Libertador General Bernardo O'Higgins,6,Santa Cruz,6310,1,2020-03-27
Libertador General Bernardo O'Higgins,6,Santa Cruz,6310,4,2020-03-30
Libertador General Bernardo O'Higgins,6,Santa Cruz,6310,1,2020-04-01
Libertador General Bernardo O'Higgins,6,Santa Cruz,6310,5,2020-04-06
Libertador General Bernardo O'Higgins,6,Santa Cruz,6310,4,2020-04-09
Libertador General Bernardo O'Higgins,6,Santa Cruz,6310,1,2020-04-10
Libertador General Bernardo O'Higgins,6,Santa Cruz,6310,5,2020-04-13
Libertador General Bernardo O'Higgins,6,Santa Cruz,6310,1,2020-04-15
Libertador General Bernardo O'Higgins,6,Santa Cruz,6310,1,2020-04-16
Libertador General Bernardo O'Higgins,6,Santa Cruz,6310,1,2020-04-17
Libertador General Bernardo O'Higgins,6,Santa Cruz,6310,3,2020-04-20
Libertador General Bernardo O'Higgins,6,Santa Cruz,6310,1,2020-04-21
Libertador General Bernardo O'Higgins,6,Santa Cruz,6310,1,2020-04-22
Libertador General Bernardo O'Higgins,6,Santa Cruz,6310,2,2020-04-23
Libertador General Bernardo O'Higgins,6,Santa Cruz,6310,4,2020-04-27
Libertador General Bernardo O'Higgins,6,Santa Cruz,6310,5,2020-04-29
Libertador General Bernardo O'Higgins,6,Santa Cruz,6310,2,2020-04-30
Libertador General Bernardo O'Higgins,6,Santa Cruz,6310,3,2020-05-04
Libertador General Bernardo O'Higgins,6,Santa Cruz,6310,1,2020-05-06
Libertador General Bernardo O'Higgins,6,Santa Cruz,6310,6,2020-05-08
Libertador General Bernardo O'Higgins,6,Santa Cruz,6310,1,2020-05-11
Libertador General Bernardo O'Higgins,6,Santa Cruz,6310,3,2020-05-13
Libertador General Bernardo O'Higgins,6,Santa Cruz,6310,3,2020-05-15
Libertador General Bernardo O'Higgins,6,Santa Cruz,6310,5,2020-05-18
Libertador General Bernardo O'Higgins,6,Santa Cruz,6310,7,2020-05-20
Libertador General Bernardo O'Higgins,6,Santa Cruz,6310,1,2020-05-21
Libertador General Bernardo O'Higgins,6,Santa Cruz,6310,3,2020-05-22
Libertador General Bernardo O'Higgins,6,Santa Cruz,6310,1,2020-05-24
Libertador General Bernardo O'Higgins,6,Santa Cruz,6310,1,2020-05-25
Libertador General Bernardo O'Higgins,6,Santa Cruz,6310,2,2020-05-27
Libertador General Bernardo O'Higgins,6,Santa Cruz,6310,7,2020-05-29
Libertador General Bernardo O'Higgins,6,Santa Cruz,6310,3,2020-06-01
Libertador General Bernardo O'Higgins,6,Santa Cruz,6310,5,2020-06-03
Libertador General Bernardo O'Higgins,6,Santa Cruz,6310,2,2020-06-05
Libertador General Bernardo O'Higgins,6,Santa Cruz,6310,5,2020-06-08
Libertador General Bernardo O'Higgins,6,Santa Cruz,6310,3,2020-06-10
Libertador General Bernardo O'Higgins,6,Santa Cruz,6310,3,2020-06-12
Libertador General Bernardo O'Higgins,6,Santa Cruz,6310,3,2020-06-15
Libertador General Bernardo O'Higgins,6,Santa Cruz,6310,8,2020-06-17
Libertador General Bernardo O'Higgins,6,Santa Cruz,6310,3,2020-06-19
Libertador General Bernardo O'Higgins,6,Santa Cruz,6310,6,2020-06-22
Libertador General Bernardo O'Higgins,6,Santa Cruz,6310,3,2020-06-24
Libertador General Bernardo O'Higgins,6,Santa Cruz,6310,3,2020-06-26
Libertador General Bernardo O'Higgins,6,Santa Cruz,6310,1,2020-06-29
Libertador General Bernardo O'Higgins,6,Santa Cruz,6310,6,2020-06-30
Libertador General Bernardo O'Higgins,6,Santa Cruz,6310,1,2020-07-01
Libertador General Bernardo O'Higgins,6,Santa Cruz,6310,1,2020-07-02
Libertador General Bernardo O'Higgins,6,Santa Cruz,6310,2,2020-07-03
Libertador General Bernardo O'Higgins,6,Santa Cruz,6310,4,2020-07-06
Libertador General Bernardo O'Higgins,6,Santa Cruz,6310,5,2020-07-08
Libertador General Bernardo O'Higgins,6,Santa Cruz,6310,1,2020-07-10
Libertador General Bernardo O'Higgins,6,Santa Cruz,6310,1,2020-07-12
Libertador General Bernardo O'Higgins,6,Santa Cruz,6310,3,2020-07-13
Libertador General Bernardo O'Higgins,6,Santa Cruz,6310,7,2020-07-15
Libertador General Bernardo O'Higgins,6,Santa Cruz,6310,4,2020-07-17
Libertador General Bernardo O'Higgins,6,Santa Cruz,6310,8,2020-07-20
Libertador General Bernardo O'Higgins,6,Santa Cruz,6310,2,2020-07-21
Libertador General Bernardo O'Higgins,6,Santa Cruz,6310,2,2020-07-22
Libertador General Bernardo O'Higgins,6,Santa Cruz,6310,2,2020-07-24
Libertador General Bernardo O'Higgins,6,Santa Cruz,6310,6,2020-07-27
Libertador General Bernardo O'Higgins,6,Santa Cruz,6310,2,2020-07-29
Libertador General Bernardo O'Higgins,6,Santa Cruz,6310,5,2020-07-31
Libertador General Bernardo O'Higgins,6,Santa Cruz,6310,1,2020-08-01
Libertador General Bernardo O'Higgins,6,Santa Cruz,6310,3,2020-08-03
Libertador General Bernardo O'Higgins,6,Santa Cruz,6310,1,2020-08-04
Libertador General Bernardo O'Higgins,6,Santa Cruz,6310,1,2020-08-05
Libertador General Bernardo O'Higgins,6,Santa Cruz,6310,3,2020-08-07
Libertador General Bernardo O'Higgins,6,Santa Cruz,6310,1,2020-08-10
Libertador General Bernardo O'Higgins,6,Santa Cruz,6310,1,2020-08-11
Libertador General Bernardo O'Higgins,6,Santa Cruz,6310,1,2020-08-12
Libertador General Bernardo O'Higgins,6,Santa Cruz,6310,1,2020-08-13
Libertador General Bernardo O'Higgins,6,Santa Cruz,6310,3,2020-08-14
Libertador General Bernardo O'Higgins,6,Santa Cruz,6310,4,2020-08-17
Libertador General Bernardo O'Higgins,6,Santa Cruz,6310,1,2020-08-19
Libertador General Bernardo O'Higgins,6,Santa Cruz,6310,1,2020-08-20
Libertador General Bernardo O'Higgins,6,Santa Cruz,6310,3,2020-08-21
Libertador General Bernardo O'Higgins,6,Santa Cruz,6310,1,2020-08-22
Libertador General Bernardo O'Higgins,6,Santa Cruz,6310,2,2020-08-24
Libertador General Bernardo O'Higgins,6,Santa Cruz,6310,1,2020-08-26
Libertador General Bernardo O'Higgins,6,Santa Cruz,6310,1,2020-08-28
Libertador General Bernardo O'Higgins,6,Santa Cruz,6310,6,2020-08-31
Libertador General Bernardo O'Higgins,6,Santa Cruz,6310,2,2020-09-02
Libertador General Bernardo O'Higgins,6,Santa Cruz,6310,1,2020-09-03
Libertador General Bernardo O'Higgins,6,Santa Cruz,6310,3,2020-09-04
Libertador General Bernardo O'Higgins,6,Santa Cruz,6310,1,2020-09-07
Libertador General Bernardo O'Higgins,6,Santa Cruz,6310,3,2020-09-08
Libertador General Bernardo O'Higgins,6,Santa Cruz,6310,1,2020-09-09
Libertador General Bernardo O'Higgins,6,Santa Cruz,6310,1,2020-09-10
Libertador General Bernardo O'Higgins,6,Santa Cruz,6310,3,2020-09-14
Libertador General Bernardo O'Higgins,6,Santa Cruz,6310,2,2020-09-15
Libertador General Bernardo O'Higgins,6,Santa Cruz,6310,5,2020-09-16
Libertador General Bernardo O'Higgins,6,Santa Cruz,6310,4,2020-09-21
Libertador General Bernardo O'Higgins,6,Santa Cruz,6310,3,2020-09-23
Libertador General Bernardo O'Higgins,6,Santa Cruz,6310,1,2020-09-24
Libertador General Bernardo O'Higgins,6,Santa Cruz,6310,2,2020-09-25
Libertador General Bernardo O'Higgins,6,Santa Cruz,6310,2,2020-09-28
Libertador General Bernardo O'Higgins,6,Santa Cruz,6310,2,2020-09-29
Libertador General Bernardo O'Higgins,6,Santa Cruz,6310,1,2020-10-02
Libertador General Bernardo O'Higgins,6,Santa Cruz,6310,7,2020-10-05
Libertador General Bernardo O'Higgins,6,Santa Cruz,6310,1,2020-10-08
Libertador General Bernardo O'Higgins,6,Santa Cruz,6310,6,2020-10-13
Libertador General Bernardo O'Higgins,6,Santa Cruz,6310,2,2020-10-14
Libertador General Bernardo O'Higgins,6,Santa Cruz,6310,3,2020-10-15
Libertador General Bernardo O'Higgins,6,Santa Cruz,6310,2,2020-10-16
Libertador General Bernardo O'Higgins,6,Santa Cruz,6310,4,2020-10-19
Libertador General Bernardo O'Higgins,6,Santa Cruz,6310,3,2020-10-20
Libertador General Bernardo O'Higgins,6,Santa Cruz,6310,1,2020-10-21
Libertador General Bernardo O'Higgins,6,Santa Cruz,6310,5,2020-10-26
Libertador General Bernardo O'Higgins,6,Santa Cruz,6310,2,2020-10-27
Libertador General Bernardo O'Higgins,6,Santa Cruz,6310,1,2020-10-28
Libertador General Bernardo O'Higgins,6,Santa Cruz,6310,1,2020-10-29
Libertador General Bernardo O'Higgins,6,Santa Cruz,6310,5,2020-11-02
Libertador General Bernardo O'Higgins,6,Santa Cruz,6310,2,2020-11-03
Libertador General Bernardo O'Higgins,6,Santa Cruz,6310,1,2020-11-04
Libertador General Bernardo O'Higgins,6,Santa Cruz,6310,2,2020-11-05
Libertador General Bernardo O'Higgins,6,Santa Cruz,6310,1,2020-11-06
Libertador General Bernardo O'Higgins,6,Santa Cruz,6310,4,2020-11-09
Libertador General Bernardo O'Higgins,6,Santa Cruz,6310,2,2020-11-10
Libertador General Bernardo O'Higgins,6,Santa Cruz,6310,3,2020-11-11
Libertador General Bernardo O'Higgins,6,Santa Cruz,6310,2,2020-11-13
Libertador General Bernardo O'Higgins,6,Santa Cruz,6310,1,2020-11-16
Libertador General Bernardo O'Higgins,6,Santa Cruz,6310,1,2020-11-18
Libertador General Bernardo O'Higgins,6,Santa Cruz,6310,2,2020-11-20
Libertador General Bernardo O'Higgins,6,Santa Cruz,6310,7,2020-11-23
Libertador General Bernardo O'Higgins,6,Santa Cruz,6310,1,2020-11-25
Libertador General Bernardo O'Higgins,6,Santa Cruz,6310,1,2020-11-26
Libertador General Bernardo O'Higgins,6,Santa Cruz,6310,1,2020-11-27
Libertador General Bernardo O'Higgins,6,Santa Cruz,6310,3,2020-11-30
Libertador General Bernardo O'Higgins,6,Santa Cruz,6310,1,2020-12-03
Libertador General Bernardo O'Higgins,6,Santa Cruz,6310,4,2020-12-07
Libertador General Bernardo O'Higgins,6,Santa Cruz,6310,5,2020-12-09
Libertador General Bernardo O'Higgins,6,Santa Cruz,6310,5,2020-12-10
Libertador General Bernardo O'Higgins,6,Santa Cruz,6310,2,2020-12-11
Libertador General Bernardo O'Higgins,6,Santa Cruz,6310,3,2020-12-14
Libertador General Bernardo O'Higgins,6,Santa Cruz,6310,4,2020-12-15
Libertador General Bernardo O'Higgins,6,Santa Cruz,6310,3,2020-12-17
Libertador General Bernardo O'Higgins,6,Santa Cruz,6310,1,2020-12-18
Libertador General Bernardo O'Higgins,6,Santa Cruz,6310,3,2020-12-21
Libertador General Bernardo O'Higgins,6,Santa Cruz,6310,3,2020-12-22
Libertador General Bernardo O'Higgins,6,Santa Cruz,6310,1,2020-12-23
Libertador General Bernardo O'Higgins,6,Santa Cruz,6310,1,2020-12-24
Libertador General Bernardo O'Higgins,6,Santa Cruz,6310,3,2020-12-25
Libertador General Bernardo O'Higgins,6,Santa Cruz,6310,4,2020-12-28
Libertador General Bernardo O'Higgins,6,Santa Cruz,6310,3,2020-12-30
Libertador General Bernardo O'Higgins,6,Santa Cruz,6310,5,2021-01-04
Libertador General Bernardo O'Higgins,6,Santa Cruz,6310,1,2021-01-05
Libertador General Bernardo O'Higgins,6,Santa Cruz,6310,2,2021-01-06
Libertador General Bernardo O'Higgins,6,Santa Cruz,6310,2,2021-01-07
Libertador General Bernardo O'Higgins,6,Santa Cruz,6310,1,2021-01-08
Libertador General Bernardo O'Higgins,6,Santa Cruz,6310,1,2021-01-11
Libertador General Bernardo O'Higgins,6,Santa Cruz,6310,2,2021-01-12
Libertador General Bernardo O'Higgins,6,Santa Cruz,6310,1,2021-01-13
Libertador General Bernardo O'Higgins,6,Santa Cruz,6310,1,2021-01-14
Maule,7,Talca,7101,7,2020-01-02
Maule,7,Talca,7101,6,2020-01-03
Maule,7,Talca,7101,1,2020-01-04
Maule,7,Talca,7101,1,2020-01-05
Maule,7,Talca,7101,18,2020-01-06
Maule,7,Talca,7101,5,2020-01-07
Maule,7,Talca,7101,7,2020-01-08
Maule,7,Talca,7101,9,2020-01-09
Maule,7,Talca,7101,10,2020-01-10
Maule,7,Talca,7101,13,2020-01-13
Maule,7,Talca,7101,7,2020-01-14
Maule,7,Talca,7101,2,2020-01-15
Maule,7,Talca,7101,6,2020-01-16
Maule,7,Talca,7101,6,2020-01-17
Maule,7,Talca,7101,1,2020-01-18
Maule,7,Talca,7101,8,2020-01-20
Maule,7,Talca,7101,7,2020-01-21
Maule,7,Talca,7101,10,2020-01-22
Maule,7,Talca,7101,5,2020-01-23
Maule,7,Talca,7101,5,2020-01-24
Maule,7,Talca,7101,14,2020-01-27
Maule,7,Talca,7101,7,2020-01-28
Maule,7,Talca,7101,9,2020-01-29
Maule,7,Talca,7101,3,2020-01-30
Maule,7,Talca,7101,7,2020-01-31
Maule,7,Talca,7101,4,2020-02-03
Maule,7,Talca,7101,7,2020-02-04
Maule,7,Talca,7101,5,2020-02-05
Maule,7,Talca,7101,7,2020-02-06
Maule,7,Talca,7101,6,2020-02-07
Maule,7,Talca,7101,16,2020-02-10
Maule,7,Talca,7101,2,2020-02-11
Maule,7,Talca,7101,2,2020-02-12
Maule,7,Talca,7101,2,2020-02-13
Maule,7,Talca,7101,6,2020-02-14
Maule,7,Talca,7101,1,2020-02-15
Maule,7,Talca,7101,7,2020-02-17
Maule,7,Talca,7101,5,2020-02-18
Maule,7,Talca,7101,3,2020-02-19
Maule,7,Talca,7101,3,2020-02-20
Maule,7,Talca,7101,1,2020-02-21
Maule,7,Talca,7101,1,2020-02-22
Maule,7,Talca,7101,10,2020-02-24
Maule,7,Talca,7101,7,2020-02-25
Maule,7,Talca,7101,3,2020-02-26
Maule,7,Talca,7101,3,2020-02-27
Maule,7,Talca,7101,8,2020-02-28
Maule,7,Talca,7101,15,2020-03-02
Maule,7,Talca,7101,7,2020-03-03
Maule,7,Talca,7101,9,2020-03-04
Maule,7,Talca,7101,4,2020-03-05
Maule,7,Talca,7101,8,2020-03-06
Maule,7,Talca,7101,11,2020-03-09
Maule,7,Talca,7101,8,2020-03-10
Maule,7,Talca,7101,5,2020-03-11
Maule,7,Talca,7101,5,2020-03-12
Maule,7,Talca,7101,3,2020-03-13
Maule,7,Talca,7101,14,2020-03-16
Maule,7,Talca,7101,2,2020-03-17
Maule,7,Talca,7101,6,2020-03-18
Maule,7,Talca,7101,6,2020-03-19
Maule,7,Talca,7101,2,2020-03-20
Maule,7,Talca,7101,10,2020-03-23
Maule,7,Talca,7101,3,2020-03-24
Maule,7,Talca,7101,6,2020-03-25
Maule,7,Talca,7101,4,2020-03-26
Maule,7,Talca,7101,10,2020-03-27
Maule,7,Talca,7101,11,2020-03-30
Maule,7,Talca,7101,4,2020-03-31
Maule,7,Talca,7101,8,2020-04-01
Maule,7,Talca,7101,5,2020-04-02
Maule,7,Talca,7101,6,2020-04-03
Maule,7,Talca,7101,1,2020-04-05
Maule,7,Talca,7101,11,2020-04-06
Maule,7,Talca,7101,3,2020-04-07
Maule,7,Talca,7101,6,2020-04-08
Maule,7,Talca,7101,7,2020-04-09
Maule,7,Talca,7101,1,2020-04-10
Maule,7,Talca,7101,3,2020-04-12
Maule,7,Talca,7101,13,2020-04-13
Maule,7,Talca,7101,5,2020-04-14
Maule,7,Talca,7101,7,2020-04-15
Maule,7,Talca,7101,7,2020-04-16
Maule,7,Talca,7101,9,2020-04-17
Maule,7,Talca,7101,2,2020-04-19
Maule,7,Talca,7101,13,2020-04-20
Maule,7,Talca,7101,12,2020-04-21
Maule,7,Talca,7101,6,2020-04-22
Maule,7,Talca,7101,6,2020-04-23
Maule,7,Talca,7101,2,2020-04-24
Maule,7,Talca,7101,5,2020-04-25
Maule,7,Talca,7101,1,2020-04-26
Maule,7,Talca,7101,9,2020-04-27
Maule,7,Talca,7101,3,2020-04-28
Maule,7,Talca,7101,10,2020-04-29
Maule,7,Talca,7101,5,2020-04-30
Maule,7,Talca,7101,7,2020-05-01
Maule,7,Talca,7101,4,2020-05-02
Maule,7,Talca,7101,3,2020-05-03
Maule,7,Talca,7101,8,2020-05-04
Maule,7,Talca,7101,4,2020-05-05
Maule,7,Talca,7101,7,2020-05-06
Maule,7,Talca,7101,4,2020-05-07
Maule,7,Talca,7101,1,2020-05-08
Maule,7,Talca,7101,1,2020-05-09
Maule,7,Talca,7101,4,2020-05-10
Maule,7,Talca,7101,7,2020-05-11
Maule,7,Talca,7101,4,2020-05-12
Maule,7,Talca,7101,2,2020-05-13
Maule,7,Talca,7101,2,2020-05-14
Maule,7,Talca,7101,5,2020-05-15
Maule,7,Talca,7101,8,2020-05-16
Maule,7,Talca,7101,4,2020-05-17
Maule,7,Talca,7101,7,2020-05-18
Maule,7,Talca,7101,4,2020-05-19
Maule,7,Talca,7101,5,2020-05-20
Maule,7,Talca,7101,1,2020-05-21
Maule,7,Talca,7101,7,2020-05-22
Maule,7,Talca,7101,7,2020-05-23
Maule,7,Talca,7101,4,2020-05-24
Maule,7,Talca,7101,9,2020-05-25
Maule,7,Talca,7101,6,2020-05-26
Maule,7,Talca,7101,11,2020-05-27
Maule,7,Talca,7101,3,2020-05-28
Maule,7,Talca,7101,3,2020-05-29
Maule,7,Talca,7101,4,2020-05-30
Maule,7,Talca,7101,3,2020-05-31
Maule,7,Talca,7101,9,2020-06-01
Maule,7,Talca,7101,8,2020-06-02
Maule,7,Talca,7101,7,2020-06-03
Maule,7,Talca,7101,2,2020-06-04
Maule,7,Talca,7101,7,2020-06-05
Maule,7,Talca,7101,3,2020-06-06
Maule,7,Talca,7101,3,2020-06-07
Maule,7,Talca,7101,5,2020-06-08
Maule,7,Talca,7101,8,2020-06-09
Maule,7,Talca,7101,5,2020-06-10
Maule,7,Talca,7101,6,2020-06-11
Maule,7,Talca,7101,8,2020-06-12
Maule,7,Talca,7101,4,2020-06-13
Maule,7,Talca,7101,5,2020-06-14
Maule,7,Talca,7101,14,2020-06-15
Maule,7,Talca,7101,8,2020-06-16
Maule,7,Talca,7101,7,2020-06-17
Maule,7,Talca,7101,5,2020-06-18
Maule,7,Talca,7101,9,2020-06-19
Maule,7,Talca,7101,5,2020-06-20
Maule,7,Talca,7101,4,2020-06-21
Maule,7,Talca,7101,6,2020-06-22
Maule,7,Talca,7101,4,2020-06-23
Maule,7,Talca,7101,3,2020-06-24
Maule,7,Talca,7101,3,2020-06-25
Maule,7,Talca,7101,14,2020-06-26
Maule,7,Talca,7101,8,2020-06-27
Maule,7,Talca,7101,7,2020-06-28
Maule,7,Talca,7101,6,2020-06-29
Maule,7,Talca,7101,11,2020-06-30
Maule,7,Talca,7101,6,2020-07-01
Maule,7,Talca,7101,8,2020-07-02
Maule,7,Talca,7101,6,2020-07-03
Maule,7,Talca,7101,6,2020-07-04
Maule,7,Talca,7101,2,2020-07-05
Maule,7,Talca,7101,4,2020-07-06
Maule,7,Talca,7101,8,2020-07-07
Maule,7,Talca,7101,8,2020-07-08
Maule,7,Talca,7101,8,2020-07-09
Maule,7,Talca,7101,10,2020-07-10
Maule,7,Talca,7101,4,2020-07-11
Maule,7,Talca,7101,5,2020-07-12
Maule,7,Talca,7101,11,2020-07-13
Maule,7,Talca,7101,3,2020-07-14
Maule,7,Talca,7101,5,2020-07-15
Maule,7,Talca,7101,5,2020-07-16
Maule,7,Talca,7101,9,2020-07-17
Maule,7,Talca,7101,3,2020-07-18
Maule,7,Talca,7101,3,2020-07-19
Maule,7,Talca,7101,9,2020-07-20
Maule,7,Talca,7101,5,2020-07-21
Maule,7,Talca,7101,6,2020-07-22
Maule,7,Talca,7101,10,2020-07-23
Maule,7,Talca,7101,6,2020-07-24
Maule,7,Talca,7101,6,2020-07-25
Maule,7,Talca,7101,1,2020-07-26
Maule,7,Talca,7101,10,2020-07-27
Maule,7,Talca,7101,9,2020-07-28
Maule,7,Talca,7101,6,2020-07-29
Maule,7,Talca,7101,5,2020-07-30
Maule,7,Talca,7101,10,2020-07-31
Maule,7,Talca,7101,6,2020-08-01
Maule,7,Talca,7101,1,2020-08-02
Maule,7,Talca,7101,5,2020-08-04
Maule,7,Talca,7101,9,2020-08-05
Maule,7,Talca,7101,5,2020-08-06
Maule,7,Talca,7101,7,2020-08-07
Maule,7,Talca,7101,4,2020-08-08
Maule,7,Talca,7101,2,2020-08-09
Maule,7,Talca,7101,10,2020-08-10
Maule,7,Talca,7101,4,2020-08-11
Maule,7,Talca,7101,1,2020-08-12
Maule,7,Talca,7101,5,2020-08-13
Maule,7,Talca,7101,7,2020-08-14
Maule,7,Talca,7101,8,2020-08-15
Maule,7,Talca,7101,3,2020-08-16
Maule,7,Talca,7101,5,2020-08-17
Maule,7,Talca,7101,6,2020-08-18
Maule,7,Talca,7101,7,2020-08-19
Maule,7,Talca,7101,4,2020-08-20
Maule,7,Talca,7101,10,2020-08-21
Maule,7,Talca,7101,3,2020-08-22
Maule,7,Talca,7101,2,2020-08-23
Maule,7,Talca,7101,10,2020-08-24
Maule,7,Talca,7101,7,2020-08-25
Maule,7,Talca,7101,6,2020-08-26
Maule,7,Talca,7101,5,2020-08-27
Maule,7,Talca,7101,7,2020-08-28
Maule,7,Talca,7101,5,2020-08-29
Maule,7,Talca,7101,7,2020-08-30
Maule,7,Talca,7101,10,2020-08-31
Maule,7,Talca,7101,3,2020-09-01
Maule,7,Talca,7101,3,2020-09-02
Maule,7,Talca,7101,10,2020-09-03
Maule,7,Talca,7101,8,2020-09-04
Maule,7,Talca,7101,14,2020-09-05
Maule,7,Talca,7101,2,2020-09-06
Maule,7,Talca,7101,10,2020-09-07
Maule,7,Talca,7101,10,2020-09-08
Maule,7,Talca,7101,7,2020-09-09
Maule,7,Talca,7101,4,2020-09-10
Maule,7,Talca,7101,13,2020-09-11
Maule,7,Talca,7101,5,2020-09-12
Maule,7,Talca,7101,2,2020-09-13
Maule,7,Talca,7101,7,2020-09-14
Maule,7,Talca,7101,1,2020-09-15
Maule,7,Talca,7101,10,2020-09-16
Maule,7,Talca,7101,12,2020-09-17
Maule,7,Talca,7101,4,2020-09-18
Maule,7,Talca,7101,12,2020-09-19
Maule,7,Talca,7101,2,2020-09-20
Maule,7,Talca,7101,8,2020-09-21
Maule,7,Talca,7101,5,2020-09-22
Maule,7,Talca,7101,11,2020-09-23
Maule,7,Talca,7101,7,2020-09-24
Maule,7,Talca,7101,14,2020-09-25
Maule,7,Talca,7101,11,2020-09-26
Maule,7,Talca,7101,3,2020-09-27
Maule,7,Talca,7101,3,2020-09-28
Maule,7,Talca,7101,12,2020-09-29
Maule,7,Talca,7101,6,2020-09-30
Maule,7,Talca,7101,11,2020-10-01
Maule,7,Talca,7101,3,2020-10-02
Maule,7,Talca,7101,7,2020-10-03
Maule,7,Talca,7101,4,2020-10-04
Maule,7,Talca,7101,1,2020-10-05
Maule,7,Talca,7101,12,2020-10-06
Maule,7,Talca,7101,3,2020-10-07
Maule,7,Talca,7101,5,2020-10-08
Maule,7,Talca,7101,14,2020-10-09
Maule,7,Talca,7101,5,2020-10-10
Maule,7,Talca,7101,6,2020-10-11
Maule,7,Talca,7101,6,2020-10-12
Maule,7,Talca,7101,8,2020-10-13
Maule,7,Talca,7101,6,2020-10-14
Maule,7,Talca,7101,9,2020-10-15
Maule,7,Talca,7101,3,2020-10-16
Maule,7,Talca,7101,8,2020-10-17
Maule,7,Talca,7101,6,2020-10-18
Maule,7,Talca,7101,8,2020-10-19
Maule,7,Talca,7101,9,2020-10-20
Maule,7,Talca,7101,10,2020-10-21
Maule,7,Talca,7101,9,2020-10-22
Maule,7,Talca,7101,11,2020-10-23
Maule,7,Talca,7101,3,2020-10-24
Maule,7,Talca,7101,3,2020-10-25
Maule,7,Talca,7101,4,2020-10-26
Maule,7,Talca,7101,6,2020-10-27
Maule,7,Talca,7101,8,2020-10-28
Maule,7,Talca,7101,7,2020-10-29
Maule,7,Talca,7101,1,2020-10-30
Maule,7,Talca,7101,2,2020-10-31
Maule,7,Talca,7101,4,2020-11-01
Maule,7,Talca,7101,8,2020-11-02
Maule,7,Talca,7101,9,2020-11-03
Maule,7,Talca,7101,5,2020-11-04
Maule,7,Talca,7101,3,2020-11-05
Maule,7,Talca,7101,5,2020-11-06
Maule,7,Talca,7101,15,2020-11-07
Maule,7,Talca,7101,4,2020-11-08
Maule,7,Talca,7101,10,2020-11-09
Maule,7,Talca,7101,9,2020-11-10
Maule,7,Talca,7101,12,2020-11-11
Maule,7,Talca,7101,2,2020-11-12
Maule,7,Talca,7101,9,2020-11-13
Maule,7,Talca,7101,6,2020-11-14
Maule,7,Talca,7101,2,2020-11-15
Maule,7,Talca,7101,8,2020-11-16
Maule,7,Talca,7101,6,2020-11-17
Maule,7,Talca,7101,9,2020-11-18
Maule,7,Talca,7101,9,2020-11-19
Maule,7,Talca,7101,6,2020-11-20
Maule,7,Talca,7101,9,2020-11-21
Maule,7,Talca,7101,1,2020-11-22
Maule,7,Talca,7101,6,2020-11-23
Maule,7,Talca,7101,3,2020-11-24
Maule,7,Talca,7101,7,2020-11-25
Maule,7,Talca,7101,6,2020-11-26
Maule,7,Talca,7101,6,2020-11-27
Maule,7,Talca,7101,7,2020-11-28
Maule,7,Talca,7101,4,2020-11-29
Maule,7,Talca,7101,6,2020-11-30
Maule,7,Talca,7101,6,2020-12-01
Maule,7,Talca,7101,10,2020-12-02
Maule,7,Talca,7101,5,2020-12-03
Maule,7,Talca,7101,8,2020-12-04
Maule,7,Talca,7101,11,2020-12-05
Maule,7,Talca,7101,5,2020-12-06
Maule,7,Talca,7101,8,2020-12-07
Maule,7,Talca,7101,8,2020-12-08
Maule,7,Talca,7101,8,2020-12-09
Maule,7,Talca,7101,6,2020-12-10
Maule,7,Talca,7101,10,2020-12-11
Maule,7,Talca,7101,8,2020-12-12
Maule,7,Talca,7101,4,2020-12-13
Maule,7,Talca,7101,4,2020-12-14
Maule,7,Talca,7101,10,2020-12-15
Maule,7,Talca,7101,6,2020-12-16
Maule,7,Talca,7101,5,2020-12-17
Maule,7,Talca,7101,8,2020-12-18
Maule,7,Talca,7101,3,2020-12-19
Maule,7,Talca,7101,7,2020-12-20
Maule,7,Talca,7101,5,2020-12-21
Maule,7,Talca,7101,6,2020-12-22
Maule,7,Talca,7101,5,2020-12-23
Maule,7,Talca,7101,6,2020-12-24
Maule,7,Talca,7101,10,2020-12-26
Maule,7,Talca,7101,4,2020-12-27
Maule,7,Talca,7101,12,2020-12-28
Maule,7,Talca,7101,5,2020-12-29
Maule,7,Talca,7101,8,2020-12-30
Maule,7,Talca,7101,8,2020-12-31
Maule,7,Talca,7101,6,2021-01-01
Maule,7,Talca,7101,11,2021-01-02
Maule,7,Talca,7101,6,2021-01-04
Maule,7,Talca,7101,10,2021-01-05
Maule,7,Talca,7101,11,2021-01-06
Maule,7,Talca,7101,6,2021-01-07
Maule,7,Talca,7101,7,2021-01-08
Maule,7,Talca,7101,2,2021-01-09
Maule,7,Talca,7101,3,2021-01-10
Maule,7,Talca,7101,10,2021-01-11
Maule,7,Talca,7101,3,2021-01-12
Maule,7,Constitución,7102,1,2020-01-02
Maule,7,Constitución,7102,5,2020-01-06
Maule,7,Constitución,7102,4,2020-01-13
Maule,7,Constitución,7102,1,2020-01-14
Maule,7,Constitución,7102,2,2020-01-15
Maule,7,Constitución,7102,1,2020-01-16
Maule,7,Constitución,7102,1,2020-01-17
Maule,7,Constitución,7102,1,2020-01-20
Maule,7,Constitución,7102,1,2020-01-21
Maule,7,Constitución,7102,1,2020-01-23
Maule,7,Constitución,7102,2,2020-01-24
Maule,7,Constitución,7102,1,2020-01-28
Maule,7,Constitución,7102,1,2020-01-31
Maule,7,Constitución,7102,1,2020-02-03
Maule,7,Constitución,7102,1,2020-02-04
Maule,7,Constitución,7102,2,2020-02-05
Maule,7,Constitución,7102,1,2020-02-07
Maule,7,Constitución,7102,1,2020-02-11
Maule,7,Constitución,7102,1,2020-02-14
Maule,7,Constitución,7102,3,2020-02-18
Maule,7,Constitución,7102,1,2020-02-19
Maule,7,Constitución,7102,1,2020-02-20
Maule,7,Constitución,7102,1,2020-02-21
Maule,7,Constitución,7102,1,2020-02-24
Maule,7,Constitución,7102,1,2020-02-25
Maule,7,Constitución,7102,1,2020-02-26
Maule,7,Constitución,7102,1,2020-02-28
Maule,7,Constitución,7102,3,2020-03-02
Maule,7,Constitución,7102,3,2020-03-04
Maule,7,Constitución,7102,1,2020-03-05
Maule,7,Constitución,7102,2,2020-03-06
Maule,7,Constitución,7102,2,2020-03-09
Maule,7,Constitución,7102,1,2020-03-10
Maule,7,Constitución,7102,1,2020-03-13
Maule,7,Constitución,7102,2,2020-03-16
Maule,7,Constitución,7102,2,2020-03-19
Maule,7,Constitución,7102,1,2020-03-25
Maule,7,Constitución,7102,1,2020-03-27
Maule,7,Constitución,7102,1,2020-04-02
Maule,7,Constitución,7102,2,2020-04-03
Maule,7,Constitución,7102,0,2020-04-04
Maule,7,Constitución,7102,2,2020-04-06
Maule,7,Constitución,7102,1,2020-04-08
Maule,7,Constitución,7102,1,2020-04-09
Maule,7,Constitución,7102,6,2020-04-13
Maule,7,Constitución,7102,2,2020-04-16
Maule,7,Constitución,7102,1,2020-04-17
Maule,7,Constitución,7102,1,2020-04-18
Maule,7,Constitución,7102,1,2020-04-21
Maule,7,Constitución,7102,1,2020-04-22
Maule,7,Constitución,7102,1,2020-04-23
Maule,7,Constitución,7102,1,2020-04-24
Maule,7,Constitución,7102,4,2020-04-28
Maule,7,Constitución,7102,1,2020-04-30
Maule,7,Constitución,7102,1,2020-05-04
Maule,7,Constitución,7102,1,2020-05-05
Maule,7,Constitución,7102,1,2020-05-06
Maule,7,Constitución,7102,2,2020-05-08
Maule,7,Constitución,7102,1,2020-05-11
Maule,7,Constitución,7102,1,2020-05-14
Maule,7,Constitución,7102,1,2020-05-18
Maule,7,Constitución,7102,2,2020-05-19
Maule,7,Constitución,7102,1,2020-05-21
Maule,7,Constitución,7102,2,2020-05-22
Maule,7,Constitución,7102,6,2020-05-25
Maule,7,Constitución,7102,1,2020-05-27
Maule,7,Constitución,7102,1,2020-05-29
Maule,7,Constitución,7102,3,2020-06-01
Maule,7,Constitución,7102,2,2020-06-04
Maule,7,Constitución,7102,4,2020-06-05
Maule,7,Constitución,7102,1,2020-06-08
Maule,7,Constitución,7102,3,2020-06-09
Maule,7,Constitución,7102,1,2020-06-10
Maule,7,Constitución,7102,1,2020-06-11
Maule,7,Constitución,7102,1,2020-06-15
Maule,7,Constitución,7102,1,2020-06-17
Maule,7,Constitución,7102,3,2020-06-22
Maule,7,Constitución,7102,1,2020-06-24
Maule,7,Constitución,7102,1,2020-06-26
Maule,7,Constitución,7102,3,2020-06-28
Maule,7,Constitución,7102,1,2020-06-30
Maule,7,Constitución,7102,2,2020-07-02
Maule,7,Constitución,7102,2,2020-07-06
Maule,7,Constitución,7102,1,2020-07-10
Maule,7,Constitución,7102,3,2020-07-13
Maule,7,Constitución,7102,1,2020-07-15
Maule,7,Constitución,7102,7,2020-07-17
Maule,7,Constitución,7102,1,2020-07-22
Maule,7,Constitución,7102,1,2020-07-23
Maule,7,Constitución,7102,1,2020-07-27
Maule,7,Constitución,7102,1,2020-07-29
Maule,7,Constitución,7102,1,2020-07-30
Maule,7,Constitución,7102,1,2020-08-03
Maule,7,Constitución,7102,2,2020-08-06
Maule,7,Constitución,7102,3,2020-08-18
Maule,7,Constitución,7102,2,2020-08-20
Maule,7,Constitución,7102,3,2020-08-24
Maule,7,Constitución,7102,2,2020-08-25
Maule,7,Constitución,7102,1,2020-09-01
Maule,7,Constitución,7102,1,2020-09-03
Maule,7,Constitución,7102,1,2020-09-07
Maule,7,Constitución,7102,3,2020-09-11
Maule,7,Constitución,7102,1,2020-09-14
Maule,7,Constitución,7102,1,2020-09-17
Maule,7,Constitución,7102,2,2020-09-21
Maule,7,Constitución,7102,2,2020-09-22
Maule,7,Constitución,7102,1,2020-09-23
Maule,7,Constitución,7102,1,2020-09-24
Maule,7,Constitución,7102,1,2020-09-28
Maule,7,Constitución,7102,2,2020-10-01
Maule,7,Constitución,7102,1,2020-10-02
Maule,7,Constitución,7102,1,2020-10-04
Maule,7,Constitución,7102,3,2020-10-05
Maule,7,Constitución,7102,1,2020-10-07
Maule,7,Constitución,7102,1,2020-10-08
Maule,7,Constitución,7102,1,2020-10-12
Maule,7,Constitución,7102,1,2020-10-14
Maule,7,Constitución,7102,5,2020-10-16
Maule,7,Constitución,7102,2,2020-10-20
Maule,7,Constitución,7102,1,2020-10-22
Maule,7,Constitución,7102,1,2020-10-23
Maule,7,Constitución,7102,2,2020-10-27
Maule,7,Constitución,7102,2,2020-10-29
Maule,7,Constitución,7102,1,2020-10-31
Maule,7,Constitución,7102,2,2020-11-03
Maule,7,Constitución,7102,1,2020-11-04
Maule,7,Constitución,7102,2,2020-11-05
Maule,7,Constitución,7102,2,2020-11-09
Maule,7,Constitución,7102,1,2020-11-11
Maule,7,Constitución,7102,1,2020-11-13
Maule,7,Constitución,7102,4,2020-11-16
Maule,7,Constitución,7102,2,2020-11-17
Maule,7,Constitución,7102,1,2020-11-18
Maule,7,Constitución,7102,3,2020-11-23
Maule,7,Constitución,7102,1,2020-11-25
Maule,7,Constitución,7102,2,2020-11-27
Maule,7,Constitución,7102,2,2020-11-30
Maule,7,Constitución,7102,4,2020-12-01
Maule,7,Constitución,7102,1,2020-12-02
Maule,7,Constitución,7102,2,2020-12-03
Maule,7,Constitución,7102,3,2020-12-07
Maule,7,Constitución,7102,4,2020-12-09
Maule,7,Constitución,7102,2,2020-12-14
Maule,7,Constitución,7102,1,2020-12-16
Maule,7,Constitución,7102,3,2020-12-17
Maule,7,Constitución,7102,2,2020-12-21
Maule,7,Constitución,7102,1,2020-12-22
Maule,7,Constitución,7102,3,2020-12-23
Maule,7,Constitución,7102,1,2020-12-26
Maule,7,Constitución,7102,3,2020-12-28
Maule,7,Constitución,7102,1,2020-12-31
Maule,7,Constitución,7102,1,2021-01-01
Maule,7,Constitución,7102,1,2021-01-02
Maule,7,Constitución,7102,1,2021-01-05
Maule,7,Constitución,7102,1,2021-01-06
Maule,7,Constitución,7102,1,2021-01-07
Maule,7,Constitución,7102,1,2021-01-08
Maule,7,Constitución,7102,4,2021-01-11
Maule,7,Constitución,7102,1,2021-01-13
Maule,7,Curepto,7103,1,2020-01-06
Maule,7,Curepto,7103,1,2020-01-07
Maule,7,Curepto,7103,1,2020-01-16
Maule,7,Curepto,7103,1,2020-01-21
Maule,7,Curepto,7103,1,2020-01-27
Maule,7,Curepto,7103,1,2020-01-29
Maule,7,Curepto,7103,1,2020-02-18
Maule,7,Curepto,7103,1,2020-02-25
Maule,7,Curepto,7103,1,2020-03-09
Maule,7,Curepto,7103,2,2020-03-12
Maule,7,Curepto,7103,1,2020-03-17
Maule,7,Curepto,7103,1,2020-03-23
Maule,7,Curepto,7103,1,2020-03-30
Maule,7,Curepto,7103,1,2020-04-14
Maule,7,Curepto,7103,1,2020-04-23
Maule,7,Curepto,7103,1,2020-05-02
Maule,7,Curepto,7103,1,2020-05-07
Maule,7,Curepto,7103,1,2020-05-22
Maule,7,Curepto,7103,1,2020-06-03
Maule,7,Curepto,7103,1,2020-06-04
Maule,7,Curepto,7103,1,2020-06-16
Maule,7,Curepto,7103,1,2020-06-19
Maule,7,Curepto,7103,1,2020-06-21
Maule,7,Curepto,7103,1,2020-06-26
Maule,7,Curepto,7103,1,2020-06-27
Maule,7,Curepto,7103,1,2020-06-30
Maule,7,Curepto,7103,1,2020-07-01
Maule,7,Curepto,7103,1,2020-07-14
Maule,7,Curepto,7103,2,2020-07-17
Maule,7,Curepto,7103,1,2020-07-18
Maule,7,Curepto,7103,2,2020-07-21
Maule,7,Curepto,7103,1,2020-07-27
Maule,7,Curepto,7103,1,2020-08-04
Maule,7,Curepto,7103,1,2020-08-18
Maule,7,Curepto,7103,1,2020-08-20
Maule,7,Curepto,7103,2,2020-08-24
Maule,7,Curepto,7103,3,2020-08-31
Maule,7,Curepto,7103,1,2020-09-09
Maule,7,Curepto,7103,1,2020-09-15
Maule,7,Curepto,7103,1,2020-09-30
Maule,7,Curepto,7103,1,2020-10-05
Maule,7,Curepto,7103,1,2020-10-07
Maule,7,Curepto,7103,2,2020-10-09
Maule,7,Curepto,7103,1,2020-10-15
Maule,7,Curepto,7103,1,2020-10-19
Maule,7,Curepto,7103,1,2020-10-21
Maule,7,Curepto,7103,1,2020-10-30
Maule,7,Curepto,7103,1,2020-11-09
Maule,7,Curepto,7103,1,2020-11-12
Maule,7,Curepto,7103,1,2020-11-18
Maule,7,Curepto,7103,2,2020-11-20
Maule,7,Curepto,7103,1,2020-11-23
Maule,7,Curepto,7103,1,2020-11-25
Maule,7,Curepto,7103,3,2020-12-09
Maule,7,Curepto,7103,2,2020-12-23
Maule,7,Curepto,7103,1,2020-12-30
Maule,7,Curepto,7103,1,2021-01-05
Maule,7,Curepto,7103,1,2021-01-13
Maule,7,Empedrado,7104,1,2020-01-15
Maule,7,Empedrado,7104,1,2020-01-30
Maule,7,Empedrado,7104,1,2020-02-03
Maule,7,Empedrado,7104,1,2020-02-10
Maule,7,Empedrado,7104,1,2020-02-21
Maule,7,Empedrado,7104,1,2020-02-24
Maule,7,Empedrado,7104,1,2020-03-02
Maule,7,Empedrado,7104,1,2020-03-16
Maule,7,Empedrado,7104,1,2020-03-24
Maule,7,Empedrado,7104,1,2020-04-09
Maule,7,Empedrado,7104,2,2020-04-21
Maule,7,Empedrado,7104,1,2020-04-27
Maule,7,Empedrado,7104,1,2020-05-27
Maule,7,Empedrado,7104,1,2020-06-02
Maule,7,Empedrado,7104,1,2020-06-05
Maule,7,Empedrado,7104,1,2020-06-09
Maule,7,Empedrado,7104,1,2020-07-15
Maule,7,Empedrado,7104,1,2020-08-24
Maule,7,Empedrado,7104,1,2020-09-04
Maule,7,Empedrado,7104,1,2020-10-13
Maule,7,Empedrado,7104,1,2020-11-30
Maule,7,Empedrado,7104,1,2020-12-31
Maule,7,Maule,7105,1,2020-01-02
Maule,7,Maule,7105,1,2020-01-06
Maule,7,Maule,7105,1,2020-01-13
Maule,7,Maule,7105,1,2020-01-14
Maule,7,Maule,7105,1,2020-01-22
Maule,7,Maule,7105,1,2020-01-27
Maule,7,Maule,7105,1,2020-02-14
Maule,7,Maule,7105,1,2020-02-17
Maule,7,Maule,7105,1,2020-02-19
Maule,7,Maule,7105,1,2020-02-27
Maule,7,Maule,7105,1,2020-03-02
Maule,7,Maule,7105,1,2020-03-12
Maule,7,Maule,7105,1,2020-03-16
Maule,7,Maule,7105,1,2020-03-18
Maule,7,Maule,7105,1,2020-03-31
Maule,7,Maule,7105,1,2020-04-14
Maule,7,Maule,7105,3,2020-04-16
Maule,7,Maule,7105,2,2020-04-20
Maule,7,Maule,7105,1,2020-04-28
Maule,7,Maule,7105,1,2020-05-19
Maule,7,Maule,7105,1,2020-05-22
Maule,7,Maule,7105,2,2020-05-29
Maule,7,Maule,7105,1,2020-05-30
Maule,7,Maule,7105,1,2020-06-01
Maule,7,Maule,7105,1,2020-06-02
Maule,7,Maule,7105,1,2020-06-08
Maule,7,Maule,7105,1,2020-06-13
Maule,7,Maule,7105,1,2020-06-15
Maule,7,Maule,7105,1,2020-06-23
Maule,7,Maule,7105,1,2020-06-30
Maule,7,Maule,7105,1,2020-07-02
Maule,7,Maule,7105,1,2020-07-06
Maule,7,Maule,7105,1,2020-07-09
Maule,7,Maule,7105,2,2020-07-15
Maule,7,Maule,7105,1,2020-07-21
Maule,7,Maule,7105,1,2020-07-22
Maule,7,Maule,7105,2,2020-07-23
Maule,7,Maule,7105,1,2020-07-24
Maule,7,Maule,7105,1,2020-07-29
Maule,7,Maule,7105,1,2020-07-30
Maule,7,Maule,7105,1,2020-08-01
Maule,7,Maule,7105,1,2020-08-02
Maule,7,Maule,7105,2,2020-08-05
Maule,7,Maule,7105,1,2020-08-07
Maule,7,Maule,7105,1,2020-08-08
Maule,7,Maule,7105,1,2020-08-11
Maule,7,Maule,7105,1,2020-08-12
Maule,7,Maule,7105,1,2020-08-15
Maule,7,Maule,7105,1,2020-08-21
Maule,7,Maule,7105,1,2020-08-28
Maule,7,Maule,7105,1,2020-08-29
Maule,7,Maule,7105,1,2020-09-01
Maule,7,Maule,7105,1,2020-09-10
Maule,7,Maule,7105,1,2020-09-11
Maule,7,Maule,7105,1,2020-09-17
Maule,7,Maule,7105,1,2020-09-18
Maule,7,Maule,7105,1,2020-09-22
Maule,7,Maule,7105,1,2020-09-25
Maule,7,Maule,7105,2,2020-10-07
Maule,7,Maule,7105,1,2020-10-13
Maule,7,Maule,7105,2,2020-10-15
Maule,7,Maule,7105,2,2020-10-17
Maule,7,Maule,7105,1,2020-10-18
Maule,7,Maule,7105,1,2020-10-19
Maule,7,Maule,7105,1,2020-10-24
Maule,7,Maule,7105,1,2020-10-27
Maule,7,Maule,7105,1,2020-10-28
Maule,7,Maule,7105,1,2020-10-29
Maule,7,Maule,7105,2,2020-10-30
Maule,7,Maule,7105,1,2020-11-06
Maule,7,Maule,7105,1,2020-11-10
Maule,7,Maule,7105,1,2020-11-17
Maule,7,Maule,7105,2,2020-11-24
Maule,7,Maule,7105,1,2020-11-30
Maule,7,Maule,7105,1,2020-12-02
Maule,7,Maule,7105,1,2020-12-08
Maule,7,Maule,7105,1,2020-12-09
Maule,7,Maule,7105,1,2020-12-12
Maule,7,Maule,7105,1,2020-12-16
Maule,7,Maule,7105,1,2020-12-24
Maule,7,Maule,7105,1,2020-12-28
Maule,7,Maule,7105,1,2020-12-29
Maule,7,Maule,7105,2,2021-01-04
Maule,7,Maule,7105,1,2021-01-10
Maule,7,Pelarco,7106,1,2020-01-20
Maule,7,Pelarco,7106,2,2020-01-27
Maule,7,Pelarco,7106,1,2020-02-07
Maule,7,Pelarco,7106,1,2020-03-02
Maule,7,Pelarco,7106,1,2020-03-09
Maule,7,Pelarco,7106,1,2020-03-23
Maule,7,Pelarco,7106,1,2020-04-13
Maule,7,Pelarco,7106,1,2020-04-14
Maule,7,Pelarco,7106,1,2020-04-15
Maule,7,Pelarco,7106,1,2020-04-21
Maule,7,Pelarco,7106,1,2020-04-23
Maule,7,Pelarco,7106,1,2020-04-30
Maule,7,Pelarco,7106,1,2020-05-06
Maule,7,Pelarco,7106,1,2020-05-09
Maule,7,Pelarco,7106,1,2020-05-15
Maule,7,Pelarco,7106,1,2020-05-19
Maule,7,Pelarco,7106,2,2020-05-25
Maule,7,Pelarco,7106,1,2020-05-30
Maule,7,Pelarco,7106,1,2020-06-05
Maule,7,Pelarco,7106,1,2020-06-08
Maule,7,Pelarco,7106,1,2020-07-09
Maule,7,Pelarco,7106,1,2020-07-10
Maule,7,Pelarco,7106,1,2020-07-16
Maule,7,Pelarco,7106,0,2020-07-20
Maule,7,Pelarco,7106,0,2020-07-23
Maule,7,Pelarco,7106,1,2020-08-04
Maule,7,Pelarco,7106,1,2020-08-28
Maule,7,Pelarco,7106,1,2020-09-01
Maule,7,Pelarco,7106,1,2020-09-07
Maule,7,Pelarco,7106,1,2020-09-11
Maule,7,Pelarco,7106,1,2020-09-17
Maule,7,Pelarco,7106,1,2020-09-19
Maule,7,Pelarco,7106,1,2020-09-21
Maule,7,Pelarco,7106,1,2020-09-25
Maule,7,Pelarco,7106,1,2020-10-02
Maule,7,Pelarco,7106,2,2020-10-05
Maule,7,Pelarco,7106,1,2020-10-23
Maule,7,Pelarco,7106,1,2020-11-03
Maule,7,Pelarco,7106,1,2020-11-04
Maule,7,Pelarco,7106,1,2020-11-20
Maule,7,Pelarco,7106,1,2020-11-27
Maule,7,Pelarco,7106,1,2020-12-09
Maule,7,Pelarco,7106,1,2020-12-16
Maule,7,Pelarco,7106,1,2020-12-22
Maule,7,Pelarco,7106,1,2020-12-31
Maule,7,Pelarco,7106,1,2021-01-13
Maule,7,Pencahue,7107,1,2020-01-06
Maule,7,Pencahue,7107,1,2020-01-13
Maule,7,Pencahue,7107,1,2020-01-14
Maule,7,Pencahue,7107,1,2020-01-17
Maule,7,Pencahue,7107,1,2020-01-22
Maule,7,Pencahue,7107,1,2020-02-07
Maule,7,Pencahue,7107,2,2020-02-13
Maule,7,Pencahue,7107,1,2020-02-17
Maule,7,Pencahue,7107,1,2020-02-19
Maule,7,Pencahue,7107,1,2020-02-26
Maule,7,Pencahue,7107,1,2020-04-09
Maule,7,Pencahue,7107,1,2020-05-04
Maule,7,Pencahue,7107,1,2020-05-25
Maule,7,Pencahue,7107,2,2020-06-11
Maule,7,Pencahue,7107,1,2020-06-26
Maule,7,Pencahue,7107,1,2020-07-13
Maule,7,Pencahue,7107,1,2020-07-17
Maule,7,Pencahue,7107,3,2020-07-20
Maule,7,Pencahue,7107,1,2020-07-31
Maule,7,Pencahue,7107,2,2020-08-10
Maule,7,Pencahue,7107,1,2020-08-16
Maule,7,Pencahue,7107,1,2020-08-20
Maule,7,Pencahue,7107,1,2020-08-24
Maule,7,Pencahue,7107,1,2020-09-29
Maule,7,Pencahue,7107,1,2020-10-14
Maule,7,Pencahue,7107,1,2020-12-07
Maule,7,Pencahue,7107,1,2020-12-11
Maule,7,Pencahue,7107,1,2020-12-17
Maule,7,Pencahue,7107,2,2020-12-21
Maule,7,Pencahue,7107,1,2020-12-23
Maule,7,Pencahue,7107,1,2020-12-28
Maule,7,Pencahue,7107,2,2021-01-04
Maule,7,Río Claro,7108,1,2020-01-03
Maule,7,Río Claro,7108,2,2020-01-06
Maule,7,Río Claro,7108,1,2020-01-21
Maule,7,Río Claro,7108,1,2020-01-24
Maule,7,Río Claro,7108,1,2020-02-10
Maule,7,Río Claro,7108,1,2020-02-11
Maule,7,Río Claro,7108,1,2020-03-02
Maule,7,Río Claro,7108,1,2020-03-10
Maule,7,Río Claro,7108,1,2020-03-26
Maule,7,Río Claro,7108,1,2020-03-27
Maule,7,Río Claro,7108,1,2020-03-30
Maule,7,Río Claro,7108,1,2020-04-09
Maule,7,Río Claro,7108,1,2020-05-12
Maule,7,Río Claro,7108,1,2020-05-15
Maule,7,Río Claro,7108,2,2020-05-25
Maule,7,Río Claro,7108,1,2020-05-28
Maule,7,Río Claro,7108,1,2020-06-04
Maule,7,Río Claro,7108,1,2020-06-11
Maule,7,Río Claro,7108,2,2020-06-22
Maule,7,Río Claro,7108,1,2020-06-23
Maule,7,Río Claro,7108,1,2020-06-26
Maule,7,Río Claro,7108,1,2020-06-30
Maule,7,Río Claro,7108,1,2020-07-02
Maule,7,Río Claro,7108,1,2020-07-06
Maule,7,Río Claro,7108,1,2020-07-07
Maule,7,Río Claro,7108,1,2020-07-09
Maule,7,Río Claro,7108,1,2020-07-13
Maule,7,Río Claro,7108,1,2020-07-17
Maule,7,Río Claro,7108,1,2020-07-30
Maule,7,Río Claro,7108,1,2020-08-03
Maule,7,Río Claro,7108,1,2020-08-06
Maule,7,Río Claro,7108,1,2020-08-27
Maule,7,Río Claro,7108,2,2020-08-28
Maule,7,Río Claro,7108,1,2020-09-03
Maule,7,Río Claro,7108,1,2020-09-10
Maule,7,Río Claro,7108,1,2020-09-14
Maule,7,Río Claro,7108,1,2020-09-19
Maule,7,Río Claro,7108,1,2020-10-06
Maule,7,Río Claro,7108,1,2020-10-07
Maule,7,Río Claro,7108,1,2020-10-08
Maule,7,Río Claro,7108,1,2020-10-20
Maule,7,Río Claro,7108,1,2020-10-21
Maule,7,Río Claro,7108,1,2020-11-03
Maule,7,Río Claro,7108,1,2020-11-05
Maule,7,Río Claro,7108,1,2020-11-11
Maule,7,Río Claro,7108,1,2020-11-17
Maule,7,Río Claro,7108,1,2020-12-07
Maule,7,Río Claro,7108,1,2020-12-19
Maule,7,Río Claro,7108,1,2021-01-08
Maule,7,San Clemente,7109,1,2020-01-03
Maule,7,San Clemente,7109,1,2020-01-10
Maule,7,San Clemente,7109,3,2020-01-13
Maule,7,San Clemente,7109,1,2020-01-15
Maule,7,San Clemente,7109,1,2020-01-22
Maule,7,San Clemente,7109,1,2020-01-23
Maule,7,San Clemente,7109,1,2020-01-24
Maule,7,San Clemente,7109,1,2020-01-27
Maule,7,San Clemente,7109,4,2020-02-03
Maule,7,San Clemente,7109,1,2020-02-06
Maule,7,San Clemente,7109,1,2020-02-07
Maule,7,San Clemente,7109,5,2020-02-11
Maule,7,San Clemente,7109,1,2020-02-13
Maule,7,San Clemente,7109,2,2020-02-17
Maule,7,San Clemente,7109,1,2020-02-20
Maule,7,San Clemente,7109,2,2020-02-24
Maule,7,San Clemente,7109,1,2020-03-02
Maule,7,San Clemente,7109,1,2020-03-11
Maule,7,San Clemente,7109,2,2020-03-16
Maule,7,San Clemente,7109,1,2020-03-18
Maule,7,San Clemente,7109,1,2020-03-20
Maule,7,San Clemente,7109,2,2020-03-27
Maule,7,San Clemente,7109,1,2020-03-30
Maule,7,San Clemente,7109,3,2020-04-02
Maule,7,San Clemente,7109,2,2020-04-07
Maule,7,San Clemente,7109,1,2020-04-09
Maule,7,San Clemente,7109,1,2020-04-14
Maule,7,San Clemente,7109,2,2020-04-16
Maule,7,San Clemente,7109,1,2020-04-24
Maule,7,San Clemente,7109,2,2020-04-27
Maule,7,San Clemente,7109,1,2020-04-29
Maule,7,San Clemente,7109,2,2020-04-30
Maule,7,San Clemente,7109,1,2020-05-02
Maule,7,San Clemente,7109,1,2020-05-03
Maule,7,San Clemente,7109,1,2020-05-04
Maule,7,San Clemente,7109,1,2020-05-05
Maule,7,San Clemente,7109,2,2020-05-07
Maule,7,San Clemente,7109,1,2020-05-12
Maule,7,San Clemente,7109,1,2020-05-13
Maule,7,San Clemente,7109,2,2020-05-14
Maule,7,San Clemente,7109,1,2020-05-18
Maule,7,San Clemente,7109,3,2020-05-22
Maule,7,San Clemente,7109,1,2020-05-26
Maule,7,San Clemente,7109,1,2020-05-27
Maule,7,San Clemente,7109,1,2020-05-29
Maule,7,San Clemente,7109,1,2020-06-03
Maule,7,San Clemente,7109,1,2020-06-05
Maule,7,San Clemente,7109,1,2020-06-06
Maule,7,San Clemente,7109,2,2020-06-08
Maule,7,San Clemente,7109,2,2020-06-09
Maule,7,San Clemente,7109,1,2020-06-10
Maule,7,San Clemente,7109,1,2020-06-15
Maule,7,San Clemente,7109,2,2020-06-16
Maule,7,San Clemente,7109,1,2020-06-19
Maule,7,San Clemente,7109,1,2020-06-22
Maule,7,San Clemente,7109,2,2020-06-23
Maule,7,San Clemente,7109,1,2020-06-24
Maule,7,San Clemente,7109,1,2020-06-26
Maule,7,San Clemente,7109,3,2020-06-27
Maule,7,San Clemente,7109,1,2020-07-05
Maule,7,San Clemente,7109,1,2020-07-08
Maule,7,San Clemente,7109,2,2020-07-09
Maule,7,San Clemente,7109,3,2020-07-11
Maule,7,San Clemente,7109,1,2020-07-12
Maule,7,San Clemente,7109,1,2020-07-14
Maule,7,San Clemente,7109,1,2020-07-18
Maule,7,San Clemente,7109,2,2020-07-21
Maule,7,San Clemente,7109,1,2020-07-24
Maule,7,San Clemente,7109,1,2020-07-30
Maule,7,San Clemente,7109,1,2020-08-01
Maule,7,San Clemente,7109,1,2020-08-03
Maule,7,San Clemente,7109,1,2020-08-04
Maule,7,San Clemente,7109,1,2020-08-05
Maule,7,San Clemente,7109,2,2020-08-07
Maule,7,San Clemente,7109,1,2020-08-10
Maule,7,San Clemente,7109,1,2020-08-14
Maule,7,San Clemente,7109,2,2020-08-17
Maule,7,San Clemente,7109,1,2020-08-26
Maule,7,San Clemente,7109,1,2020-08-28
Maule,7,San Clemente,7109,4,2020-08-31
Maule,7,San Clemente,7109,1,2020-09-01
Maule,7,San Clemente,7109,1,2020-09-10
Maule,7,San Clemente,7109,1,2020-09-14
Maule,7,San Clemente,7109,1,2020-09-15
Maule,7,San Clemente,7109,1,2020-09-16
Maule,7,San Clemente,7109,1,2020-09-18
Maule,7,San Clemente,7109,1,2020-09-19
Maule,7,San Clemente,7109,1,2020-09-24
Maule,7,San Clemente,7109,1,2020-09-29
Maule,7,San Clemente,7109,1,2020-10-02
Maule,7,San Clemente,7109,2,2020-10-05
Maule,7,San Clemente,7109,1,2020-10-06
Maule,7,San Clemente,7109,2,2020-10-08
Maule,7,San Clemente,7109,1,2020-10-12
Maule,7,San Clemente,7109,1,2020-10-13
Maule,7,San Clemente,7109,4,2020-10-19
Maule,7,San Clemente,7109,1,2020-10-22
Maule,7,San Clemente,7109,1,2020-10-26
Maule,7,San Clemente,7109,1,2020-10-28
Maule,7,San Clemente,7109,2,2020-10-29
Maule,7,San Clemente,7109,1,2020-10-30
Maule,7,San Clemente,7109,1,2020-10-31
Maule,7,San Clemente,7109,1,2020-11-02
Maule,7,San Clemente,7109,2,2020-11-03
Maule,7,San Clemente,7109,1,2020-11-04
Maule,7,San Clemente,7109,2,2020-11-05
Maule,7,San Clemente,7109,2,2020-11-09
Maule,7,San Clemente,7109,4,2020-11-11
Maule,7,San Clemente,7109,1,2020-11-19
Maule,7,San Clemente,7109,1,2020-11-21
Maule,7,San Clemente,7109,1,2020-11-30
Maule,7,San Clemente,7109,1,2020-12-01
Maule,7,San Clemente,7109,2,2020-12-02
Maule,7,San Clemente,7109,1,2020-12-03
Maule,7,San Clemente,7109,1,2020-12-04
Maule,7,San Clemente,7109,1,2020-12-07
Maule,7,San Clemente,7109,1,2020-12-08
Maule,7,San Clemente,7109,2,2020-12-09
Maule,7,San Clemente,7109,2,2020-12-11
Maule,7,San Clemente,7109,1,2020-12-12
Maule,7,San Clemente,7109,1,2020-12-14
Maule,7,San Clemente,7109,1,2020-12-15
Maule,7,San Clemente,7109,1,2020-12-17
Maule,7,San Clemente,7109,2,2020-12-20
Maule,7,San Clemente,7109,1,2020-12-24
Maule,7,San Clemente,7109,3,2020-12-28
Maule,7,San Clemente,7109,1,2021-01-03
Maule,7,San Clemente,7109,2,2021-01-06
Maule,7,San Clemente,7109,1,2021-01-07
Maule,7,San Clemente,7109,1,2021-01-11
Maule,7,San Clemente,7109,1,2021-01-12
Maule,7,San Rafael,7110,1,2020-01-02
Maule,7,San Rafael,7110,1,2020-01-04
Maule,7,San Rafael,7110,2,2020-01-16
Maule,7,San Rafael,7110,1,2020-01-22
Maule,7,San Rafael,7110,1,2020-02-10
Maule,7,San Rafael,7110,1,2020-03-10
Maule,7,San Rafael,7110,1,2020-03-13
Maule,7,San Rafael,7110,1,2020-04-07
Maule,7,San Rafael,7110,1,2020-04-20
Maule,7,San Rafael,7110,1,2020-04-23
Maule,7,San Rafael,7110,1,2020-04-26
Maule,7,San Rafael,7110,1,2020-05-12
Maule,7,San Rafael,7110,1,2020-05-28
Maule,7,San Rafael,7110,1,2020-05-31
Maule,7,San Rafael,7110,1,2020-06-02
Maule,7,San Rafael,7110,1,2020-06-10
Maule,7,San Rafael,7110,1,2020-06-11
Maule,7,San Rafael,7110,1,2020-06-26
Maule,7,San Rafael,7110,1,2020-07-06
Maule,7,San Rafael,7110,1,2020-07-07
Maule,7,San Rafael,7110,1,2020-07-14
Maule,7,San Rafael,7110,1,2020-07-19
Maule,7,San Rafael,7110,1,2020-08-08
Maule,7,San Rafael,7110,1,2020-08-19
Maule,7,San Rafael,7110,1,2020-08-20
Maule,7,San Rafael,7110,1,2020-09-03
Maule,7,San Rafael,7110,1,2020-09-05
Maule,7,San Rafael,7110,1,2020-09-06
Maule,7,San Rafael,7110,1,2020-09-10
Maule,7,San Rafael,7110,1,2020-09-19
Maule,7,San Rafael,7110,1,2020-10-20
Maule,7,San Rafael,7110,1,2020-10-27
Maule,7,San Rafael,7110,1,2020-11-02
Maule,7,San Rafael,7110,1,2020-11-07
Maule,7,San Rafael,7110,1,2020-11-11
Maule,7,San Rafael,7110,1,2020-12-01
Maule,7,San Rafael,7110,1,2020-12-06
Maule,7,San Rafael,7110,1,2020-12-21
Maule,7,San Rafael,7110,1,2020-12-22
Maule,7,Cauquenes,7201,4,2020-01-02
Maule,7,Cauquenes,7201,2,2020-01-06
Maule,7,Cauquenes,7201,2,2020-01-07
Maule,7,Cauquenes,7201,2,2020-01-08
Maule,7,Cauquenes,7201,1,2020-01-09
Maule,7,Cauquenes,7201,2,2020-01-13
Maule,7,Cauquenes,7201,2,2020-01-14
Maule,7,Cauquenes,7201,1,2020-01-15
Maule,7,Cauquenes,7201,1,2020-01-16
Maule,7,Cauquenes,7201,1,2020-01-20
Maule,7,Cauquenes,7201,1,2020-01-21
Maule,7,Cauquenes,7201,2,2020-01-22
Maule,7,Cauquenes,7201,1,2020-01-23
Maule,7,Cauquenes,7201,2,2020-01-24
Maule,7,Cauquenes,7201,1,2020-01-28
Maule,7,Cauquenes,7201,2,2020-01-29
Maule,7,Cauquenes,7201,1,2020-01-30
Maule,7,Cauquenes,7201,2,2020-01-31
Maule,7,Cauquenes,7201,1,2020-02-03
Maule,7,Cauquenes,7201,1,2020-02-04
Maule,7,Cauquenes,7201,1,2020-02-05
Maule,7,Cauquenes,7201,2,2020-02-06
Maule,7,Cauquenes,7201,1,2020-02-07
Maule,7,Cauquenes,7201,3,2020-02-10
Maule,7,Cauquenes,7201,2,2020-02-11
Maule,7,Cauquenes,7201,4,2020-02-12
Maule,7,Cauquenes,7201,1,2020-02-13
Maule,7,Cauquenes,7201,1,2020-02-14
Maule,7,Cauquenes,7201,2,2020-02-17
Maule,7,Cauquenes,7201,1,2020-02-18
Maule,7,Cauquenes,7201,4,2020-02-19
Maule,7,Cauquenes,7201,5,2020-02-20
Maule,7,Cauquenes,7201,1,2020-02-21
Maule,7,Cauquenes,7201,2,2020-02-24
Maule,7,Cauquenes,7201,3,2020-02-25
Maule,7,Cauquenes,7201,1,2020-02-26
Maule,7,Cauquenes,7201,1,2020-02-28
Maule,7,Cauquenes,7201,3,2020-03-04
Maule,7,Cauquenes,7201,1,2020-03-06
Maule,7,Cauquenes,7201,1,2020-03-11
Maule,7,Cauquenes,7201,3,2020-03-16
Maule,7,Cauquenes,7201,1,2020-03-18
Maule,7,Cauquenes,7201,2,2020-03-19
Maule,7,Cauquenes,7201,4,2020-03-20
Maule,7,Cauquenes,7201,2,2020-03-23
Maule,7,Cauquenes,7201,2,2020-03-27
Maule,7,Cauquenes,7201,1,2020-03-30
Maule,7,Cauquenes,7201,1,2020-03-31
Maule,7,Cauquenes,7201,2,2020-04-01
Maule,7,Cauquenes,7201,1,2020-04-02
Maule,7,Cauquenes,7201,1,2020-04-03
Maule,7,Cauquenes,7201,1,2020-04-04
Maule,7,Cauquenes,7201,1,2020-04-05
Maule,7,Cauquenes,7201,1,2020-04-06
Maule,7,Cauquenes,7201,3,2020-04-08
Maule,7,Cauquenes,7201,6,2020-04-13
Maule,7,Cauquenes,7201,1,2020-04-15
Maule,7,Cauquenes,7201,5,2020-04-17
Maule,7,Cauquenes,7201,1,2020-04-19
Maule,7,Cauquenes,7201,4,2020-04-20
Maule,7,Cauquenes,7201,1,2020-04-23
Maule,7,Cauquenes,7201,2,2020-04-24
Maule,7,Cauquenes,7201,1,2020-04-27
Maule,7,Cauquenes,7201,2,2020-04-29
Maule,7,Cauquenes,7201,1,2020-05-02
Maule,7,Cauquenes,7201,1,2020-05-04
Maule,7,Cauquenes,7201,1,2020-05-06
Maule,7,Cauquenes,7201,3,2020-05-08
Maule,7,Cauquenes,7201,1,2020-05-09
Maule,7,Cauquenes,7201,1,2020-05-10
Maule,7,Cauquenes,7201,4,2020-05-11
Maule,7,Cauquenes,7201,5,2020-05-18
Maule,7,Cauquenes,7201,1,2020-05-20
Maule,7,Cauquenes,7201,4,2020-05-22
Maule,7,Cauquenes,7201,2,2020-05-25
Maule,7,Cauquenes,7201,3,2020-05-29
Maule,7,Cauquenes,7201,1,2020-06-01
Maule,7,Cauquenes,7201,1,2020-06-02
Maule,7,Cauquenes,7201,3,2020-06-03
Maule,7,Cauquenes,7201,4,2020-06-05
Maule,7,Cauquenes,7201,4,2020-06-08
Maule,7,Cauquenes,7201,2,2020-06-10
Maule,7,Cauquenes,7201,2,2020-06-12
Maule,7,Cauquenes,7201,2,2020-06-15
Maule,7,Cauquenes,7201,2,2020-06-17
Maule,7,Cauquenes,7201,1,2020-06-18
Maule,7,Cauquenes,7201,3,2020-06-19
Maule,7,Cauquenes,7201,1,2020-06-22
Maule,7,Cauquenes,7201,2,2020-06-23
Maule,7,Cauquenes,7201,3,2020-06-26
Maule,7,Cauquenes,7201,1,2020-06-28
Maule,7,Cauquenes,7201,4,2020-07-01
Maule,7,Cauquenes,7201,3,2020-07-03
Maule,7,Cauquenes,7201,4,2020-07-06
Maule,7,Cauquenes,7201,2,2020-07-08
Maule,7,Cauquenes,7201,2,2020-07-10
Maule,7,Cauquenes,7201,5,2020-07-13
Maule,7,Cauquenes,7201,1,2020-07-15
Maule,7,Cauquenes,7201,1,2020-07-17
Maule,7,Cauquenes,7201,3,2020-07-20
Maule,7,Cauquenes,7201,1,2020-07-22
Maule,7,Cauquenes,7201,1,2020-07-24
Maule,7,Cauquenes,7201,1,2020-07-27
Maule,7,Cauquenes,7201,2,2020-07-29
Maule,7,Cauquenes,7201,1,2020-07-31
Maule,7,Cauquenes,7201,1,2020-08-03
Maule,7,Cauquenes,7201,1,2020-08-05
Maule,7,Cauquenes,7201,1,2020-08-10
Maule,7,Cauquenes,7201,2,2020-08-14
Maule,7,Cauquenes,7201,5,2020-08-17
Maule,7,Cauquenes,7201,1,2020-08-18
Maule,7,Cauquenes,7201,2,2020-08-19
Maule,7,Cauquenes,7201,1,2020-08-20
Maule,7,Cauquenes,7201,5,2020-08-21
Maule,7,Cauquenes,7201,1,2020-08-24
Maule,7,Cauquenes,7201,1,2020-08-26
Maule,7,Cauquenes,7201,1,2020-08-27
Maule,7,Cauquenes,7201,3,2020-08-28
Maule,7,Cauquenes,7201,5,2020-08-31
Maule,7,Cauquenes,7201,3,2020-09-01
Maule,7,Cauquenes,7201,1,2020-09-04
Maule,7,Cauquenes,7201,1,2020-09-07
Maule,7,Cauquenes,7201,2,2020-09-08
Maule,7,Cauquenes,7201,2,2020-09-14
Maule,7,Cauquenes,7201,2,2020-09-15
Maule,7,Cauquenes,7201,1,2020-09-17
Maule,7,Cauquenes,7201,2,2020-09-18
Maule,7,Cauquenes,7201,3,2020-09-21
Maule,7,Cauquenes,7201,3,2020-09-22
Maule,7,Cauquenes,7201,3,2020-09-24
Maule,7,Cauquenes,7201,2,2020-09-25
Maule,7,Cauquenes,7201,1,2020-09-28
Maule,7,Cauquenes,7201,2,2020-09-30
Maule,7,Cauquenes,7201,1,2020-10-02
Maule,7,Cauquenes,7201,2,2020-10-05
Maule,7,Cauquenes,7201,1,2020-10-06
Maule,7,Cauquenes,7201,4,2020-10-07
Maule,7,Cauquenes,7201,2,2020-10-08
Maule,7,Cauquenes,7201,1,2020-10-09
Maule,7,Cauquenes,7201,1,2020-10-15
Maule,7,Cauquenes,7201,5,2020-10-19
Maule,7,Cauquenes,7201,1,2020-10-20
Maule,7,Cauquenes,7201,2,2020-10-22
Maule,7,Cauquenes,7201,1,2020-10-23
Maule,7,Cauquenes,7201,1,2020-10-27
Maule,7,Cauquenes,7201,1,2020-10-28
Maule,7,Cauquenes,7201,2,2020-10-30
Maule,7,Cauquenes,7201,1,2020-10-31
Maule,7,Cauquenes,7201,3,2020-11-02
Maule,7,Cauquenes,7201,2,2020-11-05
Maule,7,Cauquenes,7201,1,2020-11-06
Maule,7,Cauquenes,7201,1,2020-11-09
Maule,7,Cauquenes,7201,3,2020-11-10
Maule,7,Cauquenes,7201,1,2020-11-12
Maule,7,Cauquenes,7201,2,2020-11-13
Maule,7,Cauquenes,7201,3,2020-11-16
Maule,7,Cauquenes,7201,7,2020-11-19
Maule,7,Cauquenes,7201,1,2020-11-20
Maule,7,Cauquenes,7201,7,2020-11-23
Maule,7,Cauquenes,7201,2,2020-11-25
Maule,7,Cauquenes,7201,5,2020-11-30
Maule,7,Cauquenes,7201,3,2020-12-01
Maule,7,Cauquenes,7201,3,2020-12-03
Maule,7,Cauquenes,7201,2,2020-12-04
Maule,7,Cauquenes,7201,1,2020-12-07
Maule,7,Cauquenes,7201,3,2020-12-09
Maule,7,Cauquenes,7201,4,2020-12-10
Maule,7,Cauquenes,7201,4,2020-12-14
Maule,7,Cauquenes,7201,2,2020-12-16
Maule,7,Cauquenes,7201,2,2020-12-21
Maule,7,Cauquenes,7201,1,2020-12-22
Maule,7,Cauquenes,7201,5,2020-12-23
Maule,7,Cauquenes,7201,2,2020-12-24
Maule,7,Cauquenes,7201,7,2020-12-28
Maule,7,Cauquenes,7201,2,2020-12-30
Maule,7,Cauquenes,7201,1,2021-01-02
Maule,7,Cauquenes,7201,2,2021-01-04
Maule,7,Cauquenes,7201,1,2021-01-05
Maule,7,Cauquenes,7201,4,2021-01-06
Maule,7,Cauquenes,7201,1,2021-01-07
Maule,7,Cauquenes,7201,2,2021-01-08
Maule,7,Cauquenes,7201,4,2021-01-11
Maule,7,Cauquenes,7201,2,2021-01-12
Maule,7,Cauquenes,7201,2,2021-01-14
Maule,7,Chanco,7202,1,2020-01-02
Maule,7,Chanco,7202,1,2020-01-03
Maule,7,Chanco,7202,1,2020-01-13
Maule,7,Chanco,7202,1,2020-01-15
Maule,7,Chanco,7202,1,2020-01-20
Maule,7,Chanco,7202,1,2020-01-23
Maule,7,Chanco,7202,1,2020-01-29
Maule,7,Chanco,7202,1,2020-02-06
Maule,7,Chanco,7202,1,2020-02-10
Maule,7,Chanco,7202,1,2020-02-18
Maule,7,Chanco,7202,1,2020-02-28
Maule,7,Chanco,7202,2,2020-03-02
Maule,7,Chanco,7202,2,2020-03-09
Maule,7,Chanco,7202,1,2020-03-20
Maule,7,Chanco,7202,1,2020-03-24
Maule,7,Chanco,7202,1,2020-03-30
Maule,7,Chanco,7202,2,2020-04-02
Maule,7,Chanco,7202,1,2020-04-09
Maule,7,Chanco,7202,1,2020-04-16
Maule,7,Chanco,7202,1,2020-04-23
Maule,7,Chanco,7202,1,2020-04-24
Maule,7,Chanco,7202,2,2020-04-27
Maule,7,Chanco,7202,1,2020-05-04
Maule,7,Chanco,7202,3,2020-05-14
Maule,7,Chanco,7202,1,2020-05-18
Maule,7,Chanco,7202,1,2020-05-23
Maule,7,Chanco,7202,2,2020-05-25
Maule,7,Chanco,7202,2,2020-05-28
Maule,7,Chanco,7202,1,2020-05-29
Maule,7,Chanco,7202,1,2020-06-02
Maule,7,Chanco,7202,1,2020-06-08
Maule,7,Chanco,7202,1,2020-06-22
Maule,7,Chanco,7202,1,2020-06-23
Maule,7,Chanco,7202,2,2020-07-02
Maule,7,Chanco,7202,1,2020-07-13
Maule,7,Chanco,7202,1,2020-07-20
Maule,7,Chanco,7202,1,2020-07-22
Maule,7,Chanco,7202,1,2020-07-23
Maule,7,Chanco,7202,2,2020-07-30
Maule,7,Chanco,7202,1,2020-08-03
Maule,7,Chanco,7202,1,2020-08-07
Maule,7,Chanco,7202,1,2020-08-11
Maule,7,Chanco,7202,2,2020-08-17
Maule,7,Chanco,7202,1,2020-08-21
Maule,7,Chanco,7202,1,2020-08-24
Maule,7,Chanco,7202,1,2020-08-25
Maule,7,Chanco,7202,1,2020-08-26
Maule,7,Chanco,7202,1,2020-09-02
Maule,7,Chanco,7202,2,2020-09-07
Maule,7,Chanco,7202,1,2020-09-08
Maule,7,Chanco,7202,1,2020-09-14
Maule,7,Chanco,7202,2,2020-09-21
Maule,7,Chanco,7202,1,2020-09-22
Maule,7,Chanco,7202,1,2020-09-25
Maule,7,Chanco,7202,2,2020-09-30
Maule,7,Chanco,7202,1,2020-10-01
Maule,7,Chanco,7202,1,2020-10-02
Maule,7,Chanco,7202,1,2020-10-07
Maule,7,Chanco,7202,1,2020-10-08
Maule,7,Chanco,7202,2,2020-10-26
Maule,7,Chanco,7202,1,2020-10-29
Maule,7,Chanco,7202,1,2020-11-11
Maule,7,Chanco,7202,1,2020-11-16
Maule,7,Chanco,7202,1,2020-11-17
Maule,7,Chanco,7202,1,2020-11-24
Maule,7,Chanco,7202,1,2020-11-27
Maule,7,Chanco,7202,1,2020-11-30
Maule,7,Chanco,7202,1,2020-12-03
Maule,7,Chanco,7202,1,2020-12-09
Maule,7,Chanco,7202,1,2020-12-10
Maule,7,Chanco,7202,1,2020-12-26
Maule,7,Chanco,7202,2,2021-01-04
Maule,7,Chanco,7202,2,2021-01-08
Maule,7,Chanco,7202,1,2021-01-14
Maule,7,Pelluhue,7203,1,2020-01-17
Maule,7,Pelluhue,7203,1,2020-01-27
Maule,7,Pelluhue,7203,1,2020-01-30
Maule,7,Pelluhue,7203,1,2020-02-06
Maule,7,Pelluhue,7203,1,2020-04-26
Maule,7,Pelluhue,7203,1,2020-05-07
Maule,7,Pelluhue,7203,1,2020-05-13
Maule,7,Pelluhue,7203,1,2020-05-14
Maule,7,Pelluhue,7203,1,2020-06-08
Maule,7,Pelluhue,7203,1,2020-06-10
Maule,7,Pelluhue,7203,1,2020-06-16
Maule,7,Pelluhue,7203,1,2020-07-14
Maule,7,Pelluhue,7203,1,2020-07-25
Maule,7,Pelluhue,7203,1,2020-07-28
Maule,7,Pelluhue,7203,2,2020-08-11
Maule,7,Pelluhue,7203,1,2020-08-24
Maule,7,Pelluhue,7203,1,2020-09-02
Maule,7,Pelluhue,7203,1,2020-09-16
Maule,7,Pelluhue,7203,1,2020-09-17
Maule,7,Pelluhue,7203,1,2020-10-05
Maule,7,Pelluhue,7203,1,2020-10-30
Maule,7,Pelluhue,7203,1,2020-11-16
Maule,7,Pelluhue,7203,1,2020-11-27
Maule,7,Pelluhue,7203,1,2020-12-21
Maule,7,Curicó,7301,3,2020-01-02
Maule,7,Curicó,7301,3,2020-01-03
Maule,7,Curicó,7301,9,2020-01-06
Maule,7,Curicó,7301,5,2020-01-07
Maule,7,Curicó,7301,3,2020-01-08
Maule,7,Curicó,7301,2,2020-01-09
Maule,7,Curicó,7301,2,2020-01-10
Maule,7,Curicó,7301,1,2020-01-12
Maule,7,Curicó,7301,7,2020-01-13
Maule,7,Curicó,7301,1,2020-01-14
Maule,7,Curicó,7301,4,2020-01-16
Maule,7,Curicó,7301,4,2020-01-17
Maule,7,Curicó,7301,3,2020-01-20
Maule,7,Curicó,7301,2,2020-01-21
Maule,7,Curicó,7301,3,2020-01-22
Maule,7,Curicó,7301,3,2020-01-23
Maule,7,Curicó,7301,4,2020-01-24
Maule,7,Curicó,7301,6,2020-01-27
Maule,7,Curicó,7301,5,2020-01-28
Maule,7,Curicó,7301,3,2020-01-29
Maule,7,Curicó,7301,3,2020-01-30
Maule,7,Curicó,7301,4,2020-01-31
Maule,7,Curicó,7301,7,2020-02-03
Maule,7,Curicó,7301,5,2020-02-04
Maule,7,Curicó,7301,5,2020-02-05
Maule,7,Curicó,7301,4,2020-02-06
Maule,7,Curicó,7301,2,2020-02-07
Maule,7,Curicó,7301,13,2020-02-10
Maule,7,Curicó,7301,8,2020-02-11
Maule,7,Curicó,7301,4,2020-02-12
Maule,7,Curicó,7301,1,2020-02-13
Maule,7,Curicó,7301,1,2020-02-14
Maule,7,Curicó,7301,8,2020-02-17
Maule,7,Curicó,7301,3,2020-02-18
Maule,7,Curicó,7301,4,2020-02-19
Maule,7,Curicó,7301,2,2020-02-20
Maule,7,Curicó,7301,6,2020-02-21
Maule,7,Curicó,7301,9,2020-02-24
Maule,7,Curicó,7301,2,2020-02-25
Maule,7,Curicó,7301,3,2020-02-26
Maule,7,Curicó,7301,2,2020-02-27
Maule,7,Curicó,7301,4,2020-02-28
Maule,7,Curicó,7301,8,2020-03-02
Maule,7,Curicó,7301,3,2020-03-04
Maule,7,Curicó,7301,4,2020-03-05
Maule,7,Curicó,7301,3,2020-03-06
Maule,7,Curicó,7301,10,2020-03-09
Maule,7,Curicó,7301,3,2020-03-10
Maule,7,Curicó,7301,2,2020-03-11
Maule,7,Curicó,7301,7,2020-03-12
Maule,7,Curicó,7301,5,2020-03-13
Maule,7,Curicó,7301,1,2020-03-15
Maule,7,Curicó,7301,15,2020-03-16
Maule,7,Curicó,7301,3,2020-03-17
Maule,7,Curicó,7301,4,2020-03-18
Maule,7,Curicó,7301,3,2020-03-20
Maule,7,Curicó,7301,2,2020-03-21
Maule,7,Curicó,7301,1,2020-03-23
Maule,7,Curicó,7301,5,2020-03-24
Maule,7,Curicó,7301,3,2020-03-25
Maule,7,Curicó,7301,3,2020-03-26
Maule,7,Curicó,7301,1,2020-03-27
Maule,7,Curicó,7301,1,2020-03-28
Maule,7,Curicó,7301,1,2020-03-29
Maule,7,Curicó,7301,3,2020-03-30
Maule,7,Curicó,7301,1,2020-03-31
Maule,7,Curicó,7301,10,2020-04-01
Maule,7,Curicó,7301,3,2020-04-03
Maule,7,Curicó,7301,9,2020-04-06
Maule,7,Curicó,7301,4,2020-04-08
Maule,7,Curicó,7301,4,2020-04-09
Maule,7,Curicó,7301,1,2020-04-10
Maule,7,Curicó,7301,2,2020-04-11
Maule,7,Curicó,7301,10,2020-04-13
Maule,7,Curicó,7301,10,2020-04-15
Maule,7,Curicó,7301,3,2020-04-17
Maule,7,Curicó,7301,1,2020-04-18
Maule,7,Curicó,7301,8,2020-04-20
Maule,7,Curicó,7301,6,2020-04-22
Maule,7,Curicó,7301,8,2020-04-24
Maule,7,Curicó,7301,5,2020-04-27
Maule,7,Curicó,7301,3,2020-04-28
Maule,7,Curicó,7301,6,2020-04-29
Maule,7,Curicó,7301,2,2020-04-30
Maule,7,Curicó,7301,2,2020-05-03
Maule,7,Curicó,7301,12,2020-05-04
Maule,7,Curicó,7301,2,2020-05-05
Maule,7,Curicó,7301,10,2020-05-06
Maule,7,Curicó,7301,6,2020-05-08
Maule,7,Curicó,7301,1,2020-05-09
Maule,7,Curicó,7301,3,2020-05-10
Maule,7,Curicó,7301,7,2020-05-11
Maule,7,Curicó,7301,2,2020-05-12
Maule,7,Curicó,7301,1,2020-05-13
Maule,7,Curicó,7301,3,2020-05-14
Maule,7,Curicó,7301,6,2020-05-15
Maule,7,Curicó,7301,2,2020-05-16
Maule,7,Curicó,7301,2,2020-05-17
Maule,7,Curicó,7301,9,2020-05-18
Maule,7,Curicó,7301,2,2020-05-19
Maule,7,Curicó,7301,2,2020-05-20
Maule,7,Curicó,7301,3,2020-05-21
Maule,7,Curicó,7301,9,2020-05-22
Maule,7,Curicó,7301,5,2020-05-23
Maule,7,Curicó,7301,3,2020-05-24
Maule,7,Curicó,7301,1,2020-05-25
Maule,7,Curicó,7301,2,2020-05-26
Maule,7,Curicó,7301,5,2020-05-27
Maule,7,Curicó,7301,1,2020-05-28
Maule,7,Curicó,7301,6,2020-05-29
Maule,7,Curicó,7301,2,2020-05-30
Maule,7,Curicó,7301,2,2020-05-31
Maule,7,Curicó,7301,6,2020-06-01
Maule,7,Curicó,7301,3,2020-06-02
Maule,7,Curicó,7301,6,2020-06-03
Maule,7,Curicó,7301,5,2020-06-04
Maule,7,Curicó,7301,2,2020-06-05
Maule,7,Curicó,7301,2,2020-06-06
Maule,7,Curicó,7301,4,2020-06-07
Maule,7,Curicó,7301,7,2020-06-08
Maule,7,Curicó,7301,2,2020-06-09
Maule,7,Curicó,7301,5,2020-06-10
Maule,7,Curicó,7301,6,2020-06-11
Maule,7,Curicó,7301,6,2020-06-12
Maule,7,Curicó,7301,1,2020-06-13
Maule,7,Curicó,7301,1,2020-06-14
Maule,7,Curicó,7301,6,2020-06-15
Maule,7,Curicó,7301,4,2020-06-16
Maule,7,Curicó,7301,3,2020-06-17
Maule,7,Curicó,7301,1,2020-06-18
Maule,7,Curicó,7301,5,2020-06-19
Maule,7,Curicó,7301,1,2020-06-20
Maule,7,Curicó,7301,4,2020-06-21
Maule,7,Curicó,7301,5,2020-06-22
Maule,7,Curicó,7301,5,2020-06-23
Maule,7,Curicó,7301,3,2020-06-24
Maule,7,Curicó,7301,5,2020-06-25
Maule,7,Curicó,7301,4,2020-06-26
Maule,7,Curicó,7301,7,2020-06-27
Maule,7,Curicó,7301,4,2020-06-28
Maule,7,Curicó,7301,4,2020-06-29
Maule,7,Curicó,7301,10,2020-06-30
Maule,7,Curicó,7301,5,2020-07-01
Maule,7,Curicó,7301,6,2020-07-02
Maule,7,Curicó,7301,5,2020-07-03
Maule,7,Curicó,7301,1,2020-07-04
Maule,7,Curicó,7301,3,2020-07-05
Maule,7,Curicó,7301,5,2020-07-06
Maule,7,Curicó,7301,3,2020-07-07
Maule,7,Curicó,7301,7,2020-07-08
Maule,7,Curicó,7301,3,2020-07-09
Maule,7,Curicó,7301,6,2020-07-10
Maule,7,Curicó,7301,2,2020-07-11
Maule,7,Curicó,7301,6,2020-07-13
Maule,7,Curicó,7301,4,2020-07-14
Maule,7,Curicó,7301,2,2020-07-15
Maule,7,Curicó,7301,2,2020-07-16
Maule,7,Curicó,7301,5,2020-07-17
Maule,7,Curicó,7301,3,2020-07-18
Maule,7,Curicó,7301,4,2020-07-20
Maule,7,Curicó,7301,2,2020-07-21
Maule,7,Curicó,7301,5,2020-07-22
Maule,7,Curicó,7301,2,2020-07-23
Maule,7,Curicó,7301,3,2020-07-24
Maule,7,Curicó,7301,5,2020-07-25
Maule,7,Curicó,7301,1,2020-07-26
Maule,7,Curicó,7301,8,2020-07-27
Maule,7,Curicó,7301,5,2020-07-28
Maule,7,Curicó,7301,5,2020-07-29
Maule,7,Curicó,7301,5,2020-07-30
Maule,7,Curicó,7301,6,2020-07-31
Maule,7,Curicó,7301,2,2020-08-01
Maule,7,Curicó,7301,5,2020-08-03
Maule,7,Curicó,7301,5,2020-08-04
Maule,7,Curicó,7301,6,2020-08-05
Maule,7,Curicó,7301,3,2020-08-06
Maule,7,Curicó,7301,4,2020-08-07
Maule,7,Curicó,7301,3,2020-08-08
Maule,7,Curicó,7301,4,2020-08-09
Maule,7,Curicó,7301,6,2020-08-10
Maule,7,Curicó,7301,4,2020-08-11
Maule,7,Curicó,7301,1,2020-08-12
Maule,7,Curicó,7301,6,2020-08-13
Maule,7,Curicó,7301,6,2020-08-14
Maule,7,Curicó,7301,1,2020-08-15
Maule,7,Curicó,7301,3,2020-08-16
Maule,7,Curicó,7301,6,2020-08-17
Maule,7,Curicó,7301,4,2020-08-18
Maule,7,Curicó,7301,2,2020-08-19
Maule,7,Curicó,7301,4,2020-08-20
Maule,7,Curicó,7301,3,2020-08-21
Maule,7,Curicó,7301,2,2020-08-22
Maule,7,Curicó,7301,3,2020-08-23
Maule,7,Curicó,7301,2,2020-08-24
Maule,7,Curicó,7301,5,2020-08-25
Maule,7,Curicó,7301,3,2020-08-26
Maule,7,Curicó,7301,4,2020-08-27
Maule,7,Curicó,7301,5,2020-08-28
Maule,7,Curicó,7301,3,2020-08-29
Maule,7,Curicó,7301,4,2020-08-30
Maule,7,Curicó,7301,2,2020-08-31
Maule,7,Curicó,7301,4,2020-09-01
Maule,7,Curicó,7301,5,2020-09-02
Maule,7,Curicó,7301,3,2020-09-03
Maule,7,Curicó,7301,2,2020-09-04
Maule,7,Curicó,7301,4,2020-09-05
Maule,7,Curicó,7301,2,2020-09-06
Maule,7,Curicó,7301,4,2020-09-07
Maule,7,Curicó,7301,5,2020-09-08
Maule,7,Curicó,7301,5,2020-09-09
Maule,7,Curicó,7301,5,2020-09-10
Maule,7,Curicó,7301,4,2020-09-11
Maule,7,Curicó,7301,4,2020-09-14
Maule,7,Curicó,7301,5,2020-09-15
Maule,7,Curicó,7301,13,2020-09-16
Maule,7,Curicó,7301,4,2020-09-17
Maule,7,Curicó,7301,4,2020-09-18
Maule,7,Curicó,7301,1,2020-09-19
Maule,7,Curicó,7301,4,2020-09-20
Maule,7,Curicó,7301,6,2020-09-21
Maule,7,Curicó,7301,4,2020-09-22
Maule,7,Curicó,7301,4,2020-09-23
Maule,7,Curicó,7301,4,2020-09-24
Maule,7,Curicó,7301,6,2020-09-25
Maule,7,Curicó,7301,4,2020-09-26
Maule,7,Curicó,7301,1,2020-09-27
Maule,7,Curicó,7301,2,2020-09-28
Maule,7,Curicó,7301,5,2020-09-29
Maule,7,Curicó,7301,4,2020-09-30
Maule,7,Curicó,7301,1,2020-10-01
Maule,7,Curicó,7301,5,2020-10-02
Maule,7,Curicó,7301,3,2020-10-03
Maule,7,Curicó,7301,5,2020-10-04
Maule,7,Curicó,7301,5,2020-10-05
Maule,7,Curicó,7301,6,2020-10-06
Maule,7,Curicó,7301,5,2020-10-07
Maule,7,Curicó,7301,6,2020-10-08
Maule,7,Curicó,7301,3,2020-10-09
Maule,7,Curicó,7301,4,2020-10-10
Maule,7,Curicó,7301,5,2020-10-11
Maule,7,Curicó,7301,3,2020-10-12
Maule,7,Curicó,7301,4,2020-10-13
Maule,7,Curicó,7301,6,2020-10-14
Maule,7,Curicó,7301,2,2020-10-15
Maule,7,Curicó,7301,1,2020-10-16
Maule,7,Curicó,7301,4,2020-10-17
Maule,7,Curicó,7301,7,2020-10-18
Maule,7,Curicó,7301,5,2020-10-19
Maule,7,Curicó,7301,1,2020-10-20
Maule,7,Curicó,7301,1,2020-10-21
Maule,7,Curicó,7301,6,2020-10-22
Maule,7,Curicó,7301,6,2020-10-23
Maule,7,Curicó,7301,5,2020-10-24
Maule,7,Curicó,7301,6,2020-10-26
Maule,7,Curicó,7301,3,2020-10-27
Maule,7,Curicó,7301,2,2020-10-28
Maule,7,Curicó,7301,3,2020-10-29
Maule,7,Curicó,7301,5,2020-10-30
Maule,7,Curicó,7301,4,2020-10-31
Maule,7,Curicó,7301,4,2020-11-01
Maule,7,Curicó,7301,3,2020-11-02
Maule,7,Curicó,7301,1,2020-11-03
Maule,7,Curicó,7301,3,2020-11-04
Maule,7,Curicó,7301,4,2020-11-05
Maule,7,Curicó,7301,2,2020-11-06
Maule,7,Curicó,7301,3,2020-11-07
Maule,7,Curicó,7301,5,2020-11-09
Maule,7,Curicó,7301,7,2020-11-10
Maule,7,Curicó,7301,3,2020-11-11
Maule,7,Curicó,7301,2,2020-11-12
Maule,7,Curicó,7301,3,2020-11-13
Maule,7,Curicó,7301,2,2020-11-15
Maule,7,Curicó,7301,2,2020-11-16
Maule,7,Curicó,7301,4,2020-11-17
Maule,7,Curicó,7301,4,2020-11-18
Maule,7,Curicó,7301,3,2020-11-19
Maule,7,Curicó,7301,1,2020-11-20
Maule,7,Curicó,7301,2,2020-11-21
Maule,7,Curicó,7301,2,2020-11-22
Maule,7,Curicó,7301,3,2020-11-23
Maule,7,Curicó,7301,1,2020-11-24
Maule,7,Curicó,7301,2,2020-11-25
Maule,7,Curicó,7301,2,2020-11-26
Maule,7,Curicó,7301,3,2020-11-27
Maule,7,Curicó,7301,4,2020-11-28
Maule,7,Curicó,7301,2,2020-11-29
Maule,7,Curicó,7301,3,2020-11-30
Maule,7,Curicó,7301,4,2020-12-01
Maule,7,Curicó,7301,1,2020-12-02
Maule,7,Curicó,7301,4,2020-12-03
Maule,7,Curicó,7301,4,2020-12-04
Maule,7,Curicó,7301,2,2020-12-05
Maule,7,Curicó,7301,7,2020-12-07
Maule,7,Curicó,7301,4,2020-12-08
Maule,7,Curicó,7301,7,2020-12-09
Maule,7,Curicó,7301,7,2020-12-10
Maule,7,Curicó,7301,4,2020-12-11
Maule,7,Curicó,7301,2,2020-12-12
Maule,7,Curicó,7301,5,2020-12-13
Maule,7,Curicó,7301,6,2020-12-14
Maule,7,Curicó,7301,5,2020-12-15
Maule,7,Curicó,7301,6,2020-12-16
Maule,7,Curicó,7301,5,2020-12-17
Maule,7,Curicó,7301,3,2020-12-18
Maule,7,Curicó,7301,2,2020-12-19
Maule,7,Curicó,7301,1,2020-12-20
Maule,7,Curicó,7301,8,2020-12-21
Maule,7,Curicó,7301,2,2020-12-22
Maule,7,Curicó,7301,4,2020-12-23
Maule,7,Curicó,7301,3,2020-12-24
Maule,7,Curicó,7301,5,2020-12-25
Maule,7,Curicó,7301,2,2020-12-26
Maule,7,Curicó,7301,3,2020-12-27
Maule,7,Curicó,7301,2,2020-12-28
Maule,7,Curicó,7301,4,2020-12-29
Maule,7,Curicó,7301,8,2020-12-30
Maule,7,Curicó,7301,5,2020-12-31
Maule,7,Curicó,7301,3,2021-01-01
Maule,7,Curicó,7301,1,2021-01-02
Maule,7,Curicó,7301,5,2021-01-03
Maule,7,Curicó,7301,15,2021-01-04
Maule,7,Curicó,7301,6,2021-01-05
Maule,7,Curicó,7301,3,2021-01-06
Maule,7,Curicó,7301,5,2021-01-07
Maule,7,Curicó,7301,6,2021-01-08
Maule,7,Curicó,7301,8,2021-01-09
Maule,7,Curicó,7301,1,2021-01-10
Maule,7,Curicó,7301,2,2021-01-11
Maule,7,Curicó,7301,6,2021-01-12
Maule,7,Curicó,7301,1,2021-01-14
Maule,7,Hualañé,7302,1,2020-01-03
Maule,7,Hualañé,7302,1,2020-01-07
Maule,7,Hualañé,7302,1,2020-01-08
Maule,7,Hualañé,7302,1,2020-01-13
Maule,7,Hualañé,7302,1,2020-01-15
Maule,7,Hualañé,7302,1,2020-01-27
Maule,7,Hualañé,7302,1,2020-02-17
Maule,7,Hualañé,7302,1,2020-02-18
Maule,7,Hualañé,7302,1,2020-02-20
Maule,7,Hualañé,7302,1,2020-02-24
Maule,7,Hualañé,7302,1,2020-03-05
Maule,7,Hualañé,7302,1,2020-04-09
Maule,7,Hualañé,7302,1,2020-04-16
Maule,7,Hualañé,7302,2,2020-04-20
Maule,7,Hualañé,7302,2,2020-05-04
Maule,7,Hualañé,7302,1,2020-05-11
Maule,7,Hualañé,7302,1,2020-05-13
Maule,7,Hualañé,7302,1,2020-05-14
Maule,7,Hualañé,7302,3,2020-05-25
Maule,7,Hualañé,7302,1,2020-06-04
Maule,7,Hualañé,7302,1,2020-06-09
Maule,7,Hualañé,7302,1,2020-06-15
Maule,7,Hualañé,7302,1,2020-06-19
Maule,7,Hualañé,7302,2,2020-06-25
Maule,7,Hualañé,7302,1,2020-06-26
Maule,7,Hualañé,7302,1,2020-06-27
Maule,7,Hualañé,7302,1,2020-06-29
Maule,7,Hualañé,7302,1,2020-07-13
Maule,7,Hualañé,7302,1,2020-07-27
Maule,7,Hualañé,7302,1,2020-07-31
Maule,7,Hualañé,7302,2,2020-08-24
Maule,7,Hualañé,7302,1,2020-08-25
Maule,7,Hualañé,7302,1,2020-08-26
Maule,7,Hualañé,7302,1,2020-09-07
Maule,7,Hualañé,7302,1,2020-09-15
Maule,7,Hualañé,7302,1,2020-09-17
Maule,7,Hualañé,7302,2,2020-09-21
Maule,7,Hualañé,7302,1,2020-09-22
Maule,7,Hualañé,7302,2,2020-10-13
Maule,7,Hualañé,7302,1,2020-10-15
Maule,7,Hualañé,7302,1,2020-10-29
Maule,7,Hualañé,7302,1,2020-11-03
Maule,7,Hualañé,7302,1,2020-11-13
Maule,7,Hualañé,7302,1,2020-11-16
Maule,7,Hualañé,7302,1,2020-11-17
Maule,7,Hualañé,7302,1,2020-11-18
Maule,7,Hualañé,7302,1,2020-12-04
Maule,7,Hualañé,7302,1,2020-12-21
Maule,7,Hualañé,7302,1,2020-12-23
Maule,7,Hualañé,7302,1,2020-12-24
Maule,7,Hualañé,7302,2,2020-12-28
Maule,7,Hualañé,7302,1,2020-12-30
Maule,7,Hualañé,7302,1,2021-01-04
Maule,7,Hualañé,7302,1,2021-01-06
Maule,7,Hualañé,7302,1,2021-01-11
Maule,7,Licantén,7303,1,2020-01-03
Maule,7,Licantén,7303,1,2020-01-20
Maule,7,Licantén,7303,1,2020-01-28
Maule,7,Licantén,7303,1,2020-02-05
Maule,7,Licantén,7303,1,2020-02-18
Maule,7,Licantén,7303,1,2020-02-24
Maule,7,Licantén,7303,1,2020-03-05
Maule,7,Licantén,7303,1,2020-03-10
Maule,7,Licantén,7303,1,2020-03-13
Maule,7,Licantén,7303,1,2020-03-19
Maule,7,Licantén,7303,1,2020-03-30
Maule,7,Licantén,7303,1,2020-04-12
Maule,7,Licantén,7303,1,2020-05-25
Maule,7,Licantén,7303,1,2020-05-28
Maule,7,Licantén,7303,1,2020-06-08
Maule,7,Licantén,7303,1,2020-06-10
Maule,7,Licantén,7303,2,2020-06-15
Maule,7,Licantén,7303,1,2020-07-08
Maule,7,Licantén,7303,1,2020-07-11
Maule,7,Licantén,7303,1,2020-07-14
Maule,7,Licantén,7303,1,2020-07-16
Maule,7,Licantén,7303,1,2020-07-17
Maule,7,Licantén,7303,1,2020-07-22
Maule,7,Licantén,7303,1,2020-08-05
Maule,7,Licantén,7303,1,2020-08-19
Maule,7,Licantén,7303,1,2020-08-26
Maule,7,Licantén,7303,1,2020-09-04
Maule,7,Licantén,7303,2,2020-09-10
Maule,7,Licantén,7303,1,2020-09-15
Maule,7,Licantén,7303,1,2020-10-21
Maule,7,Licantén,7303,1,2020-10-27
Maule,7,Licantén,7303,1,2020-11-02
Maule,7,Licantén,7303,1,2020-11-20
Maule,7,Licantén,7303,1,2020-11-24
Maule,7,Licantén,7303,1,2020-12-04
Maule,7,Licantén,7303,1,2020-12-21
Maule,7,Licantén,7303,1,2020-12-22
Maule,7,Licantén,7303,1,2020-12-23
Maule,7,Licantén,7303,2,2020-12-28
Maule,7,Licantén,7303,2,2021-01-11
Maule,7,Licantén,7303,1,2021-01-13
Maule,7,Molina,7304,1,2020-01-03
Maule,7,Molina,7304,1,2020-01-07
Maule,7,Molina,7304,1,2020-01-09
Maule,7,Molina,7304,1,2020-01-10
Maule,7,Molina,7304,1,2020-01-13
Maule,7,Molina,7304,2,2020-01-14
Maule,7,Molina,7304,1,2020-01-16
Maule,7,Molina,7304,1,2020-01-17
Maule,7,Molina,7304,3,2020-01-20
Maule,7,Molina,7304,2,2020-01-21
Maule,7,Molina,7304,4,2020-01-22
Maule,7,Molina,7304,2,2020-01-23
Maule,7,Molina,7304,1,2020-01-27
Maule,7,Molina,7304,1,2020-01-28
Maule,7,Molina,7304,2,2020-01-30
Maule,7,Molina,7304,1,2020-02-03
Maule,7,Molina,7304,2,2020-02-04
Maule,7,Molina,7304,1,2020-02-06
Maule,7,Molina,7304,1,2020-02-10
Maule,7,Molina,7304,1,2020-02-11
Maule,7,Molina,7304,1,2020-02-13
Maule,7,Molina,7304,2,2020-02-17
Maule,7,Molina,7304,1,2020-02-18
Maule,7,Molina,7304,1,2020-02-21
Maule,7,Molina,7304,1,2020-02-23
Maule,7,Molina,7304,1,2020-02-24
Maule,7,Molina,7304,2,2020-02-26
Maule,7,Molina,7304,1,2020-02-28
Maule,7,Molina,7304,1,2020-03-05
Maule,7,Molina,7304,1,2020-03-06
Maule,7,Molina,7304,1,2020-03-09
Maule,7,Molina,7304,1,2020-03-10
Maule,7,Molina,7304,1,2020-03-12
Maule,7,Molina,7304,1,2020-03-19
Maule,7,Molina,7304,2,2020-03-23
Maule,7,Molina,7304,1,2020-03-24
Maule,7,Molina,7304,1,2020-03-25
Maule,7,Molina,7304,1,2020-03-27
Maule,7,Molina,7304,1,2020-03-29
Maule,7,Molina,7304,1,2020-03-31
Maule,7,Molina,7304,1,2020-04-03
Maule,7,Molina,7304,1,2020-04-07
Maule,7,Molina,7304,1,2020-04-08
Maule,7,Molina,7304,1,2020-04-10
Maule,7,Molina,7304,2,2020-04-14
Maule,7,Molina,7304,1,2020-04-15
Maule,7,Molina,7304,2,2020-04-21
Maule,7,Molina,7304,1,2020-04-22
Maule,7,Molina,7304,1,2020-04-30
Maule,7,Molina,7304,2,2020-05-05
Maule,7,Molina,7304,4,2020-05-08
Maule,7,Molina,7304,1,2020-05-09
Maule,7,Molina,7304,1,2020-05-14
Maule,7,Molina,7304,1,2020-05-17
Maule,7,Molina,7304,2,2020-05-18
Maule,7,Molina,7304,1,2020-05-19
Maule,7,Molina,7304,1,2020-05-20
Maule,7,Molina,7304,1,2020-05-21
Maule,7,Molina,7304,1,2020-05-22
Maule,7,Molina,7304,1,2020-05-24
Maule,7,Molina,7304,1,2020-05-26
Maule,7,Molina,7304,2,2020-05-28
Maule,7,Molina,7304,1,2020-06-02
Maule,7,Molina,7304,2,2020-06-04
Maule,7,Molina,7304,1,2020-06-05
Maule,7,Molina,7304,1,2020-06-06
Maule,7,Molina,7304,3,2020-06-08
Maule,7,Molina,7304,2,2020-06-09
Maule,7,Molina,7304,2,2020-06-11
Maule,7,Molina,7304,2,2020-06-12
Maule,7,Molina,7304,1,2020-06-13
Maule,7,Molina,7304,3,2020-06-15
Maule,7,Molina,7304,2,2020-06-17
Maule,7,Molina,7304,1,2020-06-18
Maule,7,Molina,7304,1,2020-06-19
Maule,7,Molina,7304,2,2020-06-22
Maule,7,Molina,7304,2,2020-06-23
Maule,7,Molina,7304,1,2020-06-24
Maule,7,Molina,7304,1,2020-06-26
Maule,7,Molina,7304,2,2020-06-28
Maule,7,Molina,7304,1,2020-06-29
Maule,7,Molina,7304,2,2020-06-30
Maule,7,Molina,7304,1,2020-07-01
Maule,7,Molina,7304,2,2020-07-02
Maule,7,Molina,7304,1,2020-07-05
Maule,7,Molina,7304,1,2020-07-07
Maule,7,Molina,7304,2,2020-07-09
Maule,7,Molina,7304,1,2020-07-13
Maule,7,Molina,7304,2,2020-07-14
Maule,7,Molina,7304,1,2020-07-15
Maule,7,Molina,7304,1,2020-07-16
Maule,7,Molina,7304,1,2020-07-18
Maule,7,Molina,7304,2,2020-07-20
Maule,7,Molina,7304,1,2020-07-21
Maule,7,Molina,7304,1,2020-07-26
Maule,7,Molina,7304,3,2020-07-27
Maule,7,Molina,7304,2,2020-07-28
Maule,7,Molina,7304,1,2020-07-31
Maule,7,Molina,7304,1,2020-08-01
Maule,7,Molina,7304,1,2020-08-02
Maule,7,Molina,7304,2,2020-08-03
Maule,7,Molina,7304,1,2020-08-04
Maule,7,Molina,7304,1,2020-08-10
Maule,7,Molina,7304,3,2020-08-12
Maule,7,Molina,7304,3,2020-08-13
Maule,7,Molina,7304,4,2020-08-17
Maule,7,Molina,7304,1,2020-08-19
Maule,7,Molina,7304,1,2020-08-21
Maule,7,Molina,7304,1,2020-08-23
Maule,7,Molina,7304,1,2020-08-24
Maule,7,Molina,7304,1,2020-08-25
Maule,7,Molina,7304,1,2020-08-28
Maule,7,Molina,7304,3,2020-08-31
Maule,7,Molina,7304,1,2020-09-02
Maule,7,Molina,7304,1,2020-09-04
Maule,7,Molina,7304,1,2020-09-05
Maule,7,Molina,7304,1,2020-09-08
Maule,7,Molina,7304,1,2020-09-14
Maule,7,Molina,7304,1,2020-09-16
Maule,7,Molina,7304,1,2020-09-18
Maule,7,Molina,7304,1,2020-09-20
Maule,7,Molina,7304,1,2020-09-21
Maule,7,Molina,7304,1,2020-09-23
Maule,7,Molina,7304,1,2020-09-28
Maule,7,Molina,7304,2,2020-09-29
Maule,7,Molina,7304,2,2020-09-30
Maule,7,Molina,7304,1,2020-10-01
Maule,7,Molina,7304,1,2020-10-02
Maule,7,Molina,7304,1,2020-10-03
Maule,7,Molina,7304,2,2020-10-05
Maule,7,Molina,7304,1,2020-10-07
Maule,7,Molina,7304,1,2020-10-09
Maule,7,Molina,7304,2,2020-10-14
Maule,7,Molina,7304,1,2020-10-15
Maule,7,Molina,7304,1,2020-10-17
Maule,7,Molina,7304,1,2020-10-19
Maule,7,Molina,7304,2,2020-10-21
Maule,7,Molina,7304,3,2020-10-22
Maule,7,Molina,7304,4,2020-10-23
Maule,7,Molina,7304,1,2020-10-24
Maule,7,Molina,7304,1,2020-10-25
Maule,7,Molina,7304,1,2020-10-26
Maule,7,Molina,7304,1,2020-10-27
Maule,7,Molina,7304,1,2020-10-28
Maule,7,Molina,7304,1,2020-10-29
Maule,7,Molina,7304,3,2020-11-02
Maule,7,Molina,7304,1,2020-11-03
Maule,7,Molina,7304,2,2020-11-04
Maule,7,Molina,7304,1,2020-11-07
Maule,7,Molina,7304,1,2020-11-08
Maule,7,Molina,7304,1,2020-11-12
Maule,7,Molina,7304,1,2020-11-17
Maule,7,Molina,7304,2,2020-11-19
Maule,7,Molina,7304,1,2020-11-20
Maule,7,Molina,7304,1,2020-11-25
Maule,7,Molina,7304,3,2020-11-26
Maule,7,Molina,7304,1,2020-11-27
Maule,7,Molina,7304,1,2020-11-29
Maule,7,Molina,7304,4,2020-11-30
Maule,7,Molina,7304,1,2020-12-05
Maule,7,Molina,7304,2,2020-12-07
Maule,7,Molina,7304,3,2020-12-09
Maule,7,Molina,7304,1,2020-12-10
Maule,7,Molina,7304,1,2020-12-12
Maule,7,Molina,7304,5,2020-12-15
Maule,7,Molina,7304,2,2020-12-16
Maule,7,Molina,7304,3,2020-12-18
Maule,7,Molina,7304,1,2020-12-20
Maule,7,Molina,7304,3,2020-12-21
Maule,7,Molina,7304,3,2020-12-22
Maule,7,Molina,7304,1,2020-12-24
Maule,7,Molina,7304,3,2020-12-27
Maule,7,Molina,7304,1,2020-12-28
Maule,7,Molina,7304,1,2021-01-03
Maule,7,Molina,7304,2,2021-01-05
Maule,7,Molina,7304,2,2021-01-07
Maule,7,Molina,7304,1,2021-01-09
Maule,7,Molina,7304,1,2021-01-11
Maule,7,Molina,7304,1,2021-01-12
Maule,7,Molina,7304,1,2021-01-13
Maule,7,Rauco,7305,1,2020-01-09
Maule,7,Rauco,7305,1,2020-01-13
Maule,7,Rauco,7305,1,2020-01-28
Maule,7,Rauco,7305,1,2020-01-29
Maule,7,Rauco,7305,1,2020-02-07
Maule,7,Rauco,7305,1,2020-03-02
Maule,7,Rauco,7305,1,2020-03-10
Maule,7,Rauco,7305,1,2020-03-20
Maule,7,Rauco,7305,1,2020-04-03
Maule,7,Rauco,7305,1,2020-04-06
Maule,7,Rauco,7305,1,2020-04-08
Maule,7,Rauco,7305,2,2020-04-20
Maule,7,Rauco,7305,1,2020-04-27
Maule,7,Rauco,7305,1,2020-05-06
Maule,7,Rauco,7305,1,2020-05-12
Maule,7,Rauco,7305,1,2020-05-24
Maule,7,Rauco,7305,1,2020-06-08
Maule,7,Rauco,7305,1,2020-06-22
Maule,7,Rauco,7305,1,2020-06-26
Maule,7,Rauco,7305,1,2020-06-27
Maule,7,Rauco,7305,1,2020-07-05
Maule,7,Rauco,7305,1,2020-07-08
Maule,7,Rauco,7305,1,2020-07-15
Maule,7,Rauco,7305,1,2020-07-20
Maule,7,Rauco,7305,1,2020-07-25
Maule,7,Rauco,7305,1,2020-07-29
Maule,7,Rauco,7305,1,2020-07-30
Maule,7,Rauco,7305,1,2020-08-01
Maule,7,Rauco,7305,1,2020-08-02
Maule,7,Rauco,7305,1,2020-08-07
Maule,7,Rauco,7305,1,2020-08-24
Maule,7,Rauco,7305,1,2020-08-30
Maule,7,Rauco,7305,1,2020-09-02
Maule,7,Rauco,7305,1,2020-09-28
Maule,7,Rauco,7305,1,2020-10-03
Maule,7,Rauco,7305,1,2020-10-24
Maule,7,Rauco,7305,1,2020-11-05
Maule,7,Rauco,7305,1,2020-12-11
Maule,7,Rauco,7305,1,2020-12-30
Maule,7,Rauco,7305,1,2021-01-02
Maule,7,Rauco,7305,1,2021-01-12
Maule,7,Romeral,7306,1,2020-01-02
Maule,7,Romeral,7306,1,2020-01-08
Maule,7,Romeral,7306,1,2020-01-14
Maule,7,Romeral,7306,1,2020-01-15
Maule,7,Romeral,7306,2,2020-01-20
Maule,7,Romeral,7306,1,2020-01-21
Maule,7,Romeral,7306,1,2020-01-29
Maule,7,Romeral,7306,1,2020-01-31
Maule,7,Romeral,7306,1,2020-02-05
Maule,7,Romeral,7306,1,2020-02-10
Maule,7,Romeral,7306,1,2020-02-18
Maule,7,Romeral,7306,1,2020-02-26
Maule,7,Romeral,7306,1,2020-03-09
Maule,7,Romeral,7306,1,2020-03-25
Maule,7,Romeral,7306,1,2020-03-31
Maule,7,Romeral,7306,1,2020-04-02
Maule,7,Romeral,7306,1,2020-04-14
Maule,7,Romeral,7306,1,2020-04-29
Maule,7,Romeral,7306,2,2020-05-19
Maule,7,Romeral,7306,1,2020-06-01
Maule,7,Romeral,7306,1,2020-06-03
Maule,7,Romeral,7306,1,2020-06-06
Maule,7,Romeral,7306,2,2020-06-08
Maule,7,Romeral,7306,1,2020-06-09
Maule,7,Romeral,7306,2,2020-06-11
Maule,7,Romeral,7306,1,2020-06-28
Maule,7,Romeral,7306,1,2020-07-03
Maule,7,Romeral,7306,1,2020-07-10
Maule,7,Romeral,7306,1,2020-07-13
Maule,7,Romeral,7306,1,2020-07-26
Maule,7,Romeral,7306,3,2020-07-28
Maule,7,Romeral,7306,1,2020-08-01
Maule,7,Romeral,7306,1,2020-08-06
Maule,7,Romeral,7306,1,2020-08-12
Maule,7,Romeral,7306,1,2020-08-24
Maule,7,Romeral,7306,1,2020-09-10
Maule,7,Romeral,7306,1,2020-10-05
Maule,7,Romeral,7306,1,2020-10-19
Maule,7,Romeral,7306,1,2020-10-28
Maule,7,Romeral,7306,1,2020-10-29
Maule,7,Romeral,7306,1,2020-11-04
Maule,7,Romeral,7306,1,2020-11-17
Maule,7,Romeral,7306,1,2020-12-09
Maule,7,Romeral,7306,1,2020-12-10
Maule,7,Romeral,7306,1,2020-12-18
Maule,7,Romeral,7306,1,2020-12-21
Maule,7,Romeral,7306,1,2021-01-04
Maule,7,Romeral,7306,1,2021-01-05
Maule,7,Sagrada Familia,7307,1,2020-01-10
Maule,7,Sagrada Familia,7307,1,2020-01-14
Maule,7,Sagrada Familia,7307,1,2020-01-23
Maule,7,Sagrada Familia,7307,1,2020-01-28
Maule,7,Sagrada Familia,7307,1,2020-02-13
Maule,7,Sagrada Familia,7307,2,2020-02-17
Maule,7,Sagrada Familia,7307,1,2020-02-18
Maule,7,Sagrada Familia,7307,1,2020-03-09
Maule,7,Sagrada Familia,7307,1,2020-03-13
Maule,7,Sagrada Familia,7307,1,2020-03-31
Maule,7,Sagrada Familia,7307,1,2020-04-03
Maule,7,Sagrada Familia,7307,2,2020-04-14
Maule,7,Sagrada Familia,7307,1,2020-04-21
Maule,7,Sagrada Familia,7307,1,2020-04-22
Maule,7,Sagrada Familia,7307,2,2020-04-28
Maule,7,Sagrada Familia,7307,2,2020-05-07
Maule,7,Sagrada Familia,7307,1,2020-05-08
Maule,7,Sagrada Familia,7307,1,2020-05-14
Maule,7,Sagrada Familia,7307,1,2020-05-19
Maule,7,Sagrada Familia,7307,1,2020-05-20
Maule,7,Sagrada Familia,7307,1,2020-06-01
Maule,7,Sagrada Familia,7307,1,2020-06-04
Maule,7,Sagrada Familia,7307,2,2020-06-15
Maule,7,Sagrada Familia,7307,1,2020-07-14
Maule,7,Sagrada Familia,7307,2,2020-07-20
Maule,7,Sagrada Familia,7307,1,2020-07-24
Maule,7,Sagrada Familia,7307,1,2020-07-28
Maule,7,Sagrada Familia,7307,1,2020-08-08
Maule,7,Sagrada Familia,7307,1,2020-08-17
Maule,7,Sagrada Familia,7307,1,2020-08-24
Maule,7,Sagrada Familia,7307,1,2020-09-01
Maule,7,Sagrada Familia,7307,1,2020-09-07
Maule,7,Sagrada Familia,7307,1,2020-09-08
Maule,7,Sagrada Familia,7307,1,2020-09-09
Maule,7,Sagrada Familia,7307,1,2020-09-14
Maule,7,Sagrada Familia,7307,1,2020-09-17
Maule,7,Sagrada Familia,7307,2,2020-09-21
Maule,7,Sagrada Familia,7307,1,2020-09-23
Maule,7,Sagrada Familia,7307,1,2020-09-28
Maule,7,Sagrada Familia,7307,1,2020-10-05
Maule,7,Sagrada Familia,7307,1,2020-10-09
Maule,7,Sagrada Familia,7307,1,2020-10-10
Maule,7,Sagrada Familia,7307,1,2020-10-13
Maule,7,Sagrada Familia,7307,1,2020-10-15
Maule,7,Sagrada Familia,7307,1,2020-10-23
Maule,7,Sagrada Familia,7307,1,2020-11-02
Maule,7,Sagrada Familia,7307,1,2020-11-13
Maule,7,Sagrada Familia,7307,1,2020-11-16
Maule,7,Sagrada Familia,7307,1,2020-11-19
Maule,7,Sagrada Familia,7307,1,2020-12-01
Maule,7,Sagrada Familia,7307,1,2020-12-14
Maule,7,Sagrada Familia,7307,1,2020-12-15
Maule,7,Sagrada Familia,7307,1,2020-12-16
Maule,7,Sagrada Familia,7307,1,2020-12-17
Maule,7,Sagrada Familia,7307,2,2020-12-18
Maule,7,Sagrada Familia,7307,2,2020-12-22
Maule,7,Sagrada Familia,7307,1,2020-12-24
Maule,7,Sagrada Familia,7307,2,2021-01-12
Maule,7,Teno,7308,2,2020-01-06
Maule,7,Teno,7308,1,2020-01-09
Maule,7,Teno,7308,1,2020-01-13
Maule,7,Teno,7308,1,2020-01-20
Maule,7,Teno,7308,1,2020-01-22
Maule,7,Teno,7308,2,2020-01-27
Maule,7,Teno,7308,1,2020-02-07
Maule,7,Teno,7308,2,2020-02-12
Maule,7,Teno,7308,1,2020-02-13
Maule,7,Teno,7308,1,2020-02-14
Maule,7,Teno,7308,1,2020-02-19
Maule,7,Teno,7308,1,2020-02-20
Maule,7,Teno,7308,1,2020-02-24
Maule,7,Teno,7308,1,2020-02-27
Maule,7,Teno,7308,1,2020-03-02
Maule,7,Teno,7308,1,2020-03-06
Maule,7,Teno,7308,4,2020-03-09
Maule,7,Teno,7308,2,2020-03-10
Maule,7,Teno,7308,1,2020-03-12
Maule,7,Teno,7308,2,2020-03-19
Maule,7,Teno,7308,1,2020-03-23
Maule,7,Teno,7308,1,2020-03-27
Maule,7,Teno,7308,1,2020-04-03
Maule,7,Teno,7308,1,2020-04-05
Maule,7,Teno,7308,1,2020-04-08
Maule,7,Teno,7308,1,2020-04-12
Maule,7,Teno,7308,1,2020-04-17
Maule,7,Teno,7308,1,2020-04-20
Maule,7,Teno,7308,1,2020-04-24
Maule,7,Teno,7308,1,2020-04-25
Maule,7,Teno,7308,1,2020-04-26
Maule,7,Teno,7308,1,2020-04-29
Maule,7,Teno,7308,1,2020-04-30
Maule,7,Teno,7308,1,2020-05-03
Maule,7,Teno,7308,1,2020-05-06
Maule,7,Teno,7308,2,2020-05-07
Maule,7,Teno,7308,1,2020-05-09
Maule,7,Teno,7308,1,2020-05-11
Maule,7,Teno,7308,1,2020-05-16
Maule,7,Teno,7308,1,2020-05-18
Maule,7,Teno,7308,2,2020-05-20
Maule,7,Teno,7308,1,2020-05-21
Maule,7,Teno,7308,1,2020-05-23
Maule,7,Teno,7308,1,2020-05-24
Maule,7,Teno,7308,1,2020-05-28
Maule,7,Teno,7308,2,2020-06-03
Maule,7,Teno,7308,1,2020-06-06
Maule,7,Teno,7308,1,2020-06-08
Maule,7,Teno,7308,3,2020-06-17
Maule,7,Teno,7308,1,2020-06-20
Maule,7,Teno,7308,1,2020-06-22
Maule,7,Teno,7308,1,2020-06-23
Maule,7,Teno,7308,1,2020-06-25
Maule,7,Teno,7308,2,2020-06-27
Maule,7,Teno,7308,1,2020-06-30
Maule,7,Teno,7308,1,2020-07-02
Maule,7,Teno,7308,1,2020-07-07
Maule,7,Teno,7308,1,2020-07-08
Maule,7,Teno,7308,2,2020-07-09
Maule,7,Teno,7308,1,2020-07-10
Maule,7,Teno,7308,1,2020-07-15
Maule,7,Teno,7308,2,2020-07-16
Maule,7,Teno,7308,1,2020-07-22
Maule,7,Teno,7308,2,2020-07-23
Maule,7,Teno,7308,1,2020-07-24
Maule,7,Teno,7308,2,2020-07-28
Maule,7,Teno,7308,1,2020-07-29
Maule,7,Teno,7308,1,2020-07-30
Maule,7,Teno,7308,1,2020-08-02
Maule,7,Teno,7308,1,2020-08-04
Maule,7,Teno,7308,1,2020-08-07
Maule,7,Teno,7308,1,2020-08-10
Maule,7,Teno,7308,2,2020-08-12
Maule,7,Teno,7308,1,2020-08-15
Maule,7,Teno,7308,1,2020-08-19
Maule,7,Teno,7308,1,2020-08-22
Maule,7,Teno,7308,2,2020-08-25
Maule,7,Teno,7308,3,2020-08-26
Maule,7,Teno,7308,0,2020-08-28
Maule,7,Teno,7308,1,2020-08-30
Maule,7,Teno,7308,1,2020-08-31
Maule,7,Teno,7308,2,2020-09-01
Maule,7,Teno,7308,1,2020-09-05
Maule,7,Teno,7308,1,2020-09-06
Maule,7,Teno,7308,1,2020-09-08
Maule,7,Teno,7308,1,2020-09-10
Maule,7,Teno,7308,1,2020-09-14
Maule,7,Teno,7308,3,2020-09-16
Maule,7,Teno,7308,1,2020-09-21
Maule,7,Teno,7308,1,2020-09-22
Maule,7,Teno,7308,1,2020-09-23
Maule,7,Teno,7308,1,2020-09-24
Maule,7,Teno,7308,1,2020-09-25
Maule,7,Teno,7308,1,2020-09-29
Maule,7,Teno,7308,1,2020-10-01
Maule,7,Teno,7308,2,2020-10-05
Maule,7,Teno,7308,1,2020-10-06
Maule,7,Teno,7308,1,2020-10-07
Maule,7,Teno,7308,1,2020-10-09
Maule,7,Teno,7308,1,2020-10-10
Maule,7,Teno,7308,1,2020-10-13
Maule,7,Teno,7308,1,2020-10-17
Maule,7,Teno,7308,1,2020-10-25
Maule,7,Teno,7308,1,2020-10-26
Maule,7,Teno,7308,2,2020-10-30
Maule,7,Teno,7308,1,2020-11-05
Maule,7,Teno,7308,1,2020-11-11
Maule,7,Teno,7308,1,2020-11-12
Maule,7,Teno,7308,1,2020-11-15
Maule,7,Teno,7308,1,2020-11-16
Maule,7,Teno,7308,2,2020-11-19
Maule,7,Teno,7308,1,2020-11-20
Maule,7,Teno,7308,1,2020-11-22
Maule,7,Teno,7308,1,2020-11-23
Maule,7,Teno,7308,1,2020-11-24
Maule,7,Teno,7308,1,2020-11-30
Maule,7,Teno,7308,1,2020-12-04
Maule,7,Teno,7308,1,2020-12-06
Maule,7,Teno,7308,1,2020-12-07
Maule,7,Teno,7308,1,2020-12-09
Maule,7,Teno,7308,1,2020-12-10
Maule,7,Teno,7308,1,2020-12-17
Maule,7,Teno,7308,1,2020-12-19
Maule,7,Teno,7308,1,2020-12-21
Maule,7,Teno,7308,1,2020-12-24
Maule,7,Teno,7308,1,2020-12-28
Maule,7,Teno,7308,1,2020-12-29
Maule,7,Teno,7308,2,2021-01-01
Maule,7,Teno,7308,1,2021-01-02
Maule,7,Teno,7308,1,2021-01-03
Maule,7,Teno,7308,1,2021-01-04
Maule,7,Teno,7308,2,2021-01-05
Maule,7,Teno,7308,1,2021-01-07
Maule,7,Teno,7308,1,2021-01-12
Maule,7,Teno,7308,1,2021-01-14
Maule,7,Vichuquén,7309,1,2020-01-27
Maule,7,Vichuquén,7309,1,2020-02-08
Maule,7,Vichuquén,7309,1,2020-03-16
Maule,7,Vichuquén,7309,1,2020-05-11
Maule,7,Vichuquén,7309,1,2020-05-25
Maule,7,Vichuquén,7309,1,2020-05-27
Maule,7,Vichuquén,7309,1,2020-06-19
Maule,7,Vichuquén,7309,1,2020-07-22
Maule,7,Vichuquén,7309,1,2020-08-28
Maule,7,Vichuquén,7309,1,2020-09-28
Maule,7,Vichuquén,7309,2,2020-11-30
Maule,7,Vichuquén,7309,1,2020-12-23
Maule,7,Linares,7401,4,2020-01-02
Maule,7,Linares,7401,5,2020-01-03
Maule,7,Linares,7401,5,2020-01-06
Maule,7,Linares,7401,4,2020-01-07
Maule,7,Linares,7401,7,2020-01-08
Maule,7,Linares,7401,4,2020-01-09
Maule,7,Linares,7401,3,2020-01-10
Maule,7,Linares,7401,9,2020-01-13
Maule,7,Linares,7401,4,2020-01-14
Maule,7,Linares,7401,1,2020-01-15
Maule,7,Linares,7401,2,2020-01-16
Maule,7,Linares,7401,6,2020-01-17
Maule,7,Linares,7401,6,2020-01-20
Maule,7,Linares,7401,6,2020-01-21
Maule,7,Linares,7401,2,2020-01-22
Maule,7,Linares,7401,6,2020-01-23
Maule,7,Linares,7401,3,2020-01-24
Maule,7,Linares,7401,12,2020-01-27
Maule,7,Linares,7401,2,2020-01-28
Maule,7,Linares,7401,4,2020-01-29
Maule,7,Linares,7401,2,2020-01-31
Maule,7,Linares,7401,1,2020-02-01
Maule,7,Linares,7401,6,2020-02-03
Maule,7,Linares,7401,4,2020-02-04
Maule,7,Linares,7401,2,2020-02-06
Maule,7,Linares,7401,3,2020-02-07
Maule,7,Linares,7401,9,2020-02-10
Maule,7,Linares,7401,6,2020-02-11
Maule,7,Linares,7401,3,2020-02-12
Maule,7,Linares,7401,4,2020-02-13
Maule,7,Linares,7401,2,2020-02-14
Maule,7,Linares,7401,4,2020-02-17
Maule,7,Linares,7401,6,2020-02-18
Maule,7,Linares,7401,3,2020-02-19
Maule,7,Linares,7401,1,2020-02-21
Maule,7,Linares,7401,9,2020-02-24
Maule,7,Linares,7401,5,2020-02-25
Maule,7,Linares,7401,3,2020-02-26
Maule,7,Linares,7401,2,2020-02-27
Maule,7,Linares,7401,3,2020-02-28
Maule,7,Linares,7401,6,2020-03-02
Maule,7,Linares,7401,5,2020-03-03
Maule,7,Linares,7401,1,2020-03-04
Maule,7,Linares,7401,4,2020-03-05
Maule,7,Linares,7401,2,2020-03-06
Maule,7,Linares,7401,8,2020-03-09
Maule,7,Linares,7401,3,2020-03-10
Maule,7,Linares,7401,2,2020-03-11
Maule,7,Linares,7401,5,2020-03-12
Maule,7,Linares,7401,2,2020-03-13
Maule,7,Linares,7401,8,2020-03-16
Maule,7,Linares,7401,4,2020-03-17
Maule,7,Linares,7401,3,2020-03-18
Maule,7,Linares,7401,2,2020-03-19
Maule,7,Linares,7401,3,2020-03-20
Maule,7,Linares,7401,2,2020-03-23
Maule,7,Linares,7401,4,2020-03-24
Maule,7,Linares,7401,3,2020-03-25
Maule,7,Linares,7401,1,2020-03-26
Maule,7,Linares,7401,5,2020-03-27
Maule,7,Linares,7401,2,2020-03-28
Maule,7,Linares,7401,3,2020-03-29
Maule,7,Linares,7401,3,2020-03-30
Maule,7,Linares,7401,5,2020-03-31
Maule,7,Linares,7401,4,2020-04-01
Maule,7,Linares,7401,5,2020-04-04
Maule,7,Linares,7401,1,2020-04-05
Maule,7,Linares,7401,2,2020-04-06
Maule,7,Linares,7401,2,2020-04-07
Maule,7,Linares,7401,3,2020-04-08
Maule,7,Linares,7401,3,2020-04-09
Maule,7,Linares,7401,4,2020-04-10
Maule,7,Linares,7401,3,2020-04-13
Maule,7,Linares,7401,1,2020-04-14
Maule,7,Linares,7401,2,2020-04-15
Maule,7,Linares,7401,4,2020-04-16
Maule,7,Linares,7401,5,2020-04-17
Maule,7,Linares,7401,1,2020-04-18
Maule,7,Linares,7401,1,2020-04-19
Maule,7,Linares,7401,5,2020-04-20
Maule,7,Linares,7401,2,2020-04-21
Maule,7,Linares,7401,4,2020-04-22
Maule,7,Linares,7401,1,2020-04-23
Maule,7,Linares,7401,5,2020-04-24
Maule,7,Linares,7401,1,2020-04-25
Maule,7,Linares,7401,5,2020-04-27
Maule,7,Linares,7401,4,2020-04-28
Maule,7,Linares,7401,1,2020-04-30
Maule,7,Linares,7401,2,2020-05-01
Maule,7,Linares,7401,1,2020-05-02
Maule,7,Linares,7401,1,2020-05-03
Maule,7,Linares,7401,2,2020-05-04
Maule,7,Linares,7401,3,2020-05-05
Maule,7,Linares,7401,4,2020-05-06
Maule,7,Linares,7401,5,2020-05-07
Maule,7,Linares,7401,2,2020-05-08
Maule,7,Linares,7401,3,2020-05-09
Maule,7,Linares,7401,4,2020-05-11
Maule,7,Linares,7401,2,2020-05-12
Maule,7,Linares,7401,3,2020-05-13
Maule,7,Linares,7401,1,2020-05-14
Maule,7,Linares,7401,2,2020-05-15
Maule,7,Linares,7401,3,2020-05-16
Maule,7,Linares,7401,4,2020-05-17
Maule,7,Linares,7401,4,2020-05-18
Maule,7,Linares,7401,1,2020-05-19
Maule,7,Linares,7401,4,2020-05-20
Maule,7,Linares,7401,3,2020-05-21
Maule,7,Linares,7401,3,2020-05-22
Maule,7,Linares,7401,2,2020-05-23
Maule,7,Linares,7401,4,2020-05-24
Maule,7,Linares,7401,2,2020-05-25
Maule,7,Linares,7401,5,2020-05-26
Maule,7,Linares,7401,3,2020-05-27
Maule,7,Linares,7401,2,2020-05-28
Maule,7,Linares,7401,3,2020-05-29
Maule,7,Linares,7401,1,2020-05-30
Maule,7,Linares,7401,7,2020-06-01
Maule,7,Linares,7401,1,2020-06-02
Maule,7,Linares,7401,4,2020-06-03
Maule,7,Linares,7401,1,2020-06-04
Maule,7,Linares,7401,4,2020-06-05
Maule,7,Linares,7401,4,2020-06-06
Maule,7,Linares,7401,1,2020-06-07
Maule,7,Linares,7401,3,2020-06-08
Maule,7,Linares,7401,6,2020-06-09
Maule,7,Linares,7401,3,2020-06-11
Maule,7,Linares,7401,1,2020-06-12
Maule,7,Linares,7401,3,2020-06-13
Maule,7,Linares,7401,2,2020-06-14
Maule,7,Linares,7401,6,2020-06-15
Maule,7,Linares,7401,1,2020-06-16
Maule,7,Linares,7401,2,2020-06-17
Maule,7,Linares,7401,1,2020-06-18
Maule,7,Linares,7401,8,2020-06-19
Maule,7,Linares,7401,1,2020-06-20
Maule,7,Linares,7401,2,2020-06-21
Maule,7,Linares,7401,1,2020-06-22
Maule,7,Linares,7401,6,2020-06-24
Maule,7,Linares,7401,4,2020-06-26
Maule,7,Linares,7401,1,2020-06-27
Maule,7,Linares,7401,2,2020-06-28
Maule,7,Linares,7401,2,2020-06-29
Maule,7,Linares,7401,3,2020-07-01
Maule,7,Linares,7401,5,2020-07-03
Maule,7,Linares,7401,4,2020-07-04
Maule,7,Linares,7401,2,2020-07-05
Maule,7,Linares,7401,6,2020-07-06
Maule,7,Linares,7401,2,2020-07-07
Maule,7,Linares,7401,5,2020-07-08
Maule,7,Linares,7401,2,2020-07-09
Maule,7,Linares,7401,6,2020-07-10
Maule,7,Linares,7401,3,2020-07-11
Maule,7,Linares,7401,2,2020-07-12
Maule,7,Linares,7401,3,2020-07-13
Maule,7,Linares,7401,5,2020-07-14
Maule,7,Linares,7401,9,2020-07-15
Maule,7,Linares,7401,4,2020-07-16
Maule,7,Linares,7401,5,2020-07-17
Maule,7,Linares,7401,3,2020-07-18
Maule,7,Linares,7401,4,2020-07-19
Maule,7,Linares,7401,5,2020-07-20
Maule,7,Linares,7401,3,2020-07-21
Maule,7,Linares,7401,6,2020-07-22
Maule,7,Linares,7401,3,2020-07-23
Maule,7,Linares,7401,5,2020-07-24
Maule,7,Linares,7401,2,2020-07-25
Maule,7,Linares,7401,3,2020-07-26
Maule,7,Linares,7401,7,2020-07-27
Maule,7,Linares,7401,3,2020-07-28
Maule,7,Linares,7401,3,2020-07-29
Maule,7,Linares,7401,1,2020-07-30
Maule,7,Linares,7401,2,2020-07-31
Maule,7,Linares,7401,2,2020-08-01
Maule,7,Linares,7401,2,2020-08-02
Maule,7,Linares,7401,2,2020-08-03
Maule,7,Linares,7401,4,2020-08-04
Maule,7,Linares,7401,5,2020-08-05
Maule,7,Linares,7401,2,2020-08-06
Maule,7,Linares,7401,5,2020-08-07
Maule,7,Linares,7401,6,2020-08-08
Maule,7,Linares,7401,6,2020-08-10
Maule,7,Linares,7401,2,2020-08-11
Maule,7,Linares,7401,7,2020-08-12
Maule,7,Linares,7401,3,2020-08-13
Maule,7,Linares,7401,5,2020-08-14
Maule,7,Linares,7401,1,2020-08-15
Maule,7,Linares,7401,1,2020-08-16
Maule,7,Linares,7401,7,2020-08-17
Maule,7,Linares,7401,4,2020-08-18
Maule,7,Linares,7401,2,2020-08-19
Maule,7,Linares,7401,1,2020-08-20
Maule,7,Linares,7401,4,2020-08-21
Maule,7,Linares,7401,4,2020-08-22
Maule,7,Linares,7401,1,2020-08-23
Maule,7,Linares,7401,7,2020-08-24
Maule,7,Linares,7401,6,2020-08-25
Maule,7,Linares,7401,5,2020-08-26
Maule,7,Linares,7401,2,2020-08-27
Maule,7,Linares,7401,1,2020-08-28
Maule,7,Linares,7401,1,2020-08-29
Maule,7,Linares,7401,1,2020-08-30
Maule,7,Linares,7401,1,2020-08-31
Maule,7,Linares,7401,1,2020-09-01
Maule,7,Linares,7401,2,2020-09-02
Maule,7,Linares,7401,3,2020-09-03
Maule,7,Linares,7401,8,2020-09-04
Maule,7,Linares,7401,2,2020-09-05
Maule,7,Linares,7401,3,2020-09-06
Maule,7,Linares,7401,4,2020-09-07
Maule,7,Linares,7401,3,2020-09-08
Maule,7,Linares,7401,3,2020-09-09
Maule,7,Linares,7401,2,2020-09-10
Maule,7,Linares,7401,3,2020-09-11
Maule,7,Linares,7401,2,2020-09-12
Maule,7,Linares,7401,2,2020-09-13
Maule,7,Linares,7401,2,2020-09-14
Maule,7,Linares,7401,4,2020-09-15
Maule,7,Linares,7401,2,2020-09-16
Maule,7,Linares,7401,6,2020-09-17
Maule,7,Linares,7401,4,2020-09-18
Maule,7,Linares,7401,2,2020-09-19
Maule,7,Linares,7401,2,2020-09-20
Maule,7,Linares,7401,6,2020-09-21
Maule,7,Linares,7401,2,2020-09-22
Maule,7,Linares,7401,3,2020-09-23
Maule,7,Linares,7401,2,2020-09-24
Maule,7,Linares,7401,4,2020-09-25
Maule,7,Linares,7401,1,2020-09-26
Maule,7,Linares,7401,3,2020-09-27
Maule,7,Linares,7401,2,2020-09-28
Maule,7,Linares,7401,1,2020-09-29
Maule,7,Linares,7401,6,2020-09-30
Maule,7,Linares,7401,2,2020-10-01
Maule,7,Linares,7401,3,2020-10-02
Maule,7,Linares,7401,2,2020-10-03
Maule,7,Linares,7401,1,2020-10-04
Maule,7,Linares,7401,3,2020-10-05
Maule,7,Linares,7401,4,2020-10-06
Maule,7,Linares,7401,2,2020-10-07
Maule,7,Linares,7401,1,2020-10-08
Maule,7,Linares,7401,8,2020-10-09
Maule,7,Linares,7401,2,2020-10-10
Maule,7,Linares,7401,2,2020-10-11
Maule,7,Linares,7401,2,2020-10-12
Maule,7,Linares,7401,2,2020-10-13
Maule,7,Linares,7401,3,2020-10-14
Maule,7,Linares,7401,7,2020-10-15
Maule,7,Linares,7401,2,2020-10-16
Maule,7,Linares,7401,1,2020-10-17
Maule,7,Linares,7401,1,2020-10-18
Maule,7,Linares,7401,6,2020-10-19
Maule,7,Linares,7401,3,2020-10-20
Maule,7,Linares,7401,3,2020-10-21
Maule,7,Linares,7401,3,2020-10-22
Maule,7,Linares,7401,2,2020-10-23
Maule,7,Linares,7401,4,2020-10-24
Maule,7,Linares,7401,5,2020-10-26
Maule,7,Linares,7401,5,2020-10-27
Maule,7,Linares,7401,3,2020-10-28
Maule,7,Linares,7401,1,2020-10-29
Maule,7,Linares,7401,3,2020-10-30
Maule,7,Linares,7401,2,2020-10-31
Maule,7,Linares,7401,2,2020-11-01
Maule,7,Linares,7401,5,2020-11-02
Maule,7,Linares,7401,4,2020-11-03
Maule,7,Linares,7401,4,2020-11-04
Maule,7,Linares,7401,2,2020-11-05
Maule,7,Linares,7401,1,2020-11-07
Maule,7,Linares,7401,2,2020-11-08
Maule,7,Linares,7401,4,2020-11-09
Maule,7,Linares,7401,2,2020-11-10
Maule,7,Linares,7401,4,2020-11-11
Maule,7,Linares,7401,4,2020-11-12
Maule,7,Linares,7401,5,2020-11-13
Maule,7,Linares,7401,1,2020-11-14
Maule,7,Linares,7401,5,2020-11-16
Maule,7,Linares,7401,8,2020-11-17
Maule,7,Linares,7401,3,2020-11-18
Maule,7,Linares,7401,1,2020-11-19
Maule,7,Linares,7401,2,2020-11-20
Maule,7,Linares,7401,1,2020-11-21
Maule,7,Linares,7401,3,2020-11-22
Maule,7,Linares,7401,7,2020-11-23
Maule,7,Linares,7401,3,2020-11-24
Maule,7,Linares,7401,1,2020-11-25
Maule,7,Linares,7401,1,2020-11-26
Maule,7,Linares,7401,3,2020-11-27
Maule,7,Linares,7401,1,2020-11-28
Maule,7,Linares,7401,1,2020-11-29
Maule,7,Linares,7401,7,2020-11-30
Maule,7,Linares,7401,2,2020-12-01
Maule,7,Linares,7401,1,2020-12-02
Maule,7,Linares,7401,3,2020-12-03
Maule,7,Linares,7401,4,2020-12-04
Maule,7,Linares,7401,1,2020-12-05
Maule,7,Linares,7401,1,2020-12-06
Maule,7,Linares,7401,1,2020-12-07
Maule,7,Linares,7401,2,2020-12-08
Maule,7,Linares,7401,6,2020-12-09
Maule,7,Linares,7401,1,2020-12-10
Maule,7,Linares,7401,6,2020-12-11
Maule,7,Linares,7401,2,2020-12-12
Maule,7,Linares,7401,4,2020-12-14
Maule,7,Linares,7401,6,2020-12-15
Maule,7,Linares,7401,5,2020-12-16
Maule,7,Linares,7401,4,2020-12-17
Maule,7,Linares,7401,4,2020-12-18
Maule,7,Linares,7401,6,2020-12-20
Maule,7,Linares,7401,7,2020-12-21
Maule,7,Linares,7401,2,2020-12-22
Maule,7,Linares,7401,3,2020-12-23
Maule,7,Linares,7401,5,2020-12-24
Maule,7,Linares,7401,1,2020-12-27
Maule,7,Linares,7401,4,2020-12-28
Maule,7,Linares,7401,5,2020-12-29
Maule,7,Linares,7401,4,2020-12-30
Maule,7,Linares,7401,1,2020-12-31
Maule,7,Linares,7401,3,2021-01-01
Maule,7,Linares,7401,2,2021-01-02
Maule,7,Linares,7401,2,2021-01-03
Maule,7,Linares,7401,11,2021-01-04
Maule,7,Linares,7401,3,2021-01-05
Maule,7,Linares,7401,2,2021-01-06
Maule,7,Linares,7401,1,2021-01-07
Maule,7,Linares,7401,5,2021-01-08
Maule,7,Linares,7401,1,2021-01-10
Maule,7,Linares,7401,4,2021-01-11
Maule,7,Linares,7401,2,2021-01-12
Maule,7,Linares,7401,1,2021-01-13
Maule,7,Colbún,7402,1,2020-01-14
Maule,7,Colbún,7402,1,2020-01-17
Maule,7,Colbún,7402,1,2020-01-21
Maule,7,Colbún,7402,1,2020-01-27
Maule,7,Colbún,7402,1,2020-02-10
Maule,7,Colbún,7402,1,2020-02-11
Maule,7,Colbún,7402,2,2020-03-09
Maule,7,Colbún,7402,1,2020-03-23
Maule,7,Colbún,7402,1,2020-03-24
Maule,7,Colbún,7402,1,2020-04-02
Maule,7,Colbún,7402,1,2020-04-08
Maule,7,Colbún,7402,2,2020-04-14
Maule,7,Colbún,7402,2,2020-04-15
Maule,7,Colbún,7402,1,2020-04-21
Maule,7,Colbún,7402,1,2020-04-24
Maule,7,Colbún,7402,1,2020-05-01
Maule,7,Colbún,7402,1,2020-05-06
Maule,7,Colbún,7402,1,2020-05-12
Maule,7,Colbún,7402,1,2020-05-15
Maule,7,Colbún,7402,1,2020-05-22
Maule,7,Colbún,7402,2,2020-05-26
Maule,7,Colbún,7402,1,2020-05-28
Maule,7,Colbún,7402,1,2020-05-30
Maule,7,Colbún,7402,1,2020-06-01
Maule,7,Colbún,7402,3,2020-06-02
Maule,7,Colbún,7402,2,2020-06-03
Maule,7,Colbún,7402,2,2020-06-09
Maule,7,Colbún,7402,2,2020-06-16
Maule,7,Colbún,7402,1,2020-06-18
Maule,7,Colbún,7402,1,2020-06-19
Maule,7,Colbún,7402,1,2020-06-23
Maule,7,Colbún,7402,1,2020-06-26
Maule,7,Colbún,7402,1,2020-06-30
Maule,7,Colbún,7402,2,2020-07-07
Maule,7,Colbún,7402,2,2020-07-08
Maule,7,Colbún,7402,1,2020-07-10
Maule,7,Colbún,7402,2,2020-07-14
Maule,7,Colbún,7402,1,2020-07-19
Maule,7,Colbún,7402,2,2020-07-21
Maule,7,Colbún,7402,1,2020-07-23
Maule,7,Colbún,7402,1,2020-07-28
Maule,7,Colbún,7402,2,2020-07-31
Maule,7,Colbún,7402,1,2020-08-07
Maule,7,Colbún,7402,1,2020-08-19
Maule,7,Colbún,7402,1,2020-08-20
Maule,7,Colbún,7402,1,2020-08-21
Maule,7,Colbún,7402,1,2020-08-28
Maule,7,Colbún,7402,2,2020-09-01
Maule,7,Colbún,7402,1,2020-09-08
Maule,7,Colbún,7402,2,2020-09-09
Maule,7,Colbún,7402,1,2020-09-14
Maule,7,Colbún,7402,1,2020-09-16
Maule,7,Colbún,7402,1,2020-09-22
Maule,7,Colbún,7402,1,2020-09-29
Maule,7,Colbún,7402,1,2020-10-05
Maule,7,Colbún,7402,1,2020-10-08
Maule,7,Colbún,7402,1,2020-10-15
Maule,7,Colbún,7402,1,2020-10-17
Maule,7,Colbún,7402,1,2020-10-19
Maule,7,Colbún,7402,2,2020-10-26
Maule,7,Colbún,7402,1,2020-10-27
Maule,7,Colbún,7402,2,2020-11-02
Maule,7,Colbún,7402,1,2020-11-10
Maule,7,Colbún,7402,2,2020-11-13
Maule,7,Colbún,7402,1,2020-11-19
Maule,7,Colbún,7402,2,2020-11-23
Maule,7,Colbún,7402,1,2020-11-25
Maule,7,Colbún,7402,1,2020-11-28
Maule,7,Colbún,7402,1,2020-11-30
Maule,7,Colbún,7402,1,2020-12-01
Maule,7,Colbún,7402,2,2020-12-09
Maule,7,Colbún,7402,1,2020-12-14
Maule,7,Colbún,7402,1,2020-12-19
Maule,7,Colbún,7402,1,2020-12-21
Maule,7,Colbún,7402,1,2020-12-24
Maule,7,Colbún,7402,2,2020-12-28
Maule,7,Longaví,7403,2,2020-01-06
Maule,7,Longaví,7403,1,2020-01-27
Maule,7,Longaví,7403,1,2020-01-28
Maule,7,Longaví,7403,1,2020-01-30
Maule,7,Longaví,7403,2,2020-02-03
Maule,7,Longaví,7403,1,2020-02-06
Maule,7,Longaví,7403,1,2020-02-07
Maule,7,Longaví,7403,1,2020-02-13
Maule,7,Longaví,7403,2,2020-02-20
Maule,7,Longaví,7403,1,2020-02-24
Maule,7,Longaví,7403,2,2020-03-02
Maule,7,Longaví,7403,1,2020-03-04
Maule,7,Longaví,7403,1,2020-03-06
Maule,7,Longaví,7403,1,2020-03-12
Maule,7,Longaví,7403,1,2020-03-13
Maule,7,Longaví,7403,1,2020-03-16
Maule,7,Longaví,7403,1,2020-03-20
Maule,7,Longaví,7403,1,2020-03-22
Maule,7,Longaví,7403,1,2020-03-25
Maule,7,Longaví,7403,1,2020-03-29
Maule,7,Longaví,7403,1,2020-04-08
Maule,7,Longaví,7403,1,2020-04-09
Maule,7,Longaví,7403,1,2020-04-11
Maule,7,Longaví,7403,1,2020-04-14
Maule,7,Longaví,7403,2,2020-04-24
Maule,7,Longaví,7403,2,2020-04-28
Maule,7,Longaví,7403,1,2020-05-04
Maule,7,Longaví,7403,1,2020-05-06
Maule,7,Longaví,7403,2,2020-05-11
Maule,7,Longaví,7403,1,2020-05-14
Maule,7,Longaví,7403,1,2020-05-18
Maule,7,Longaví,7403,1,2020-05-20
Maule,7,Longaví,7403,1,2020-05-25
Maule,7,Longaví,7403,2,2020-06-02
Maule,7,Longaví,7403,1,2020-06-04
Maule,7,Longaví,7403,1,2020-06-09
Maule,7,Longaví,7403,2,2020-06-11
Maule,7,Longaví,7403,1,2020-06-16
Maule,7,Longaví,7403,1,2020-06-22
Maule,7,Longaví,7403,1,2020-06-23
Maule,7,Longaví,7403,1,2020-06-25
Maule,7,Longaví,7403,1,2020-06-26
Maule,7,Longaví,7403,1,2020-06-28
Maule,7,Longaví,7403,1,2020-06-30
Maule,7,Longaví,7403,1,2020-07-03
Maule,7,Longaví,7403,1,2020-07-04
Maule,7,Longaví,7403,1,2020-07-07
Maule,7,Longaví,7403,1,2020-07-08
Maule,7,Longaví,7403,3,2020-07-11
Maule,7,Longaví,7403,1,2020-07-13
Maule,7,Longaví,7403,2,2020-07-21
Maule,7,Longaví,7403,1,2020-07-22
Maule,7,Longaví,7403,1,2020-07-23
Maule,7,Longaví,7403,1,2020-07-25
Maule,7,Longaví,7403,1,2020-07-29
Maule,7,Longaví,7403,1,2020-08-10
Maule,7,Longaví,7403,1,2020-08-13
Maule,7,Longaví,7403,1,2020-08-14
Maule,7,Longaví,7403,1,2020-08-16
Maule,7,Longaví,7403,1,2020-08-21
Maule,7,Longaví,7403,1,2020-08-27
Maule,7,Longaví,7403,2,2020-08-28
Maule,7,Longaví,7403,1,2020-09-01
Maule,7,Longaví,7403,1,2020-09-07
Maule,7,Longaví,7403,2,2020-09-10
Maule,7,Longaví,7403,2,2020-09-14
Maule,7,Longaví,7403,1,2020-09-15
Maule,7,Longaví,7403,2,2020-09-28
Maule,7,Longaví,7403,1,2020-09-29
Maule,7,Longaví,7403,1,2020-10-01
Maule,7,Longaví,7403,1,2020-10-08
Maule,7,Longaví,7403,1,2020-10-13
Maule,7,Longaví,7403,2,2020-10-16
Maule,7,Longaví,7403,1,2020-10-19
Maule,7,Longaví,7403,1,2020-10-22
Maule,7,Longaví,7403,1,2020-10-26
Maule,7,Longaví,7403,1,2020-10-30
Maule,7,Longaví,7403,1,2020-11-02
Maule,7,Longaví,7403,1,2020-11-03
Maule,7,Longaví,7403,1,2020-11-13
Maule,7,Longaví,7403,1,2020-11-16
Maule,7,Longaví,7403,1,2020-11-17
Maule,7,Longaví,7403,3,2020-11-23
Maule,7,Longaví,7403,1,2020-11-24
Maule,7,Longaví,7403,1,2020-12-01
Maule,7,Longaví,7403,3,2020-12-07
Maule,7,Longaví,7403,2,2020-12-14
Maule,7,Longaví,7403,1,2020-12-30
Maule,7,Longaví,7403,1,2020-12-31
Maule,7,Longaví,7403,1,2021-01-01
Maule,7,Longaví,7403,1,2021-01-04
Maule,7,Longaví,7403,1,2021-01-06
Maule,7,Longaví,7403,1,2021-01-07
Maule,7,Longaví,7403,1,2021-01-08
Maule,7,Longaví,7403,1,2021-01-14
Maule,7,Parral,7404,1,2020-01-03
Maule,7,Parral,7404,3,2020-01-06
Maule,7,Parral,7404,1,2020-01-07
Maule,7,Parral,7404,1,2020-01-08
Maule,7,Parral,7404,2,2020-01-10
Maule,7,Parral,7404,6,2020-01-13
Maule,7,Parral,7404,1,2020-01-14
Maule,7,Parral,7404,1,2020-01-15
Maule,7,Parral,7404,1,2020-01-16
Maule,7,Parral,7404,1,2020-01-17
Maule,7,Parral,7404,3,2020-01-20
Maule,7,Parral,7404,1,2020-01-23
Maule,7,Parral,7404,1,2020-01-24
Maule,7,Parral,7404,1,2020-01-27
Maule,7,Parral,7404,2,2020-01-28
Maule,7,Parral,7404,2,2020-01-29
Maule,7,Parral,7404,1,2020-01-30
Maule,7,Parral,7404,5,2020-02-03
Maule,7,Parral,7404,1,2020-02-04
Maule,7,Parral,7404,1,2020-02-05
Maule,7,Parral,7404,1,2020-02-06
Maule,7,Parral,7404,1,2020-02-07
Maule,7,Parral,7404,3,2020-02-10
Maule,7,Parral,7404,1,2020-02-11
Maule,7,Parral,7404,1,2020-02-12
Maule,7,Parral,7404,5,2020-02-17
Maule,7,Parral,7404,1,2020-02-19
Maule,7,Parral,7404,1,2020-02-21
Maule,7,Parral,7404,3,2020-02-24
Maule,7,Parral,7404,2,2020-02-25
Maule,7,Parral,7404,2,2020-02-26
Maule,7,Parral,7404,1,2020-02-27
Maule,7,Parral,7404,1,2020-02-28
Maule,7,Parral,7404,4,2020-03-02
Maule,7,Parral,7404,3,2020-03-09
Maule,7,Parral,7404,1,2020-03-10
Maule,7,Parral,7404,1,2020-03-16
Maule,7,Parral,7404,1,2020-03-17
Maule,7,Parral,7404,1,2020-03-18
Maule,7,Parral,7404,1,2020-03-22
Maule,7,Parral,7404,2,2020-03-24
Maule,7,Parral,7404,3,2020-03-25
Maule,7,Parral,7404,1,2020-03-26
Maule,7,Parral,7404,4,2020-03-30
Maule,7,Parral,7404,6,2020-04-03
Maule,7,Parral,7404,2,2020-04-06
Maule,7,Parral,7404,2,2020-04-08
Maule,7,Parral,7404,1,2020-04-10
Maule,7,Parral,7404,1,2020-04-12
Maule,7,Parral,7404,4,2020-04-13
Maule,7,Parral,7404,3,2020-04-15
Maule,7,Parral,7404,2,2020-04-16
Maule,7,Parral,7404,2,2020-04-20
Maule,7,Parral,7404,1,2020-04-21
Maule,7,Parral,7404,1,2020-04-23
Maule,7,Parral,7404,1,2020-04-24
Maule,7,Parral,7404,1,2020-04-25
Maule,7,Parral,7404,1,2020-04-27
Maule,7,Parral,7404,3,2020-04-29
Maule,7,Parral,7404,1,2020-04-30
Maule,7,Parral,7404,2,2020-05-01
Maule,7,Parral,7404,3,2020-05-04
Maule,7,Parral,7404,2,2020-05-11
Maule,7,Parral,7404,2,2020-05-15
Maule,7,Parral,7404,1,2020-05-17
Maule,7,Parral,7404,3,2020-05-18
Maule,7,Parral,7404,1,2020-05-20
Maule,7,Parral,7404,5,2020-05-25
Maule,7,Parral,7404,2,2020-05-26
Maule,7,Parral,7404,3,2020-05-28
Maule,7,Parral,7404,1,2020-05-29
Maule,7,Parral,7404,3,2020-05-30
Maule,7,Parral,7404,4,2020-06-01
Maule,7,Parral,7404,3,2020-06-02
Maule,7,Parral,7404,1,2020-06-03
Maule,7,Parral,7404,1,2020-06-04
Maule,7,Parral,7404,1,2020-06-05
Maule,7,Parral,7404,2,2020-06-08
Maule,7,Parral,7404,1,2020-06-09
Maule,7,Parral,7404,1,2020-06-10
Maule,7,Parral,7404,3,2020-06-12
Maule,7,Parral,7404,5,2020-06-15
Maule,7,Parral,7404,1,2020-06-16
Maule,7,Parral,7404,2,2020-06-19
Maule,7,Parral,7404,1,2020-06-22
Maule,7,Parral,7404,1,2020-06-23
Maule,7,Parral,7404,1,2020-06-26
Maule,7,Parral,7404,2,2020-06-27
Maule,7,Parral,7404,1,2020-06-30
Maule,7,Parral,7404,1,2020-07-01
Maule,7,Parral,7404,1,2020-07-02
Maule,7,Parral,7404,2,2020-07-03
Maule,7,Parral,7404,1,2020-07-06
Maule,7,Parral,7404,1,2020-07-07
Maule,7,Parral,7404,1,2020-07-08
Maule,7,Parral,7404,1,2020-07-10
Maule,7,Parral,7404,1,2020-07-15
Maule,7,Parral,7404,2,2020-07-17
Maule,7,Parral,7404,4,2020-07-20
Maule,7,Parral,7404,3,2020-07-21
Maule,7,Parral,7404,1,2020-07-23
Maule,7,Parral,7404,1,2020-07-29
Maule,7,Parral,7404,2,2020-07-31
Maule,7,Parral,7404,3,2020-08-03
Maule,7,Parral,7404,1,2020-08-04
Maule,7,Parral,7404,3,2020-08-07
Maule,7,Parral,7404,2,2020-08-10
Maule,7,Parral,7404,1,2020-08-12
Maule,7,Parral,7404,2,2020-08-13
Maule,7,Parral,7404,2,2020-08-17
Maule,7,Parral,7404,3,2020-08-18
Maule,7,Parral,7404,2,2020-08-19
Maule,7,Parral,7404,1,2020-08-21
Maule,7,Parral,7404,1,2020-08-23
Maule,7,Parral,7404,1,2020-08-24
Maule,7,Parral,7404,1,2020-08-26
Maule,7,Parral,7404,2,2020-08-27
Maule,7,Parral,7404,1,2020-08-28
Maule,7,Parral,7404,1,2020-08-31
Maule,7,Parral,7404,1,2020-09-02
Maule,7,Parral,7404,1,2020-09-04
Maule,7,Parral,7404,2,2020-09-07
Maule,7,Parral,7404,6,2020-09-14
Maule,7,Parral,7404,2,2020-09-15
Maule,7,Parral,7404,1,2020-09-17
Maule,7,Parral,7404,1,2020-09-18
Maule,7,Parral,7404,2,2020-09-21
Maule,7,Parral,7404,1,2020-09-22
Maule,7,Parral,7404,1,2020-09-23
Maule,7,Parral,7404,2,2020-09-25
Maule,7,Parral,7404,3,2020-09-28
Maule,7,Parral,7404,1,2020-10-02
Maule,7,Parral,7404,1,2020-10-03
Maule,7,Parral,7404,2,2020-10-05
Maule,7,Parral,7404,1,2020-10-07
Maule,7,Parral,7404,2,2020-10-08
Maule,7,Parral,7404,2,2020-10-09
Maule,7,Parral,7404,1,2020-10-12
Maule,7,Parral,7404,4,2020-10-13
Maule,7,Parral,7404,1,2020-10-15
Maule,7,Parral,7404,2,2020-10-16
Maule,7,Parral,7404,3,2020-10-19
Maule,7,Parral,7404,1,2020-10-23
Maule,7,Parral,7404,2,2020-10-26
Maule,7,Parral,7404,1,2020-10-27
Maule,7,Parral,7404,4,2020-10-29
Maule,7,Parral,7404,2,2020-11-02
Maule,7,Parral,7404,1,2020-11-03
Maule,7,Parral,7404,2,2020-11-04
Maule,7,Parral,7404,2,2020-11-05
Maule,7,Parral,7404,2,2020-11-06
Maule,7,Parral,7404,5,2020-11-09
Maule,7,Parral,7404,1,2020-11-12
Maule,7,Parral,7404,1,2020-11-13
Maule,7,Parral,7404,1,2020-11-16
Maule,7,Parral,7404,2,2020-11-17
Maule,7,Parral,7404,1,2020-11-18
Maule,7,Parral,7404,1,2020-11-20
Maule,7,Parral,7404,1,2020-11-21
Maule,7,Parral,7404,3,2020-11-23
Maule,7,Parral,7404,1,2020-11-24
Maule,7,Parral,7404,1,2020-11-25
Maule,7,Parral,7404,2,2020-11-26
Maule,7,Parral,7404,5,2020-11-30
Maule,7,Parral,7404,2,2020-12-01
Maule,7,Parral,7404,2,2020-12-04
Maule,7,Parral,7404,1,2020-12-05
Maule,7,Parral,7404,2,2020-12-09
Maule,7,Parral,7404,3,2020-12-14
Maule,7,Parral,7404,3,2020-12-21
Maule,7,Parral,7404,1,2020-12-22
Maule,7,Parral,7404,2,2020-12-24
Maule,7,Parral,7404,1,2020-12-26
Maule,7,Parral,7404,7,2020-12-28
Maule,7,Parral,7404,4,2020-12-30
Maule,7,Parral,7404,1,2021-01-01
Maule,7,Parral,7404,2,2021-01-04
Maule,7,Parral,7404,5,2021-01-05
Maule,7,Parral,7404,1,2021-01-07
Maule,7,Parral,7404,1,2021-01-08
Maule,7,Parral,7404,2,2021-01-11
Maule,7,Parral,7404,1,2021-01-14
Maule,7,Retiro,7405,1,2020-01-09
Maule,7,Retiro,7405,1,2020-01-13
Maule,7,Retiro,7405,1,2020-01-20
Maule,7,Retiro,7405,1,2020-01-24
Maule,7,Retiro,7405,1,2020-01-27
Maule,7,Retiro,7405,1,2020-01-29
Maule,7,Retiro,7405,1,2020-02-07
Maule,7,Retiro,7405,1,2020-02-17
Maule,7,Retiro,7405,1,2020-02-27
Maule,7,Retiro,7405,1,2020-03-09
Maule,7,Retiro,7405,1,2020-03-25
Maule,7,Retiro,7405,1,2020-04-03
Maule,7,Retiro,7405,3,2020-04-09
Maule,7,Retiro,7405,1,2020-04-12
Maule,7,Retiro,7405,1,2020-04-16
Maule,7,Retiro,7405,1,2020-04-17
Maule,7,Retiro,7405,1,2020-05-05
Maule,7,Retiro,7405,1,2020-05-15
Maule,7,Retiro,7405,1,2020-05-26
Maule,7,Retiro,7405,1,2020-06-02
Maule,7,Retiro,7405,1,2020-06-05
Maule,7,Retiro,7405,1,2020-06-08
Maule,7,Retiro,7405,1,2020-06-09
Maule,7,Retiro,7405,1,2020-06-11
Maule,7,Retiro,7405,1,2020-06-22
Maule,7,Retiro,7405,1,2020-07-04
Maule,7,Retiro,7405,1,2020-07-08
Maule,7,Retiro,7405,1,2020-07-20
Maule,7,Retiro,7405,1,2020-07-21
Maule,7,Retiro,7405,1,2020-08-07
Maule,7,Retiro,7405,1,2020-08-08
Maule,7,Retiro,7405,1,2020-08-12
Maule,7,Retiro,7405,1,2020-08-16
Maule,7,Retiro,7405,1,2020-08-19
Maule,7,Retiro,7405,1,2020-08-21
Maule,7,Retiro,7405,1,2020-08-28
Maule,7,Retiro,7405,1,2020-08-31
Maule,7,Retiro,7405,1,2020-09-10
Maule,7,Retiro,7405,1,2020-09-11
Maule,7,Retiro,7405,1,2020-09-17
Maule,7,Retiro,7405,1,2020-09-21
Maule,7,Retiro,7405,1,2020-09-28
Maule,7,Retiro,7405,1,2020-09-29
Maule,7,Retiro,7405,1,2020-10-05
Maule,7,Retiro,7405,1,2020-10-09
Maule,7,Retiro,7405,1,2020-10-13
Maule,7,Retiro,7405,1,2020-10-16
Maule,7,Retiro,7405,1,2020-10-19
Maule,7,Retiro,7405,1,2020-10-23
Maule,7,Retiro,7405,1,2020-10-28
Maule,7,Retiro,7405,1,2020-10-29
Maule,7,Retiro,7405,1,2020-10-30
Maule,7,Retiro,7405,1,2020-11-06
Maule,7,Retiro,7405,1,2020-11-13
Maule,7,Retiro,7405,2,2020-11-16
Maule,7,Retiro,7405,1,2020-11-17
Maule,7,Retiro,7405,2,2020-12-04
Maule,7,Retiro,7405,1,2020-12-05
Maule,7,Retiro,7405,2,2020-12-09
Maule,7,Retiro,7405,1,2020-12-11
Maule,7,Retiro,7405,2,2020-12-17
Maule,7,Retiro,7405,1,2020-12-18
Maule,7,Retiro,7405,1,2020-12-23
Maule,7,Retiro,7405,1,2020-12-24
Maule,7,Retiro,7405,2,2020-12-28
Maule,7,Retiro,7405,1,2020-12-30
Maule,7,Retiro,7405,1,2021-01-12
Maule,7,San Javier,7406,3,2020-01-02
Maule,7,San Javier,7406,2,2020-01-03
Maule,7,San Javier,7406,4,2020-01-06
Maule,7,San Javier,7406,1,2020-01-08
Maule,7,San Javier,7406,1,2020-01-10
Maule,7,San Javier,7406,1,2020-01-13
Maule,7,San Javier,7406,3,2020-01-14
Maule,7,San Javier,7406,1,2020-01-16
Maule,7,San Javier,7406,1,2020-01-17
Maule,7,San Javier,7406,1,2020-01-20
Maule,7,San Javier,7406,2,2020-01-21
Maule,7,San Javier,7406,1,2020-01-22
Maule,7,San Javier,7406,2,2020-01-23
Maule,7,San Javier,7406,1,2020-01-24
Maule,7,San Javier,7406,2,2020-01-27
Maule,7,San Javier,7406,1,2020-01-28
Maule,7,San Javier,7406,2,2020-01-29
Maule,7,San Javier,7406,2,2020-02-03
Maule,7,San Javier,7406,1,2020-02-06
Maule,7,San Javier,7406,2,2020-02-10
Maule,7,San Javier,7406,1,2020-02-11
Maule,7,San Javier,7406,1,2020-02-14
Maule,7,San Javier,7406,2,2020-02-17
Maule,7,San Javier,7406,1,2020-02-21
Maule,7,San Javier,7406,1,2020-02-24
Maule,7,San Javier,7406,1,2020-02-26
Maule,7,San Javier,7406,1,2020-02-27
Maule,7,San Javier,7406,1,2020-02-28
Maule,7,San Javier,7406,2,2020-03-02
Maule,7,San Javier,7406,3,2020-03-10
Maule,7,San Javier,7406,1,2020-03-17
Maule,7,San Javier,7406,1,2020-03-18
Maule,7,San Javier,7406,1,2020-03-19
Maule,7,San Javier,7406,2,2020-03-23
Maule,7,San Javier,7406,1,2020-03-26
Maule,7,San Javier,7406,1,2020-03-27
Maule,7,San Javier,7406,1,2020-03-30
Maule,7,San Javier,7406,1,2020-04-01
Maule,7,San Javier,7406,2,2020-04-03
Maule,7,San Javier,7406,2,2020-04-11
Maule,7,San Javier,7406,2,2020-04-13
Maule,7,San Javier,7406,1,2020-04-15
Maule,7,San Javier,7406,1,2020-04-17
Maule,7,San Javier,7406,2,2020-04-20
Maule,7,San Javier,7406,2,2020-04-22
Maule,7,San Javier,7406,3,2020-04-29
Maule,7,San Javier,7406,1,2020-05-01
Maule,7,San Javier,7406,1,2020-05-04
Maule,7,San Javier,7406,1,2020-05-06
Maule,7,San Javier,7406,1,2020-05-08
Maule,7,San Javier,7406,1,2020-05-11
Maule,7,San Javier,7406,3,2020-05-13
Maule,7,San Javier,7406,2,2020-05-15
Maule,7,San Javier,7406,1,2020-05-18
Maule,7,San Javier,7406,2,2020-05-20
Maule,7,San Javier,7406,2,2020-05-22
Maule,7,San Javier,7406,2,2020-05-25
Maule,7,San Javier,7406,2,2020-06-01
Maule,7,San Javier,7406,1,2020-06-02
Maule,7,San Javier,7406,1,2020-06-03
Maule,7,San Javier,7406,3,2020-06-08
Maule,7,San Javier,7406,1,2020-06-09
Maule,7,San Javier,7406,1,2020-06-10
Maule,7,San Javier,7406,4,2020-06-17
Maule,7,San Javier,7406,1,2020-06-18
Maule,7,San Javier,7406,4,2020-06-19
Maule,7,San Javier,7406,5,2020-06-22
Maule,7,San Javier,7406,3,2020-06-24
Maule,7,San Javier,7406,1,2020-06-26
Maule,7,San Javier,7406,4,2020-06-27
Maule,7,San Javier,7406,1,2020-06-28
Maule,7,San Javier,7406,1,2020-06-29
Maule,7,San Javier,7406,1,2020-06-30
Maule,7,San Javier,7406,4,2020-07-03
Maule,7,San Javier,7406,3,2020-07-06
Maule,7,San Javier,7406,3,2020-07-08
Maule,7,San Javier,7406,1,2020-07-09
Maule,7,San Javier,7406,2,2020-07-10
Maule,7,San Javier,7406,5,2020-07-13
Maule,7,San Javier,7406,1,2020-07-17
Maule,7,San Javier,7406,1,2020-07-19
Maule,7,San Javier,7406,1,2020-07-22
Maule,7,San Javier,7406,1,2020-07-23
Maule,7,San Javier,7406,3,2020-07-24
Maule,7,San Javier,7406,5,2020-07-27
Maule,7,San Javier,7406,1,2020-07-29
Maule,7,San Javier,7406,2,2020-07-31
Maule,7,San Javier,7406,3,2020-08-03
Maule,7,San Javier,7406,1,2020-08-07
Maule,7,San Javier,7406,2,2020-08-10
Maule,7,San Javier,7406,1,2020-08-14
Maule,7,San Javier,7406,8,2020-08-17
Maule,7,San Javier,7406,2,2020-08-19
Maule,7,San Javier,7406,3,2020-08-20
Maule,7,San Javier,7406,5,2020-08-21
Maule,7,San Javier,7406,4,2020-08-24
Maule,7,San Javier,7406,2,2020-08-25
Maule,7,San Javier,7406,1,2020-08-28
Maule,7,San Javier,7406,2,2020-08-31
Maule,7,San Javier,7406,1,2020-09-02
Maule,7,San Javier,7406,1,2020-09-03
Maule,7,San Javier,7406,2,2020-09-04
Maule,7,San Javier,7406,2,2020-09-07
Maule,7,San Javier,7406,1,2020-09-08
Maule,7,San Javier,7406,1,2020-09-10
Maule,7,San Javier,7406,1,2020-09-11
Maule,7,San Javier,7406,5,2020-09-14
Maule,7,San Javier,7406,2,2020-09-23
Maule,7,San Javier,7406,2,2020-09-25
Maule,7,San Javier,7406,6,2020-09-28
Maule,7,San Javier,7406,1,2020-09-29
Maule,7,San Javier,7406,3,2020-09-30
Maule,7,San Javier,7406,4,2020-10-05
Maule,7,San Javier,7406,1,2020-10-07
Maule,7,San Javier,7406,1,2020-10-08
Maule,7,San Javier,7406,2,2020-10-09
Maule,7,San Javier,7406,1,2020-10-10
Maule,7,San Javier,7406,1,2020-10-12
Maule,7,San Javier,7406,4,2020-10-13
Maule,7,San Javier,7406,1,2020-10-15
Maule,7,San Javier,7406,5,2020-10-19
Maule,7,San Javier,7406,1,2020-10-20
Maule,7,San Javier,7406,1,2020-10-21
Maule,7,San Javier,7406,1,2020-10-25
Maule,7,San Javier,7406,1,2020-10-26
Maule,7,San Javier,7406,1,2020-10-27
Maule,7,San Javier,7406,1,2020-10-28
Maule,7,San Javier,7406,3,2020-11-02
Maule,7,San Javier,7406,1,2020-11-05
Maule,7,San Javier,7406,2,2020-11-06
Maule,7,San Javier,7406,2,2020-11-09
Maule,7,San Javier,7406,2,2020-11-12
Maule,7,San Javier,7406,2,2020-11-13
Maule,7,San Javier,7406,1,2020-11-16
Maule,7,San Javier,7406,1,2020-11-18
Maule,7,San Javier,7406,4,2020-11-23
Maule,7,San Javier,7406,2,2020-11-25
Maule,7,San Javier,7406,1,2020-11-26
Maule,7,San Javier,7406,1,2020-11-27
Maule,7,San Javier,7406,1,2020-11-30
Maule,7,San Javier,7406,5,2020-12-02
Maule,7,San Javier,7406,1,2020-12-03
Maule,7,San Javier,7406,2,2020-12-07
Maule,7,San Javier,7406,1,2020-12-10
Maule,7,San Javier,7406,1,2020-12-14
Maule,7,San Javier,7406,2,2020-12-15
Maule,7,San Javier,7406,1,2020-12-16
Maule,7,San Javier,7406,1,2020-12-17
Maule,7,San Javier,7406,3,2020-12-18
Maule,7,San Javier,7406,4,2020-12-21
Maule,7,San Javier,7406,3,2020-12-22
Maule,7,San Javier,7406,4,2020-12-24
Maule,7,San Javier,7406,1,2020-12-28
Maule,7,San Javier,7406,1,2020-12-29
Maule,7,San Javier,7406,3,2020-12-30
Maule,7,San Javier,7406,1,2021-01-01
Maule,7,San Javier,7406,1,2021-01-02
Maule,7,San Javier,7406,2,2021-01-04
Maule,7,San Javier,7406,1,2021-01-05
Maule,7,San Javier,7406,1,2021-01-07
Maule,7,San Javier,7406,3,2021-01-11
Maule,7,San Javier,7406,2,2021-01-13
Maule,7,Villa Alegre,7407,1,2020-01-06
Maule,7,Villa Alegre,7407,1,2020-01-14
Maule,7,Villa Alegre,7407,1,2020-01-16
Maule,7,Villa Alegre,7407,1,2020-02-03
Maule,7,Villa Alegre,7407,1,2020-02-10
Maule,7,Villa Alegre,7407,1,2020-02-13
Maule,7,Villa Alegre,7407,1,2020-02-19
Maule,7,Villa Alegre,7407,1,2020-02-24
Maule,7,Villa Alegre,7407,1,2020-03-10
Maule,7,Villa Alegre,7407,1,2020-03-30
Maule,7,Villa Alegre,7407,1,2020-03-31
Maule,7,Villa Alegre,7407,2,2020-04-13
Maule,7,Villa Alegre,7407,2,2020-04-21
Maule,7,Villa Alegre,7407,2,2020-04-30
Maule,7,Villa Alegre,7407,1,2020-05-07
Maule,7,Villa Alegre,7407,1,2020-05-13
Maule,7,Villa Alegre,7407,1,2020-05-19
Maule,7,Villa Alegre,7407,2,2020-05-26
Maule,7,Villa Alegre,7407,1,2020-05-27
Maule,7,Villa Alegre,7407,1,2020-05-28
Maule,7,Villa Alegre,7407,2,2020-06-02
Maule,7,Villa Alegre,7407,1,2020-06-12
Maule,7,Villa Alegre,7407,1,2020-06-16
Maule,7,Villa Alegre,7407,2,2020-06-18
Maule,7,Villa Alegre,7407,1,2020-07-02
Maule,7,Villa Alegre,7407,1,2020-07-05
Maule,7,Villa Alegre,7407,1,2020-07-11
Maule,7,Villa Alegre,7407,1,2020-07-13
Maule,7,Villa Alegre,7407,1,2020-07-15
Maule,7,Villa Alegre,7407,1,2020-07-17
Maule,7,Villa Alegre,7407,2,2020-07-25
Maule,7,Villa Alegre,7407,1,2020-08-05
Maule,7,Villa Alegre,7407,1,2020-08-10
Maule,7,Villa Alegre,7407,1,2020-08-13
Maule,7,Villa Alegre,7407,1,2020-08-19
Maule,7,Villa Alegre,7407,2,2020-08-27
Maule,7,Villa Alegre,7407,1,2020-09-04
Maule,7,Villa Alegre,7407,1,2020-09-05
Maule,7,Villa Alegre,7407,1,2020-09-21
Maule,7,Villa Alegre,7407,1,2020-09-28
Maule,7,Villa Alegre,7407,1,2020-09-29
Maule,7,Villa Alegre,7407,2,2020-10-01
Maule,7,Villa Alegre,7407,2,2020-10-07
Maule,7,Villa Alegre,7407,1,2020-10-13
Maule,7,Villa Alegre,7407,1,2020-10-20
Maule,7,Villa Alegre,7407,1,2020-10-27
Maule,7,Villa Alegre,7407,2,2020-11-03
Maule,7,Villa Alegre,7407,1,2020-11-04
Maule,7,Villa Alegre,7407,1,2020-11-06
Maule,7,Villa Alegre,7407,1,2020-11-12
Maule,7,Villa Alegre,7407,1,2020-12-07
Maule,7,Villa Alegre,7407,2,2020-12-09
Maule,7,Villa Alegre,7407,2,2020-12-14
Maule,7,Villa Alegre,7407,1,2020-12-21
Maule,7,Villa Alegre,7407,1,2021-01-02
Maule,7,Villa Alegre,7407,1,2021-01-04
Maule,7,Yerbas Buenas,7408,1,2020-01-27
Maule,7,Yerbas Buenas,7408,1,2020-01-28
Maule,7,Yerbas Buenas,7408,1,2020-01-30
Maule,7,Yerbas Buenas,7408,1,2020-01-31
Maule,7,Yerbas Buenas,7408,1,2020-02-03
Maule,7,Yerbas Buenas,7408,1,2020-02-13
Maule,7,Yerbas Buenas,7408,1,2020-02-19
Maule,7,Yerbas Buenas,7408,1,2020-03-02
Maule,7,Yerbas Buenas,7408,2,2020-03-16
Maule,7,Yerbas Buenas,7408,1,2020-04-06
Maule,7,Yerbas Buenas,7408,1,2020-04-09
Maule,7,Yerbas Buenas,7408,1,2020-04-14
Maule,7,Yerbas Buenas,7408,2,2020-04-17
Maule,7,Yerbas Buenas,7408,1,2020-04-20
Maule,7,Yerbas Buenas,7408,1,2020-04-23
Maule,7,Yerbas Buenas,7408,1,2020-05-05
Maule,7,Yerbas Buenas,7408,1,2020-05-08
Maule,7,Yerbas Buenas,7408,1,2020-05-13
Maule,7,Yerbas Buenas,7408,1,2020-06-01
Maule,7,Yerbas Buenas,7408,2,2020-06-02
Maule,7,Yerbas Buenas,7408,1,2020-06-12
Maule,7,Yerbas Buenas,7408,1,2020-06-16
Maule,7,Yerbas Buenas,7408,1,2020-06-17
Maule,7,Yerbas Buenas,7408,1,2020-06-18
Maule,7,Yerbas Buenas,7408,1,2020-06-25
Maule,7,Yerbas Buenas,7408,1,2020-06-30
Maule,7,Yerbas Buenas,7408,1,2020-07-02
Maule,7,Yerbas Buenas,7408,1,2020-07-06
Maule,7,Yerbas Buenas,7408,1,2020-07-07
Maule,7,Yerbas Buenas,7408,1,2020-07-24
Maule,7,Yerbas Buenas,7408,2,2020-07-28
Maule,7,Yerbas Buenas,7408,1,2020-07-30
Maule,7,Yerbas Buenas,7408,1,2020-07-31
Maule,7,Yerbas Buenas,7408,1,2020-08-04
Maule,7,Yerbas Buenas,7408,1,2020-08-31
Maule,7,Yerbas Buenas,7408,1,2020-09-06
Maule,7,Yerbas Buenas,7408,1,2020-09-10
Maule,7,Yerbas Buenas,7408,1,2020-09-13
Maule,7,Yerbas Buenas,7408,2,2020-09-14
Maule,7,Yerbas Buenas,7408,3,2020-09-21
Maule,7,Yerbas Buenas,7408,1,2020-09-25
Maule,7,Yerbas Buenas,7408,1,2020-09-29
Maule,7,Yerbas Buenas,7408,2,2020-10-05
Maule,7,Yerbas Buenas,7408,1,2020-10-07
Maule,7,Yerbas Buenas,7408,1,2020-10-19
Maule,7,Yerbas Buenas,7408,1,2020-10-24
Maule,7,Yerbas Buenas,7408,1,2020-10-26
Maule,7,Yerbas Buenas,7408,2,2020-10-30
Maule,7,Yerbas Buenas,7408,2,2020-11-10
Maule,7,Yerbas Buenas,7408,1,2020-11-13
Maule,7,Yerbas Buenas,7408,1,2020-11-17
Maule,7,Yerbas Buenas,7408,1,2020-11-20
Maule,7,Yerbas Buenas,7408,1,2020-11-23
Maule,7,Yerbas Buenas,7408,1,2020-12-09
Maule,7,Yerbas Buenas,7408,1,2020-12-13
Maule,7,Yerbas Buenas,7408,1,2020-12-15
Maule,7,Yerbas Buenas,7408,2,2020-12-16
Maule,7,Yerbas Buenas,7408,1,2020-12-21
Maule,7,Yerbas Buenas,7408,1,2021-01-02
Maule,7,Yerbas Buenas,7408,2,2021-01-11
Biobío,8,Concepción,8101,15,2020-01-02
Biobío,8,Concepción,8101,10,2020-01-03
Biobío,8,Concepción,8101,20,2020-01-06
Biobío,8,Concepción,8101,11,2020-01-07
Biobío,8,Concepción,8101,8,2020-01-08
Biobío,8,Concepción,8101,11,2020-01-09
Biobío,8,Concepción,8101,8,2020-01-10
Biobío,8,Concepción,8101,1,2020-01-11
Biobío,8,Concepción,8101,20,2020-01-13
Biobío,8,Concepción,8101,12,2020-01-14
Biobío,8,Concepción,8101,4,2020-01-15
Biobío,8,Concepción,8101,9,2020-01-16
Biobío,8,Concepción,8101,13,2020-01-17
Biobío,8,Concepción,8101,1,2020-01-18
Biobío,8,Concepción,8101,18,2020-01-20
Biobío,8,Concepción,8101,6,2020-01-21
Biobío,8,Concepción,8101,4,2020-01-22
Biobío,8,Concepción,8101,2,2020-01-23
Biobío,8,Concepción,8101,9,2020-01-24
Biobío,8,Concepción,8101,2,2020-01-25
Biobío,8,Concepción,8101,15,2020-01-27
Biobío,8,Concepción,8101,11,2020-01-28
Biobío,8,Concepción,8101,7,2020-01-29
Biobío,8,Concepción,8101,9,2020-01-30
Biobío,8,Concepción,8101,14,2020-01-31
Biobío,8,Concepción,8101,1,2020-02-02
Biobío,8,Concepción,8101,25,2020-02-03
Biobío,8,Concepción,8101,12,2020-02-04
Biobío,8,Concepción,8101,3,2020-02-05
Biobío,8,Concepción,8101,13,2020-02-06
Biobío,8,Concepción,8101,8,2020-02-07
Biobío,8,Concepción,8101,1,2020-02-08
Biobío,8,Concepción,8101,20,2020-02-10
Biobío,8,Concepción,8101,12,2020-02-11
Biobío,8,Concepción,8101,6,2020-02-12
Biobío,8,Concepción,8101,6,2020-02-13
Biobío,8,Concepción,8101,8,2020-02-14
Biobío,8,Concepción,8101,17,2020-02-17
Biobío,8,Concepción,8101,10,2020-02-18
Biobío,8,Concepción,8101,13,2020-02-19
Biobío,8,Concepción,8101,8,2020-02-20
Biobío,8,Concepción,8101,10,2020-02-21
Biobío,8,Concepción,8101,1,2020-02-22
Biobío,8,Concepción,8101,17,2020-02-24
Biobío,8,Concepción,8101,11,2020-02-25
Biobío,8,Concepción,8101,16,2020-02-26
Biobío,8,Concepción,8101,11,2020-02-27
Biobío,8,Concepción,8101,8,2020-02-28
Biobío,8,Concepción,8101,19,2020-03-02
Biobío,8,Concepción,8101,22,2020-03-03
Biobío,8,Concepción,8101,6,2020-03-04
Biobío,8,Concepción,8101,6,2020-03-05
Biobío,8,Concepción,8101,6,2020-03-06
Biobío,8,Concepción,8101,1,2020-03-07
Biobío,8,Concepción,8101,18,2020-03-09
Biobío,8,Concepción,8101,11,2020-03-10
Biobío,8,Concepción,8101,18,2020-03-11
Biobío,8,Concepción,8101,8,2020-03-12
Biobío,8,Concepción,8101,16,2020-03-13
Biobío,8,Concepción,8101,21,2020-03-16
Biobío,8,Concepción,8101,9,2020-03-17
Biobío,8,Concepción,8101,10,2020-03-18
Biobío,8,Concepción,8101,6,2020-03-19
Biobío,8,Concepción,8101,9,2020-03-20
Biobío,8,Concepción,8101,24,2020-03-23
Biobío,8,Concepción,8101,8,2020-03-24
Biobío,8,Concepción,8101,2,2020-03-25
Biobío,8,Concepción,8101,7,2020-03-26
Biobío,8,Concepción,8101,6,2020-03-27
Biobío,8,Concepción,8101,2,2020-03-29
Biobío,8,Concepción,8101,19,2020-03-30
Biobío,8,Concepción,8101,7,2020-03-31
Biobío,8,Concepción,8101,9,2020-04-01
Biobío,8,Concepción,8101,10,2020-04-02
Biobío,8,Concepción,8101,10,2020-04-03
Biobío,8,Concepción,8101,1,2020-04-04
Biobío,8,Concepción,8101,1,2020-04-05
Biobío,8,Concepción,8101,14,2020-04-06
Biobío,8,Concepción,8101,14,2020-04-07
Biobío,8,Concepción,8101,6,2020-04-08
Biobío,8,Concepción,8101,12,2020-04-09
Biobío,8,Concepción,8101,1,2020-04-10
Biobío,8,Concepción,8101,1,2020-04-11
Biobío,8,Concepción,8101,12,2020-04-13
Biobío,8,Concepción,8101,15,2020-04-14
Biobío,8,Concepción,8101,6,2020-04-15
Biobío,8,Concepción,8101,4,2020-04-16
Biobío,8,Concepción,8101,11,2020-04-17
Biobío,8,Concepción,8101,15,2020-04-20
Biobío,8,Concepción,8101,13,2020-04-21
Biobío,8,Concepción,8101,7,2020-04-22
Biobío,8,Concepción,8101,7,2020-04-23
Biobío,8,Concepción,8101,10,2020-04-24
Biobío,8,Concepción,8101,23,2020-04-27
Biobío,8,Concepción,8101,13,2020-04-28
Biobío,8,Concepción,8101,3,2020-04-29
Biobío,8,Concepción,8101,7,2020-04-30
Biobío,8,Concepción,8101,1,2020-05-01
Biobío,8,Concepción,8101,3,2020-05-02
Biobío,8,Concepción,8101,27,2020-05-04
Biobío,8,Concepción,8101,8,2020-05-05
Biobío,8,Concepción,8101,14,2020-05-06
Biobío,8,Concepción,8101,6,2020-05-07
Biobío,8,Concepción,8101,6,2020-05-08
Biobío,8,Concepción,8101,1,2020-05-09
Biobío,8,Concepción,8101,17,2020-05-11
Biobío,8,Concepción,8101,9,2020-05-12
Biobío,8,Concepción,8101,10,2020-05-13
Biobío,8,Concepción,8101,10,2020-05-14
Biobío,8,Concepción,8101,4,2020-05-15
Biobío,8,Concepción,8101,27,2020-05-18
Biobío,8,Concepción,8101,6,2020-05-19
Biobío,8,Concepción,8101,6,2020-05-20
Biobío,8,Concepción,8101,12,2020-05-22
Biobío,8,Concepción,8101,3,2020-05-23
Biobío,8,Concepción,8101,23,2020-05-25
Biobío,8,Concepción,8101,10,2020-05-26
Biobío,8,Concepción,8101,7,2020-05-27
Biobío,8,Concepción,8101,13,2020-05-28
Biobío,8,Concepción,8101,8,2020-05-29
Biobío,8,Concepción,8101,16,2020-06-01
Biobío,8,Concepción,8101,10,2020-06-02
Biobío,8,Concepción,8101,5,2020-06-03
Biobío,8,Concepción,8101,5,2020-06-04
Biobío,8,Concepción,8101,8,2020-06-05
Biobío,8,Concepción,8101,12,2020-06-08
Biobío,8,Concepción,8101,7,2020-06-09
Biobío,8,Concepción,8101,12,2020-06-10
Biobío,8,Concepción,8101,6,2020-06-11
Biobío,8,Concepción,8101,4,2020-06-12
Biobío,8,Concepción,8101,1,2020-06-13
Biobío,8,Concepción,8101,1,2020-06-14
Biobío,8,Concepción,8101,26,2020-06-15
Biobío,8,Concepción,8101,8,2020-06-16
Biobío,8,Concepción,8101,9,2020-06-17
Biobío,8,Concepción,8101,7,2020-06-18
Biobío,8,Concepción,8101,12,2020-06-19
Biobío,8,Concepción,8101,1,2020-06-21
Biobío,8,Concepción,8101,19,2020-06-22
Biobío,8,Concepción,8101,9,2020-06-23
Biobío,8,Concepción,8101,9,2020-06-24
Biobío,8,Concepción,8101,6,2020-06-25
Biobío,8,Concepción,8101,12,2020-06-26
Biobío,8,Concepción,8101,1,2020-06-29
Biobío,8,Concepción,8101,23,2020-06-30
Biobío,8,Concepción,8101,10,2020-07-01
Biobío,8,Concepción,8101,8,2020-07-02
Biobío,8,Concepción,8101,10,2020-07-03
Biobío,8,Concepción,8101,18,2020-07-06
Biobío,8,Concepción,8101,10,2020-07-07
Biobío,8,Concepción,8101,13,2020-07-08
Biobío,8,Concepción,8101,5,2020-07-09
Biobío,8,Concepción,8101,9,2020-07-10
Biobío,8,Concepción,8101,3,2020-07-11
Biobío,8,Concepción,8101,2,2020-07-12
Biobío,8,Concepción,8101,23,2020-07-13
Biobío,8,Concepción,8101,10,2020-07-14
Biobío,8,Concepción,8101,7,2020-07-15
Biobío,8,Concepción,8101,3,2020-07-16
Biobío,8,Concepción,8101,13,2020-07-17
Biobío,8,Concepción,8101,1,2020-07-18
Biobío,8,Concepción,8101,4,2020-07-19
Biobío,8,Concepción,8101,17,2020-07-20
Biobío,8,Concepción,8101,10,2020-07-21
Biobío,8,Concepción,8101,9,2020-07-22
Biobío,8,Concepción,8101,7,2020-07-23
Biobío,8,Concepción,8101,11,2020-07-24
Biobío,8,Concepción,8101,3,2020-07-25
Biobío,8,Concepción,8101,5,2020-07-26
Biobío,8,Concepción,8101,6,2020-07-27
Biobío,8,Concepción,8101,6,2020-07-28
Biobío,8,Concepción,8101,8,2020-07-29
Biobío,8,Concepción,8101,9,2020-07-30
Biobío,8,Concepción,8101,6,2020-07-31
Biobío,8,Concepción,8101,6,2020-08-01
Biobío,8,Concepción,8101,1,2020-08-02
Biobío,8,Concepción,8101,13,2020-08-03
Biobío,8,Concepción,8101,6,2020-08-04
Biobío,8,Concepción,8101,6,2020-08-05
Biobío,8,Concepción,8101,8,2020-08-06
Biobío,8,Concepción,8101,9,2020-08-07
Biobío,8,Concepción,8101,12,2020-08-08
Biobío,8,Concepción,8101,14,2020-08-10
Biobío,8,Concepción,8101,7,2020-08-11
Biobío,8,Concepción,8101,10,2020-08-12
Biobío,8,Concepción,8101,8,2020-08-13
Biobío,8,Concepción,8101,10,2020-08-14
Biobío,8,Concepción,8101,3,2020-08-15
Biobío,8,Concepción,8101,3,2020-08-16
Biobío,8,Concepción,8101,12,2020-08-17
Biobío,8,Concepción,8101,6,2020-08-18
Biobío,8,Concepción,8101,8,2020-08-19
Biobío,8,Concepción,8101,5,2020-08-20
Biobío,8,Concepción,8101,8,2020-08-21
Biobío,8,Concepción,8101,6,2020-08-22
Biobío,8,Concepción,8101,4,2020-08-23
Biobío,8,Concepción,8101,12,2020-08-24
Biobío,8,Concepción,8101,5,2020-08-25
Biobío,8,Concepción,8101,5,2020-08-26
Biobío,8,Concepción,8101,7,2020-08-27
Biobío,8,Concepción,8101,16,2020-08-28
Biobío,8,Concepción,8101,2,2020-08-29
Biobío,8,Concepción,8101,3,2020-08-30
Biobío,8,Concepción,8101,12,2020-08-31
Biobío,8,Concepción,8101,10,2020-09-01
Biobío,8,Concepción,8101,10,2020-09-02
Biobío,8,Concepción,8101,7,2020-09-03
Biobío,8,Concepción,8101,13,2020-09-04
Biobío,8,Concepción,8101,6,2020-09-05
Biobío,8,Concepción,8101,6,2020-09-06
Biobío,8,Concepción,8101,13,2020-09-07
Biobío,8,Concepción,8101,9,2020-09-08
Biobío,8,Concepción,8101,6,2020-09-09
Biobío,8,Concepción,8101,3,2020-09-10
Biobío,8,Concepción,8101,11,2020-09-11
Biobío,8,Concepción,8101,1,2020-09-12
Biobío,8,Concepción,8101,25,2020-09-14
Biobío,8,Concepción,8101,15,2020-09-15
Biobío,8,Concepción,8101,1,2020-09-16
Biobío,8,Concepción,8101,2,2020-09-17
Biobío,8,Concepción,8101,9,2020-09-19
Biobío,8,Concepción,8101,1,2020-09-20
Biobío,8,Concepción,8101,27,2020-09-21
Biobío,8,Concepción,8101,7,2020-09-22
Biobío,8,Concepción,8101,7,2020-09-23
Biobío,8,Concepción,8101,15,2020-09-24
Biobío,8,Concepción,8101,11,2020-09-25
Biobío,8,Concepción,8101,6,2020-09-26
Biobío,8,Concepción,8101,17,2020-09-28
Biobío,8,Concepción,8101,9,2020-09-29
Biobío,8,Concepción,8101,9,2020-09-30
Biobío,8,Concepción,8101,9,2020-10-01
Biobío,8,Concepción,8101,12,2020-10-02
Biobío,8,Concepción,8101,4,2020-10-03
Biobío,8,Concepción,8101,1,2020-10-04
Biobío,8,Concepción,8101,22,2020-10-05
Biobío,8,Concepción,8101,11,2020-10-06
Biobío,8,Concepción,8101,5,2020-10-07
Biobío,8,Concepción,8101,9,2020-10-08
Biobío,8,Concepción,8101,13,2020-10-09
Biobío,8,Concepción,8101,3,2020-10-10
Biobío,8,Concepción,8101,2,2020-10-11
Biobío,8,Concepción,8101,18,2020-10-13
Biobío,8,Concepción,8101,8,2020-10-14
Biobío,8,Concepción,8101,10,2020-10-15
Biobío,8,Concepción,8101,17,2020-10-16
Biobío,8,Concepción,8101,5,2020-10-17
Biobío,8,Concepción,8101,14,2020-10-19
Biobío,8,Concepción,8101,11,2020-10-20
Biobío,8,Concepción,8101,8,2020-10-21
Biobío,8,Concepción,8101,3,2020-10-22
Biobío,8,Concepción,8101,19,2020-10-23
Biobío,8,Concepción,8101,6,2020-10-24
Biobío,8,Concepción,8101,1,2020-10-25
Biobío,8,Concepción,8101,17,2020-10-26
Biobío,8,Concepción,8101,12,2020-10-27
Biobío,8,Concepción,8101,8,2020-10-28
Biobío,8,Concepción,8101,7,2020-10-29
Biobío,8,Concepción,8101,5,2020-10-30
Biobío,8,Concepción,8101,1,2020-10-31
Biobío,8,Concepción,8101,1,2020-11-01
Biobío,8,Concepción,8101,14,2020-11-02
Biobío,8,Concepción,8101,11,2020-11-03
Biobío,8,Concepción,8101,6,2020-11-04
Biobío,8,Concepción,8101,10,2020-11-05
Biobío,8,Concepción,8101,8,2020-11-06
Biobío,8,Concepción,8101,5,2020-11-07
Biobío,8,Concepción,8101,14,2020-11-09
Biobío,8,Concepción,8101,10,2020-11-10
Biobío,8,Concepción,8101,11,2020-11-11
Biobío,8,Concepción,8101,6,2020-11-12
Biobío,8,Concepción,8101,9,2020-11-13
Biobío,8,Concepción,8101,6,2020-11-14
Biobío,8,Concepción,8101,3,2020-11-15
Biobío,8,Concepción,8101,12,2020-11-16
Biobío,8,Concepción,8101,8,2020-11-17
Biobío,8,Concepción,8101,8,2020-11-18
Biobío,8,Concepción,8101,9,2020-11-19
Biobío,8,Concepción,8101,4,2020-11-20
Biobío,8,Concepción,8101,3,2020-11-21
Biobío,8,Concepción,8101,2,2020-11-22
Biobío,8,Concepción,8101,20,2020-11-23
Biobío,8,Concepción,8101,7,2020-11-24
Biobío,8,Concepción,8101,7,2020-11-25
Biobío,8,Concepción,8101,6,2020-11-26
Biobío,8,Concepción,8101,14,2020-11-27
Biobío,8,Concepción,8101,6,2020-11-28
Biobío,8,Concepción,8101,1,2020-11-29
Biobío,8,Concepción,8101,15,2020-11-30
Biobío,8,Concepción,8101,8,2020-12-01
Biobío,8,Concepción,8101,14,2020-12-02
Biobío,8,Concepción,8101,5,2020-12-03
Biobío,8,Concepción,8101,5,2020-12-04
Biobío,8,Concepción,8101,1,2020-12-05
Biobío,8,Concepción,8101,3,2020-12-06
Biobío,8,Concepción,8101,16,2020-12-07
Biobío,8,Concepción,8101,15,2020-12-09
Biobío,8,Concepción,8101,12,2020-12-10
Biobío,8,Concepción,8101,7,2020-12-11
Biobío,8,Concepción,8101,9,2020-12-12
Biobío,8,Concepción,8101,13,2020-12-14
Biobío,8,Concepción,8101,9,2020-12-15
Biobío,8,Concepción,8101,8,2020-12-16
Biobío,8,Concepción,8101,5,2020-12-17
Biobío,8,Concepción,8101,7,2020-12-18
Biobío,8,Concepción,8101,11,2020-12-19
Biobío,8,Concepción,8101,15,2020-12-21
Biobío,8,Concepción,8101,14,2020-12-22
Biobío,8,Concepción,8101,9,2020-12-23
Biobío,8,Concepción,8101,7,2020-12-24
Biobío,8,Concepción,8101,2,2020-12-25
Biobío,8,Concepción,8101,18,2020-12-26
Biobío,8,Concepción,8101,1,2020-12-27
Biobío,8,Concepción,8101,38,2020-12-28
Biobío,8,Concepción,8101,9,2020-12-29
Biobío,8,Concepción,8101,13,2020-12-30
Biobío,8,Concepción,8101,8,2020-12-31
Biobío,8,Concepción,8101,14,2021-01-02
Biobío,8,Concepción,8101,1,2021-01-03
Biobío,8,Concepción,8101,23,2021-01-04
Biobío,8,Concepción,8101,14,2021-01-05
Biobío,8,Concepción,8101,12,2021-01-06
Biobío,8,Concepción,8101,11,2021-01-07
Biobío,8,Concepción,8101,11,2021-01-08
Biobío,8,Concepción,8101,3,2021-01-09
Biobío,8,Concepción,8101,15,2021-01-11
Biobío,8,Concepción,8101,11,2021-01-12
Biobío,8,Concepción,8101,9,2021-01-13
Biobío,8,Concepción,8101,8,2021-01-14
Biobío,8,Coronel,8102,2,2020-01-02
Biobío,8,Coronel,8102,1,2020-01-04
Biobío,8,Coronel,8102,3,2020-01-06
Biobío,8,Coronel,8102,2,2020-01-07
Biobío,8,Coronel,8102,3,2020-01-09
Biobío,8,Coronel,8102,2,2020-01-10
Biobío,8,Coronel,8102,1,2020-01-11
Biobío,8,Coronel,8102,7,2020-01-13
Biobío,8,Coronel,8102,2,2020-01-14
Biobío,8,Coronel,8102,1,2020-01-15
Biobío,8,Coronel,8102,4,2020-01-16
Biobío,8,Coronel,8102,3,2020-01-17
Biobío,8,Coronel,8102,8,2020-01-20
Biobío,8,Coronel,8102,4,2020-01-21
Biobío,8,Coronel,8102,3,2020-01-22
Biobío,8,Coronel,8102,2,2020-01-27
Biobío,8,Coronel,8102,2,2020-01-28
Biobío,8,Coronel,8102,2,2020-01-29
Biobío,8,Coronel,8102,4,2020-02-01
Biobío,8,Coronel,8102,3,2020-02-03
Biobío,8,Coronel,8102,3,2020-02-04
Biobío,8,Coronel,8102,4,2020-02-10
Biobío,8,Coronel,8102,1,2020-02-13
Biobío,8,Coronel,8102,2,2020-02-14
Biobío,8,Coronel,8102,4,2020-02-17
Biobío,8,Coronel,8102,2,2020-02-18
Biobío,8,Coronel,8102,2,2020-02-19
Biobío,8,Coronel,8102,1,2020-02-20
Biobío,8,Coronel,8102,3,2020-02-21
Biobío,8,Coronel,8102,7,2020-02-24
Biobío,8,Coronel,8102,2,2020-02-25
Biobío,8,Coronel,8102,1,2020-02-26
Biobío,8,Coronel,8102,1,2020-02-27
Biobío,8,Coronel,8102,2,2020-02-28
Biobío,8,Coronel,8102,5,2020-03-02
Biobío,8,Coronel,8102,1,2020-03-03
Biobío,8,Coronel,8102,1,2020-03-06
Biobío,8,Coronel,8102,2,2020-03-09
Biobío,8,Coronel,8102,3,2020-03-10
Biobío,8,Coronel,8102,2,2020-03-13
Biobío,8,Coronel,8102,2,2020-03-16
Biobío,8,Coronel,8102,1,2020-03-18
Biobío,8,Coronel,8102,1,2020-03-20
Biobío,8,Coronel,8102,6,2020-03-23
Biobío,8,Coronel,8102,2,2020-03-24
Biobío,8,Coronel,8102,1,2020-03-25
Biobío,8,Coronel,8102,1,2020-03-26
Biobío,8,Coronel,8102,2,2020-03-27
Biobío,8,Coronel,8102,4,2020-03-30
Biobío,8,Coronel,8102,2,2020-03-31
Biobío,8,Coronel,8102,2,2020-04-01
Biobío,8,Coronel,8102,3,2020-04-02
Biobío,8,Coronel,8102,6,2020-04-03
Biobío,8,Coronel,8102,1,2020-04-04
Biobío,8,Coronel,8102,3,2020-04-06
Biobío,8,Coronel,8102,1,2020-04-07
Biobío,8,Coronel,8102,1,2020-04-09
Biobío,8,Coronel,8102,1,2020-04-10
Biobío,8,Coronel,8102,2,2020-04-11
Biobío,8,Coronel,8102,5,2020-04-13
Biobío,8,Coronel,8102,5,2020-04-14
Biobío,8,Coronel,8102,1,2020-04-15
Biobío,8,Coronel,8102,1,2020-04-16
Biobío,8,Coronel,8102,1,2020-04-17
Biobío,8,Coronel,8102,1,2020-04-18
Biobío,8,Coronel,8102,1,2020-04-20
Biobío,8,Coronel,8102,2,2020-04-21
Biobío,8,Coronel,8102,2,2020-04-22
Biobío,8,Coronel,8102,1,2020-04-23
Biobío,8,Coronel,8102,3,2020-04-24
Biobío,8,Coronel,8102,1,2020-04-28
Biobío,8,Coronel,8102,1,2020-04-29
Biobío,8,Coronel,8102,2,2020-04-30
Biobío,8,Coronel,8102,5,2020-05-04
Biobío,8,Coronel,8102,2,2020-05-05
Biobío,8,Coronel,8102,3,2020-05-07
Biobío,8,Coronel,8102,3,2020-05-11
Biobío,8,Coronel,8102,3,2020-05-13
Biobío,8,Coronel,8102,1,2020-05-14
Biobío,8,Coronel,8102,2,2020-05-15
Biobío,8,Coronel,8102,1,2020-05-16
Biobío,8,Coronel,8102,3,2020-05-18
Biobío,8,Coronel,8102,1,2020-05-22
Biobío,8,Coronel,8102,1,2020-05-23
Biobío,8,Coronel,8102,3,2020-05-26
Biobío,8,Coronel,8102,1,2020-05-28
Biobío,8,Coronel,8102,1,2020-05-29
Biobío,8,Coronel,8102,1,2020-05-30
Biobío,8,Coronel,8102,1,2020-05-31
Biobío,8,Coronel,8102,3,2020-06-01
Biobío,8,Coronel,8102,1,2020-06-02
Biobío,8,Coronel,8102,3,2020-06-03
Biobío,8,Coronel,8102,1,2020-06-05
Biobío,8,Coronel,8102,2,2020-06-06
Biobío,8,Coronel,8102,3,2020-06-08
Biobío,8,Coronel,8102,2,2020-06-09
Biobío,8,Coronel,8102,3,2020-06-11
Biobío,8,Coronel,8102,2,2020-06-12
Biobío,8,Coronel,8102,3,2020-06-13
Biobío,8,Coronel,8102,5,2020-06-15
Biobío,8,Coronel,8102,1,2020-06-16
Biobío,8,Coronel,8102,3,2020-06-17
Biobío,8,Coronel,8102,2,2020-06-19
Biobío,8,Coronel,8102,1,2020-06-20
Biobío,8,Coronel,8102,2,2020-06-22
Biobío,8,Coronel,8102,2,2020-06-23
Biobío,8,Coronel,8102,3,2020-06-24
Biobío,8,Coronel,8102,3,2020-06-26
Biobío,8,Coronel,8102,1,2020-06-27
Biobío,8,Coronel,8102,2,2020-06-29
Biobío,8,Coronel,8102,7,2020-06-30
Biobío,8,Coronel,8102,1,2020-07-01
Biobío,8,Coronel,8102,2,2020-07-02
Biobío,8,Coronel,8102,1,2020-07-03
Biobío,8,Coronel,8102,1,2020-07-04
Biobío,8,Coronel,8102,1,2020-07-06
Biobío,8,Coronel,8102,2,2020-07-07
Biobío,8,Coronel,8102,2,2020-07-08
Biobío,8,Coronel,8102,2,2020-07-10
Biobío,8,Coronel,8102,1,2020-07-11
Biobío,8,Coronel,8102,1,2020-07-12
Biobío,8,Coronel,8102,2,2020-07-13
Biobío,8,Coronel,8102,1,2020-07-14
Biobío,8,Coronel,8102,1,2020-07-15
Biobío,8,Coronel,8102,1,2020-07-16
Biobío,8,Coronel,8102,4,2020-07-17
Biobío,8,Coronel,8102,1,2020-07-18
Biobío,8,Coronel,8102,1,2020-07-21
Biobío,8,Coronel,8102,3,2020-07-22
Biobío,8,Coronel,8102,1,2020-07-24
Biobío,8,Coronel,8102,1,2020-07-26
Biobío,8,Coronel,8102,8,2020-07-27
Biobío,8,Coronel,8102,1,2020-07-28
Biobío,8,Coronel,8102,1,2020-07-30
Biobío,8,Coronel,8102,2,2020-07-31
Biobío,8,Coronel,8102,1,2020-08-02
Biobío,8,Coronel,8102,1,2020-08-03
Biobío,8,Coronel,8102,1,2020-08-04
Biobío,8,Coronel,8102,1,2020-08-06
Biobío,8,Coronel,8102,2,2020-08-07
Biobío,8,Coronel,8102,5,2020-08-10
Biobío,8,Coronel,8102,3,2020-08-11
Biobío,8,Coronel,8102,1,2020-08-12
Biobío,8,Coronel,8102,2,2020-08-13
Biobío,8,Coronel,8102,2,2020-08-14
Biobío,8,Coronel,8102,5,2020-08-15
Biobío,8,Coronel,8102,3,2020-08-17
Biobío,8,Coronel,8102,2,2020-08-18
Biobío,8,Coronel,8102,2,2020-08-19
Biobío,8,Coronel,8102,2,2020-08-20
Biobío,8,Coronel,8102,2,2020-08-21
Biobío,8,Coronel,8102,2,2020-08-22
Biobío,8,Coronel,8102,2,2020-08-23
Biobío,8,Coronel,8102,1,2020-08-25
Biobío,8,Coronel,8102,1,2020-08-26
Biobío,8,Coronel,8102,1,2020-08-27
Biobío,8,Coronel,8102,1,2020-08-28
Biobío,8,Coronel,8102,1,2020-08-29
Biobío,8,Coronel,8102,3,2020-09-01
Biobío,8,Coronel,8102,2,2020-09-02
Biobío,8,Coronel,8102,1,2020-09-03
Biobío,8,Coronel,8102,2,2020-09-04
Biobío,8,Coronel,8102,3,2020-09-05
Biobío,8,Coronel,8102,4,2020-09-07
Biobío,8,Coronel,8102,2,2020-09-08
Biobío,8,Coronel,8102,3,2020-09-09
Biobío,8,Coronel,8102,3,2020-09-10
Biobío,8,Coronel,8102,2,2020-09-11
Biobío,8,Coronel,8102,11,2020-09-14
Biobío,8,Coronel,8102,1,2020-09-15
Biobío,8,Coronel,8102,1,2020-09-17
Biobío,8,Coronel,8102,2,2020-09-18
Biobío,8,Coronel,8102,2,2020-09-19
Biobío,8,Coronel,8102,3,2020-09-21
Biobío,8,Coronel,8102,1,2020-09-22
Biobío,8,Coronel,8102,2,2020-09-23
Biobío,8,Coronel,8102,2,2020-09-24
Biobío,8,Coronel,8102,4,2020-09-25
Biobío,8,Coronel,8102,3,2020-09-28
Biobío,8,Coronel,8102,3,2020-09-29
Biobío,8,Coronel,8102,3,2020-09-30
Biobío,8,Coronel,8102,4,2020-10-02
Biobío,8,Coronel,8102,3,2020-10-05
Biobío,8,Coronel,8102,1,2020-10-06
Biobío,8,Coronel,8102,5,2020-10-07
Biobío,8,Coronel,8102,3,2020-10-08
Biobío,8,Coronel,8102,9,2020-10-13
Biobío,8,Coronel,8102,4,2020-10-14
Biobío,8,Coronel,8102,3,2020-10-15
Biobío,8,Coronel,8102,3,2020-10-16
Biobío,8,Coronel,8102,3,2020-10-17
Biobío,8,Coronel,8102,3,2020-10-19
Biobío,8,Coronel,8102,1,2020-10-20
Biobío,8,Coronel,8102,2,2020-10-21
Biobío,8,Coronel,8102,3,2020-10-22
Biobío,8,Coronel,8102,1,2020-10-23
Biobío,8,Coronel,8102,7,2020-10-26
Biobío,8,Coronel,8102,1,2020-10-27
Biobío,8,Coronel,8102,3,2020-10-28
Biobío,8,Coronel,8102,2,2020-10-29
Biobío,8,Coronel,8102,2,2020-10-31
Biobío,8,Coronel,8102,4,2020-11-02
Biobío,8,Coronel,8102,3,2020-11-03
Biobío,8,Coronel,8102,2,2020-11-04
Biobío,8,Coronel,8102,1,2020-11-05
Biobío,8,Coronel,8102,2,2020-11-06
Biobío,8,Coronel,8102,2,2020-11-07
Biobío,8,Coronel,8102,4,2020-11-09
Biobío,8,Coronel,8102,1,2020-11-10
Biobío,8,Coronel,8102,2,2020-11-11
Biobío,8,Coronel,8102,3,2020-11-12
Biobío,8,Coronel,8102,1,2020-11-14
Biobío,8,Coronel,8102,4,2020-11-16
Biobío,8,Coronel,8102,1,2020-11-17
Biobío,8,Coronel,8102,1,2020-11-18
Biobío,8,Coronel,8102,2,2020-11-19
Biobío,8,Coronel,8102,2,2020-11-20
Biobío,8,Coronel,8102,1,2020-11-21
Biobío,8,Coronel,8102,1,2020-11-22
Biobío,8,Coronel,8102,8,2020-11-23
Biobío,8,Coronel,8102,2,2020-11-24
Biobío,8,Coronel,8102,1,2020-11-25
Biobío,8,Coronel,8102,1,2020-11-26
Biobío,8,Coronel,8102,6,2020-11-27
Biobío,8,Coronel,8102,1,2020-11-28
Biobío,8,Coronel,8102,5,2020-11-30
Biobío,8,Coronel,8102,7,2020-12-01
Biobío,8,Coronel,8102,2,2020-12-02
Biobío,8,Coronel,8102,3,2020-12-03
Biobío,8,Coronel,8102,1,2020-12-05
Biobío,8,Coronel,8102,1,2020-12-07
Biobío,8,Coronel,8102,2,2020-12-09
Biobío,8,Coronel,8102,4,2020-12-11
Biobío,8,Coronel,8102,4,2020-12-14
Biobío,8,Coronel,8102,3,2020-12-17
Biobío,8,Coronel,8102,2,2020-12-18
Biobío,8,Coronel,8102,2,2020-12-19
Biobío,8,Coronel,8102,5,2020-12-21
Biobío,8,Coronel,8102,1,2020-12-22
Biobío,8,Coronel,8102,1,2020-12-23
Biobío,8,Coronel,8102,3,2020-12-24
Biobío,8,Coronel,8102,7,2020-12-28
Biobío,8,Coronel,8102,2,2020-12-29
Biobío,8,Coronel,8102,2,2020-12-30
Biobío,8,Coronel,8102,3,2020-12-31
Biobío,8,Coronel,8102,2,2021-01-02
Biobío,8,Coronel,8102,4,2021-01-04
Biobío,8,Coronel,8102,5,2021-01-05
Biobío,8,Coronel,8102,1,2021-01-06
Biobío,8,Coronel,8102,2,2021-01-07
Biobío,8,Coronel,8102,2,2021-01-08
Biobío,8,Coronel,8102,3,2021-01-11
Biobío,8,Coronel,8102,3,2021-01-12
Biobío,8,Coronel,8102,7,2021-01-14
Biobío,8,Chiguayante,8103,1,2020-01-02
Biobío,8,Chiguayante,8103,1,2020-01-04
Biobío,8,Chiguayante,8103,2,2020-01-06
Biobío,8,Chiguayante,8103,2,2020-01-13
Biobío,8,Chiguayante,8103,2,2020-01-14
Biobío,8,Chiguayante,8103,2,2020-01-15
Biobío,8,Chiguayante,8103,1,2020-01-17
Biobío,8,Chiguayante,8103,4,2020-01-20
Biobío,8,Chiguayante,8103,2,2020-01-21
Biobío,8,Chiguayante,8103,1,2020-01-24
Biobío,8,Chiguayante,8103,1,2020-01-27
Biobío,8,Chiguayante,8103,1,2020-01-28
Biobío,8,Chiguayante,8103,3,2020-01-29
Biobío,8,Chiguayante,8103,3,2020-01-30
Biobío,8,Chiguayante,8103,1,2020-02-04
Biobío,8,Chiguayante,8103,1,2020-02-07
Biobío,8,Chiguayante,8103,1,2020-02-10
Biobío,8,Chiguayante,8103,1,2020-02-13
Biobío,8,Chiguayante,8103,1,2020-02-18
Biobío,8,Chiguayante,8103,1,2020-02-19
Biobío,8,Chiguayante,8103,5,2020-02-24
Biobío,8,Chiguayante,8103,1,2020-02-26
Biobío,8,Chiguayante,8103,1,2020-02-27
Biobío,8,Chiguayante,8103,3,2020-03-02
Biobío,8,Chiguayante,8103,1,2020-03-03
Biobío,8,Chiguayante,8103,1,2020-03-05
Biobío,8,Chiguayante,8103,1,2020-03-06
Biobío,8,Chiguayante,8103,1,2020-03-09
Biobío,8,Chiguayante,8103,1,2020-03-10
Biobío,8,Chiguayante,8103,2,2020-03-11
Biobío,8,Chiguayante,8103,2,2020-03-13
Biobío,8,Chiguayante,8103,2,2020-03-16
Biobío,8,Chiguayante,8103,1,2020-03-18
Biobío,8,Chiguayante,8103,1,2020-03-19
Biobío,8,Chiguayante,8103,1,2020-03-20
Biobío,8,Chiguayante,8103,1,2020-03-23
Biobío,8,Chiguayante,8103,1,2020-03-25
Biobío,8,Chiguayante,8103,1,2020-03-31
Biobío,8,Chiguayante,8103,3,2020-04-01
Biobío,8,Chiguayante,8103,2,2020-04-02
Biobío,8,Chiguayante,8103,4,2020-04-06
Biobío,8,Chiguayante,8103,1,2020-04-08
Biobío,8,Chiguayante,8103,4,2020-04-13
Biobío,8,Chiguayante,8103,1,2020-04-17
Biobío,8,Chiguayante,8103,2,2020-04-20
Biobío,8,Chiguayante,8103,3,2020-04-21
Biobío,8,Chiguayante,8103,1,2020-04-22
Biobío,8,Chiguayante,8103,1,2020-04-27
Biobío,8,Chiguayante,8103,1,2020-04-29
Biobío,8,Chiguayante,8103,2,2020-04-30
Biobío,8,Chiguayante,8103,3,2020-05-04
Biobío,8,Chiguayante,8103,1,2020-05-05
Biobío,8,Chiguayante,8103,2,2020-05-06
Biobío,8,Chiguayante,8103,1,2020-05-08
Biobío,8,Chiguayante,8103,2,2020-05-11
Biobío,8,Chiguayante,8103,3,2020-05-13
Biobío,8,Chiguayante,8103,1,2020-05-14
Biobío,8,Chiguayante,8103,1,2020-05-15
Biobío,8,Chiguayante,8103,1,2020-05-18
Biobío,8,Chiguayante,8103,1,2020-05-19
Biobío,8,Chiguayante,8103,3,2020-05-22
Biobío,8,Chiguayante,8103,1,2020-05-25
Biobío,8,Chiguayante,8103,1,2020-05-27
Biobío,8,Chiguayante,8103,1,2020-05-28
Biobío,8,Chiguayante,8103,1,2020-06-01
Biobío,8,Chiguayante,8103,2,2020-06-02
Biobío,8,Chiguayante,8103,4,2020-06-08
Biobío,8,Chiguayante,8103,1,2020-06-09
Biobío,8,Chiguayante,8103,2,2020-06-10
Biobío,8,Chiguayante,8103,3,2020-06-11
Biobío,8,Chiguayante,8103,3,2020-06-15
Biobío,8,Chiguayante,8103,1,2020-06-17
Biobío,8,Chiguayante,8103,1,2020-06-18
Biobío,8,Chiguayante,8103,1,2020-06-23
Biobío,8,Chiguayante,8103,2,2020-06-24
Biobío,8,Chiguayante,8103,3,2020-06-26
Biobío,8,Chiguayante,8103,3,2020-06-30
Biobío,8,Chiguayante,8103,1,2020-07-01
Biobío,8,Chiguayante,8103,2,2020-07-02
Biobío,8,Chiguayante,8103,1,2020-07-06
Biobío,8,Chiguayante,8103,1,2020-07-07
Biobío,8,Chiguayante,8103,1,2020-07-10
Biobío,8,Chiguayante,8103,1,2020-07-13
Biobío,8,Chiguayante,8103,1,2020-07-15
Biobío,8,Chiguayante,8103,1,2020-07-17
Biobío,8,Chiguayante,8103,1,2020-07-20
Biobío,8,Chiguayante,8103,2,2020-07-21
Biobío,8,Chiguayante,8103,1,2020-07-22
Biobío,8,Chiguayante,8103,1,2020-07-26
Biobío,8,Chiguayante,8103,1,2020-07-27
Biobío,8,Chiguayante,8103,2,2020-07-28
Biobío,8,Chiguayante,8103,3,2020-07-29
Biobío,8,Chiguayante,8103,1,2020-07-30
Biobío,8,Chiguayante,8103,2,2020-07-31
Biobío,8,Chiguayante,8103,1,2020-08-03
Biobío,8,Chiguayante,8103,1,2020-08-05
Biobío,8,Chiguayante,8103,1,2020-08-10
Biobío,8,Chiguayante,8103,2,2020-08-17
Biobío,8,Chiguayante,8103,2,2020-08-19
Biobío,8,Chiguayante,8103,3,2020-08-20
Biobío,8,Chiguayante,8103,1,2020-08-21
Biobío,8,Chiguayante,8103,3,2020-08-24
Biobío,8,Chiguayante,8103,1,2020-08-25
Biobío,8,Chiguayante,8103,2,2020-08-27
Biobío,8,Chiguayante,8103,1,2020-08-28
Biobío,8,Chiguayante,8103,1,2020-08-30
Biobío,8,Chiguayante,8103,2,2020-09-01
Biobío,8,Chiguayante,8103,1,2020-09-02
Biobío,8,Chiguayante,8103,1,2020-09-03
Biobío,8,Chiguayante,8103,1,2020-09-04
Biobío,8,Chiguayante,8103,3,2020-09-05
Biobío,8,Chiguayante,8103,1,2020-09-07
Biobío,8,Chiguayante,8103,1,2020-09-08
Biobío,8,Chiguayante,8103,1,2020-09-09
Biobío,8,Chiguayante,8103,2,2020-09-10
Biobío,8,Chiguayante,8103,1,2020-09-12
Biobío,8,Chiguayante,8103,3,2020-09-14
Biobío,8,Chiguayante,8103,1,2020-09-16
Biobío,8,Chiguayante,8103,1,2020-09-17
Biobío,8,Chiguayante,8103,4,2020-09-21
Biobío,8,Chiguayante,8103,1,2020-09-23
Biobío,8,Chiguayante,8103,2,2020-09-24
Biobío,8,Chiguayante,8103,1,2020-09-28
Biobío,8,Chiguayante,8103,2,2020-09-29
Biobío,8,Chiguayante,8103,1,2020-09-30
Biobío,8,Chiguayante,8103,1,2020-10-01
Biobío,8,Chiguayante,8103,1,2020-10-05
Biobío,8,Chiguayante,8103,3,2020-10-06
Biobío,8,Chiguayante,8103,2,2020-10-07
Biobío,8,Chiguayante,8103,4,2020-10-13
Biobío,8,Chiguayante,8103,2,2020-10-14
Biobío,8,Chiguayante,8103,1,2020-10-17
Biobío,8,Chiguayante,8103,2,2020-10-19
Biobío,8,Chiguayante,8103,1,2020-10-20
Biobío,8,Chiguayante,8103,1,2020-10-21
Biobío,8,Chiguayante,8103,2,2020-10-24
Biobío,8,Chiguayante,8103,1,2020-10-26
Biobío,8,Chiguayante,8103,1,2020-10-27
Biobío,8,Chiguayante,8103,1,2020-10-28
Biobío,8,Chiguayante,8103,1,2020-10-29
Biobío,8,Chiguayante,8103,1,2020-10-31
Biobío,8,Chiguayante,8103,1,2020-11-05
Biobío,8,Chiguayante,8103,1,2020-11-07
Biobío,8,Chiguayante,8103,3,2020-11-09
Biobío,8,Chiguayante,8103,1,2020-11-11
Biobío,8,Chiguayante,8103,2,2020-11-13
Biobío,8,Chiguayante,8103,4,2020-11-16
Biobío,8,Chiguayante,8103,1,2020-11-17
Biobío,8,Chiguayante,8103,1,2020-11-19
Biobío,8,Chiguayante,8103,3,2020-11-23
Biobío,8,Chiguayante,8103,4,2020-11-27
Biobío,8,Chiguayante,8103,2,2020-11-28
Biobío,8,Chiguayante,8103,1,2020-11-30
Biobío,8,Chiguayante,8103,1,2020-12-01
Biobío,8,Chiguayante,8103,1,2020-12-03
Biobío,8,Chiguayante,8103,3,2020-12-05
Biobío,8,Chiguayante,8103,2,2020-12-07
Biobío,8,Chiguayante,8103,2,2020-12-09
Biobío,8,Chiguayante,8103,2,2020-12-11
Biobío,8,Chiguayante,8103,1,2020-12-15
Biobío,8,Chiguayante,8103,1,2020-12-16
Biobío,8,Chiguayante,8103,1,2020-12-17
Biobío,8,Chiguayante,8103,1,2020-12-19
Biobío,8,Chiguayante,8103,1,2020-12-21
Biobío,8,Chiguayante,8103,2,2020-12-23
Biobío,8,Chiguayante,8103,4,2020-12-26
Biobío,8,Chiguayante,8103,3,2020-12-28
Biobío,8,Chiguayante,8103,1,2020-12-30
Biobío,8,Chiguayante,8103,2,2021-01-02
Biobío,8,Chiguayante,8103,2,2021-01-04
Biobío,8,Chiguayante,8103,1,2021-01-06
Biobío,8,Chiguayante,8103,1,2021-01-07
Biobío,8,Chiguayante,8103,1,2021-01-09
Biobío,8,Chiguayante,8103,4,2021-01-11
Biobío,8,Chiguayante,8103,2,2021-01-12
Biobío,8,Chiguayante,8103,1,2021-01-14
Biobío,8,Florida,8104,1,2020-01-08
Biobío,8,Florida,8104,1,2020-01-09
Biobío,8,Florida,8104,1,2020-01-15
Biobío,8,Florida,8104,1,2020-01-16
Biobío,8,Florida,8104,1,2020-01-22
Biobío,8,Florida,8104,1,2020-01-23
Biobío,8,Florida,8104,1,2020-01-27
Biobío,8,Florida,8104,1,2020-02-04
Biobío,8,Florida,8104,1,2020-02-07
Biobío,8,Florida,8104,1,2020-02-10
Biobío,8,Florida,8104,1,2020-02-13
Biobío,8,Florida,8104,1,2020-02-17
Biobío,8,Florida,8104,1,2020-02-18
Biobío,8,Florida,8104,1,2020-02-28
Biobío,8,Florida,8104,2,2020-03-02
Biobío,8,Florida,8104,1,2020-03-16
Biobío,8,Florida,8104,1,2020-04-02
Biobío,8,Florida,8104,1,2020-04-03
Biobío,8,Florida,8104,1,2020-04-08
Biobío,8,Florida,8104,1,2020-04-14
Biobío,8,Florida,8104,2,2020-04-23
Biobío,8,Florida,8104,1,2020-05-14
Biobío,8,Florida,8104,1,2020-05-19
Biobío,8,Florida,8104,2,2020-06-09
Biobío,8,Florida,8104,1,2020-06-16
Biobío,8,Florida,8104,1,2020-06-23
Biobío,8,Florida,8104,1,2020-06-24
Biobío,8,Florida,8104,1,2020-06-25
Biobío,8,Florida,8104,1,2020-06-30
Biobío,8,Florida,8104,1,2020-07-03
Biobío,8,Florida,8104,2,2020-07-07
Biobío,8,Florida,8104,1,2020-07-13
Biobío,8,Florida,8104,2,2020-07-21
Biobío,8,Florida,8104,1,2020-08-04
Biobío,8,Florida,8104,1,2020-08-06
Biobío,8,Florida,8104,1,2020-08-13
Biobío,8,Florida,8104,1,2020-09-01
Biobío,8,Florida,8104,1,2020-09-08
Biobío,8,Florida,8104,1,2020-09-16
Biobío,8,Florida,8104,1,2020-10-01
Biobío,8,Florida,8104,1,2020-10-02
Biobío,8,Florida,8104,1,2020-10-08
Biobío,8,Florida,8104,1,2020-10-14
Biobío,8,Florida,8104,1,2020-10-16
Biobío,8,Florida,8104,1,2020-10-23
Biobío,8,Florida,8104,1,2020-10-28
Biobío,8,Florida,8104,1,2020-10-30
Biobío,8,Florida,8104,1,2020-11-02
Biobío,8,Florida,8104,1,2020-11-12
Biobío,8,Florida,8104,1,2020-11-25
Biobío,8,Florida,8104,1,2020-11-27
Biobío,8,Florida,8104,1,2020-11-30
Biobío,8,Florida,8104,1,2020-12-02
Biobío,8,Florida,8104,1,2020-12-03
Biobío,8,Florida,8104,1,2020-12-10
Biobío,8,Florida,8104,1,2020-12-28
Biobío,8,Florida,8104,2,2021-01-04
Biobío,8,Florida,8104,1,2021-01-08
Biobío,8,Florida,8104,1,2021-01-13
Biobío,8,Hualqui,8105,1,2020-01-02
Biobío,8,Hualqui,8105,1,2020-01-13
Biobío,8,Hualqui,8105,1,2020-02-05
Biobío,8,Hualqui,8105,2,2020-02-13
Biobío,8,Hualqui,8105,1,2020-02-21
Biobío,8,Hualqui,8105,1,2020-02-24
Biobío,8,Hualqui,8105,1,2020-03-02
Biobío,8,Hualqui,8105,1,2020-03-03
Biobío,8,Hualqui,8105,1,2020-03-05
Biobío,8,Hualqui,8105,1,2020-03-06
Biobío,8,Hualqui,8105,1,2020-03-12
Biobío,8,Hualqui,8105,1,2020-03-20
Biobío,8,Hualqui,8105,2,2020-03-23
Biobío,8,Hualqui,8105,2,2020-03-24
Biobío,8,Hualqui,8105,2,2020-03-31
Biobío,8,Hualqui,8105,1,2020-04-03
Biobío,8,Hualqui,8105,3,2020-04-07
Biobío,8,Hualqui,8105,1,2020-04-16
Biobío,8,Hualqui,8105,1,2020-04-17
Biobío,8,Hualqui,8105,1,2020-04-24
Biobío,8,Hualqui,8105,1,2020-04-27
Biobío,8,Hualqui,8105,2,2020-04-30
Biobío,8,Hualqui,8105,1,2020-05-04
Biobío,8,Hualqui,8105,1,2020-05-08
Biobío,8,Hualqui,8105,1,2020-05-20
Biobío,8,Hualqui,8105,1,2020-05-22
Biobío,8,Hualqui,8105,2,2020-05-25
Biobío,8,Hualqui,8105,1,2020-05-29
Biobío,8,Hualqui,8105,2,2020-06-03
Biobío,8,Hualqui,8105,1,2020-06-15
Biobío,8,Hualqui,8105,1,2020-06-17
Biobío,8,Hualqui,8105,2,2020-06-22
Biobío,8,Hualqui,8105,1,2020-06-24
Biobío,8,Hualqui,8105,1,2020-06-26
Biobío,8,Hualqui,8105,1,2020-06-27
Biobío,8,Hualqui,8105,1,2020-07-01
Biobío,8,Hualqui,8105,2,2020-07-06
Biobío,8,Hualqui,8105,2,2020-07-10
Biobío,8,Hualqui,8105,1,2020-07-17
Biobío,8,Hualqui,8105,1,2020-07-22
Biobío,8,Hualqui,8105,1,2020-07-28
Biobío,8,Hualqui,8105,1,2020-07-31
Biobío,8,Hualqui,8105,1,2020-08-03
Biobío,8,Hualqui,8105,1,2020-08-12
Biobío,8,Hualqui,8105,1,2020-08-14
Biobío,8,Hualqui,8105,2,2020-08-17
Biobío,8,Hualqui,8105,1,2020-08-21
Biobío,8,Hualqui,8105,1,2020-08-28
Biobío,8,Hualqui,8105,1,2020-09-04
Biobío,8,Hualqui,8105,1,2020-09-08
Biobío,8,Hualqui,8105,1,2020-09-09
Biobío,8,Hualqui,8105,2,2020-09-10
Biobío,8,Hualqui,8105,1,2020-09-14
Biobío,8,Hualqui,8105,1,2020-09-22
Biobío,8,Hualqui,8105,1,2020-09-30
Biobío,8,Hualqui,8105,1,2020-10-02
Biobío,8,Hualqui,8105,1,2020-10-06
Biobío,8,Hualqui,8105,1,2020-10-08
Biobío,8,Hualqui,8105,2,2020-10-13
Biobío,8,Hualqui,8105,1,2020-10-14
Biobío,8,Hualqui,8105,2,2020-10-23
Biobío,8,Hualqui,8105,1,2020-10-26
Biobío,8,Hualqui,8105,2,2020-10-27
Biobío,8,Hualqui,8105,1,2020-10-30
Biobío,8,Hualqui,8105,1,2020-10-31
Biobío,8,Hualqui,8105,2,2020-11-09
Biobío,8,Hualqui,8105,1,2020-11-11
Biobío,8,Hualqui,8105,1,2020-11-18
Biobío,8,Hualqui,8105,1,2020-11-23
Biobío,8,Hualqui,8105,1,2020-11-24
Biobío,8,Hualqui,8105,1,2020-11-27
Biobío,8,Hualqui,8105,1,2020-11-30
Biobío,8,Hualqui,8105,1,2020-12-02
Biobío,8,Hualqui,8105,1,2020-12-04
Biobío,8,Hualqui,8105,1,2020-12-10
Biobío,8,Hualqui,8105,1,2020-12-11
Biobío,8,Hualqui,8105,1,2020-12-15
Biobío,8,Hualqui,8105,1,2020-12-16
Biobío,8,Hualqui,8105,1,2020-12-18
Biobío,8,Hualqui,8105,1,2020-12-29
Biobío,8,Hualqui,8105,3,2021-01-04
Biobío,8,Hualqui,8105,1,2021-01-05
Biobío,8,Hualqui,8105,1,2021-01-08
Biobío,8,Hualqui,8105,1,2021-01-12
Biobío,8,Hualqui,8105,1,2021-01-13
Biobío,8,Lota,8106,1,2020-01-02
Biobío,8,Lota,8106,3,2020-01-03
Biobío,8,Lota,8106,2,2020-01-06
Biobío,8,Lota,8106,1,2020-01-09
Biobío,8,Lota,8106,2,2020-01-13
Biobío,8,Lota,8106,3,2020-01-15
Biobío,8,Lota,8106,1,2020-01-16
Biobío,8,Lota,8106,2,2020-01-21
Biobío,8,Lota,8106,1,2020-01-23
Biobío,8,Lota,8106,1,2020-01-29
Biobío,8,Lota,8106,1,2020-02-03
Biobío,8,Lota,8106,2,2020-02-05
Biobío,8,Lota,8106,1,2020-02-06
Biobío,8,Lota,8106,1,2020-02-07
Biobío,8,Lota,8106,1,2020-02-10
Biobío,8,Lota,8106,1,2020-02-12
Biobío,8,Lota,8106,3,2020-02-17
Biobío,8,Lota,8106,1,2020-02-20
Biobío,8,Lota,8106,1,2020-02-24
Biobío,8,Lota,8106,2,2020-02-26
Biobío,8,Lota,8106,2,2020-02-27
Biobío,8,Lota,8106,1,2020-02-28
Biobío,8,Lota,8106,1,2020-03-04
Biobío,8,Lota,8106,1,2020-03-05
Biobío,8,Lota,8106,2,2020-03-09
Biobío,8,Lota,8106,1,2020-03-11
Biobío,8,Lota,8106,1,2020-03-13
Biobío,8,Lota,8106,1,2020-03-16
Biobío,8,Lota,8106,1,2020-03-23
Biobío,8,Lota,8106,1,2020-03-25
Biobío,8,Lota,8106,1,2020-03-26
Biobío,8,Lota,8106,4,2020-03-27
Biobío,8,Lota,8106,2,2020-03-31
Biobío,8,Lota,8106,1,2020-04-02
Biobío,8,Lota,8106,1,2020-04-03
Biobío,8,Lota,8106,1,2020-04-07
Biobío,8,Lota,8106,2,2020-04-09
Biobío,8,Lota,8106,3,2020-04-13
Biobío,8,Lota,8106,4,2020-04-15
Biobío,8,Lota,8106,1,2020-04-17
Biobío,8,Lota,8106,3,2020-04-20
Biobío,8,Lota,8106,1,2020-04-27
Biobío,8,Lota,8106,1,2020-04-29
Biobío,8,Lota,8106,2,2020-04-30
Biobío,8,Lota,8106,3,2020-05-04
Biobío,8,Lota,8106,2,2020-05-06
Biobío,8,Lota,8106,1,2020-05-08
Biobío,8,Lota,8106,4,2020-05-13
Biobío,8,Lota,8106,1,2020-05-15
Biobío,8,Lota,8106,1,2020-05-18
Biobío,8,Lota,8106,2,2020-05-20
Biobío,8,Lota,8106,1,2020-05-25
Biobío,8,Lota,8106,2,2020-05-27
Biobío,8,Lota,8106,0,2020-05-29
Biobío,8,Lota,8106,5,2020-06-02
Biobío,8,Lota,8106,2,2020-06-04
Biobío,8,Lota,8106,1,2020-06-05
Biobío,8,Lota,8106,1,2020-06-06
Biobío,8,Lota,8106,3,2020-06-10
Biobío,8,Lota,8106,1,2020-06-15
Biobío,8,Lota,8106,2,2020-06-17
Biobío,8,Lota,8106,1,2020-06-19
Biobío,8,Lota,8106,2,2020-06-24
Biobío,8,Lota,8106,3,2020-06-26
Biobío,8,Lota,8106,1,2020-06-27
Biobío,8,Lota,8106,3,2020-07-01
Biobío,8,Lota,8106,2,2020-07-03
Biobío,8,Lota,8106,2,2020-07-06
Biobío,8,Lota,8106,1,2020-07-08
Biobío,8,Lota,8106,1,2020-07-12
Biobío,8,Lota,8106,4,2020-07-13
Biobío,8,Lota,8106,4,2020-07-15
Biobío,8,Lota,8106,3,2020-07-17
Biobío,8,Lota,8106,4,2020-07-20
Biobío,8,Lota,8106,1,2020-07-21
Biobío,8,Lota,8106,2,2020-07-27
Biobío,8,Lota,8106,3,2020-07-29
Biobío,8,Lota,8106,3,2020-07-31
Biobío,8,Lota,8106,4,2020-08-03
Biobío,8,Lota,8106,1,2020-08-04
Biobío,8,Lota,8106,1,2020-08-05
Biobío,8,Lota,8106,1,2020-08-09
Biobío,8,Lota,8106,1,2020-08-10
Biobío,8,Lota,8106,2,2020-08-12
Biobío,8,Lota,8106,2,2020-08-14
Biobío,8,Lota,8106,1,2020-08-15
Biobío,8,Lota,8106,3,2020-08-17
Biobío,8,Lota,8106,3,2020-08-19
Biobío,8,Lota,8106,1,2020-08-20
Biobío,8,Lota,8106,1,2020-08-21
Biobío,8,Lota,8106,2,2020-08-22
Biobío,8,Lota,8106,1,2020-08-25
Biobío,8,Lota,8106,1,2020-08-26
Biobío,8,Lota,8106,3,2020-08-28
Biobío,8,Lota,8106,1,2020-08-29
Biobío,8,Lota,8106,1,2020-08-30
Biobío,8,Lota,8106,2,2020-08-31
Biobío,8,Lota,8106,1,2020-09-01
Biobío,8,Lota,8106,1,2020-09-02
Biobío,8,Lota,8106,2,2020-09-04
Biobío,8,Lota,8106,2,2020-09-07
Biobío,8,Lota,8106,3,2020-09-09
Biobío,8,Lota,8106,2,2020-09-14
Biobío,8,Lota,8106,1,2020-09-16
Biobío,8,Lota,8106,1,2020-09-18
Biobío,8,Lota,8106,2,2020-09-21
Biobío,8,Lota,8106,2,2020-09-23
Biobío,8,Lota,8106,3,2020-09-25
Biobío,8,Lota,8106,3,2020-09-28
Biobío,8,Lota,8106,1,2020-09-30
Biobío,8,Lota,8106,1,2020-10-01
Biobío,8,Lota,8106,1,2020-10-02
Biobío,8,Lota,8106,4,2020-10-05
Biobío,8,Lota,8106,2,2020-10-06
Biobío,8,Lota,8106,1,2020-10-09
Biobío,8,Lota,8106,1,2020-10-10
Biobío,8,Lota,8106,2,2020-10-13
Biobío,8,Lota,8106,3,2020-10-14
Biobío,8,Lota,8106,2,2020-10-15
Biobío,8,Lota,8106,5,2020-10-19
Biobío,8,Lota,8106,3,2020-10-23
Biobío,8,Lota,8106,3,2020-10-26
Biobío,8,Lota,8106,2,2020-10-30
Biobío,8,Lota,8106,4,2020-11-02
Biobío,8,Lota,8106,1,2020-11-06
Biobío,8,Lota,8106,5,2020-11-09
Biobío,8,Lota,8106,1,2020-11-11
Biobío,8,Lota,8106,3,2020-11-13
Biobío,8,Lota,8106,1,2020-11-14
Biobío,8,Lota,8106,1,2020-11-17
Biobío,8,Lota,8106,2,2020-11-18
Biobío,8,Lota,8106,1,2020-11-21
Biobío,8,Lota,8106,3,2020-11-23
Biobío,8,Lota,8106,1,2020-11-25
Biobío,8,Lota,8106,1,2020-11-27
Biobío,8,Lota,8106,3,2020-11-30
Biobío,8,Lota,8106,2,2020-12-02
Biobío,8,Lota,8106,1,2020-12-03
Biobío,8,Lota,8106,5,2020-12-07
Biobío,8,Lota,8106,1,2020-12-09
Biobío,8,Lota,8106,1,2020-12-10
Biobío,8,Lota,8106,2,2020-12-11
Biobío,8,Lota,8106,3,2020-12-14
Biobío,8,Lota,8106,2,2020-12-15
Biobío,8,Lota,8106,1,2020-12-18
Biobío,8,Lota,8106,2,2020-12-21
Biobío,8,Lota,8106,4,2020-12-24
Biobío,8,Lota,8106,1,2020-12-25
Biobío,8,Lota,8106,1,2020-12-26
Biobío,8,Lota,8106,2,2020-12-28
Biobío,8,Lota,8106,2,2020-12-30
Biobío,8,Lota,8106,1,2021-01-02
Biobío,8,Lota,8106,2,2021-01-04
Biobío,8,Lota,8106,1,2021-01-05
Biobío,8,Lota,8106,1,2021-01-06
Biobío,8,Lota,8106,4,2021-01-07
Biobío,8,Lota,8106,2,2021-01-08
Biobío,8,Lota,8106,1,2021-01-11
Biobío,8,Lota,8106,2,2021-01-13
Biobío,8,Penco,8107,2,2020-01-02
Biobío,8,Penco,8107,3,2020-01-06
Biobío,8,Penco,8107,1,2020-01-08
Biobío,8,Penco,8107,4,2020-01-13
Biobío,8,Penco,8107,2,2020-01-15
Biobío,8,Penco,8107,1,2020-01-17
Biobío,8,Penco,8107,2,2020-01-20
Biobío,8,Penco,8107,3,2020-01-27
Biobío,8,Penco,8107,2,2020-01-29
Biobío,8,Penco,8107,1,2020-01-31
Biobío,8,Penco,8107,3,2020-02-03
Biobío,8,Penco,8107,1,2020-02-07
Biobío,8,Penco,8107,1,2020-02-11
Biobío,8,Penco,8107,1,2020-02-13
Biobío,8,Penco,8107,1,2020-02-18
Biobío,8,Penco,8107,1,2020-02-21
Biobío,8,Penco,8107,3,2020-02-24
Biobío,8,Penco,8107,2,2020-02-25
Biobío,8,Penco,8107,1,2020-02-26
Biobío,8,Penco,8107,1,2020-02-28
Biobío,8,Penco,8107,1,2020-03-05
Biobío,8,Penco,8107,3,2020-03-09
Biobío,8,Penco,8107,1,2020-03-11
Biobío,8,Penco,8107,1,2020-03-12
Biobío,8,Penco,8107,2,2020-03-23
Biobío,8,Penco,8107,2,2020-03-26
Biobío,8,Penco,8107,1,2020-03-27
Biobío,8,Penco,8107,3,2020-04-03
Biobío,8,Penco,8107,1,2020-04-07
Biobío,8,Penco,8107,1,2020-04-09
Biobío,8,Penco,8107,1,2020-04-13
Biobío,8,Penco,8107,3,2020-04-14
Biobío,8,Penco,8107,1,2020-04-15
Biobío,8,Penco,8107,1,2020-04-16
Biobío,8,Penco,8107,1,2020-04-20
Biobío,8,Penco,8107,1,2020-04-21
Biobío,8,Penco,8107,2,2020-04-23
Biobío,8,Penco,8107,1,2020-04-24
Biobío,8,Penco,8107,1,2020-04-27
Biobío,8,Penco,8107,1,2020-04-30
Biobío,8,Penco,8107,1,2020-05-05
Biobío,8,Penco,8107,1,2020-05-07
Biobío,8,Penco,8107,2,2020-05-11
Biobío,8,Penco,8107,1,2020-05-13
Biobío,8,Penco,8107,2,2020-05-15
Biobío,8,Penco,8107,4,2020-05-18
Biobío,8,Penco,8107,1,2020-05-19
Biobío,8,Penco,8107,1,2020-05-25
Biobío,8,Penco,8107,3,2020-05-26
Biobío,8,Penco,8107,1,2020-05-27
Biobío,8,Penco,8107,1,2020-05-28
Biobío,8,Penco,8107,4,2020-06-01
Biobío,8,Penco,8107,1,2020-06-03
Biobío,8,Penco,8107,1,2020-06-04
Biobío,8,Penco,8107,1,2020-06-09
Biobío,8,Penco,8107,1,2020-06-10
Biobío,8,Penco,8107,1,2020-06-11
Biobío,8,Penco,8107,3,2020-06-12
Biobío,8,Penco,8107,1,2020-06-18
Biobío,8,Penco,8107,2,2020-06-19
Biobío,8,Penco,8107,2,2020-06-22
Biobío,8,Penco,8107,3,2020-06-23
Biobío,8,Penco,8107,4,2020-06-25
Biobío,8,Penco,8107,3,2020-06-30
Biobío,8,Penco,8107,2,2020-07-06
Biobío,8,Penco,8107,1,2020-07-09
Biobío,8,Penco,8107,3,2020-07-13
Biobío,8,Penco,8107,1,2020-07-14
Biobío,8,Penco,8107,5,2020-07-20
Biobío,8,Penco,8107,2,2020-07-21
Biobío,8,Penco,8107,3,2020-07-23
Biobío,8,Penco,8107,3,2020-07-24
Biobío,8,Penco,8107,1,2020-07-27
Biobío,8,Penco,8107,1,2020-07-28
Biobío,8,Penco,8107,2,2020-07-31
Biobío,8,Penco,8107,1,2020-08-06
Biobío,8,Penco,8107,2,2020-08-11
Biobío,8,Penco,8107,2,2020-08-13
Biobío,8,Penco,8107,2,2020-08-14
Biobío,8,Penco,8107,2,2020-08-17
Biobío,8,Penco,8107,1,2020-08-18
Biobío,8,Penco,8107,1,2020-08-20
Biobío,8,Penco,8107,1,2020-08-21
Biobío,8,Penco,8107,3,2020-08-24
Biobío,8,Penco,8107,1,2020-08-25
Biobío,8,Penco,8107,1,2020-08-26
Biobío,8,Penco,8107,1,2020-08-27
Biobío,8,Penco,8107,1,2020-08-28
Biobío,8,Penco,8107,1,2020-09-02
Biobío,8,Penco,8107,1,2020-09-03
Biobío,8,Penco,8107,2,2020-09-05
Biobío,8,Penco,8107,1,2020-09-06
Biobío,8,Penco,8107,3,2020-09-07
Biobío,8,Penco,8107,1,2020-09-09
Biobío,8,Penco,8107,1,2020-09-14
Biobío,8,Penco,8107,3,2020-09-15
Biobío,8,Penco,8107,1,2020-09-17
Biobío,8,Penco,8107,3,2020-09-21
Biobío,8,Penco,8107,1,2020-09-25
Biobío,8,Penco,8107,1,2020-09-28
Biobío,8,Penco,8107,1,2020-09-29
Biobío,8,Penco,8107,1,2020-10-01
Biobío,8,Penco,8107,2,2020-10-05
Biobío,8,Penco,8107,1,2020-10-09
Biobío,8,Penco,8107,1,2020-10-15
Biobío,8,Penco,8107,1,2020-10-16
Biobío,8,Penco,8107,2,2020-10-19
Biobío,8,Penco,8107,1,2020-10-21
Biobío,8,Penco,8107,2,2020-10-22
Biobío,8,Penco,8107,1,2020-10-24
Biobío,8,Penco,8107,2,2020-10-26
Biobío,8,Penco,8107,2,2020-10-30
Biobío,8,Penco,8107,4,2020-11-02
Biobío,8,Penco,8107,1,2020-11-05
Biobío,8,Penco,8107,2,2020-11-09
Biobío,8,Penco,8107,1,2020-11-10
Biobío,8,Penco,8107,2,2020-11-11
Biobío,8,Penco,8107,5,2020-11-16
Biobío,8,Penco,8107,1,2020-11-17
Biobío,8,Penco,8107,1,2020-11-18
Biobío,8,Penco,8107,1,2020-11-19
Biobío,8,Penco,8107,1,2020-11-23
Biobío,8,Penco,8107,1,2020-11-24
Biobío,8,Penco,8107,1,2020-11-25
Biobío,8,Penco,8107,2,2020-11-26
Biobío,8,Penco,8107,1,2020-11-30
Biobío,8,Penco,8107,1,2020-12-02
Biobío,8,Penco,8107,1,2020-12-03
Biobío,8,Penco,8107,2,2020-12-04
Biobío,8,Penco,8107,3,2020-12-07
Biobío,8,Penco,8107,3,2020-12-09
Biobío,8,Penco,8107,2,2020-12-10
Biobío,8,Penco,8107,1,2020-12-12
Biobío,8,Penco,8107,1,2020-12-14
Biobío,8,Penco,8107,2,2020-12-15
Biobío,8,Penco,8107,1,2020-12-18
Biobío,8,Penco,8107,3,2020-12-21
Biobío,8,Penco,8107,1,2020-12-22
Biobío,8,Penco,8107,1,2020-12-24
Biobío,8,Penco,8107,1,2020-12-29
Biobío,8,Penco,8107,5,2021-01-04
Biobío,8,Penco,8107,1,2021-01-08
Biobío,8,Penco,8107,1,2021-01-09
Biobío,8,Penco,8107,1,2021-01-11
Biobío,8,Penco,8107,1,2021-01-13
Biobío,8,San Pedro de la Paz,8108,2,2020-01-02
Biobío,8,San Pedro de la Paz,8108,1,2020-01-06
Biobío,8,San Pedro de la Paz,8108,1,2020-01-08
Biobío,8,San Pedro de la Paz,8108,1,2020-01-09
Biobío,8,San Pedro de la Paz,8108,2,2020-01-10
Biobío,8,San Pedro de la Paz,8108,2,2020-01-13
Biobío,8,San Pedro de la Paz,8108,1,2020-01-16
Biobío,8,San Pedro de la Paz,8108,1,2020-01-17
Biobío,8,San Pedro de la Paz,8108,2,2020-01-20
Biobío,8,San Pedro de la Paz,8108,1,2020-01-21
Biobío,8,San Pedro de la Paz,8108,1,2020-01-22
Biobío,8,San Pedro de la Paz,8108,1,2020-01-23
Biobío,8,San Pedro de la Paz,8108,2,2020-01-27
Biobío,8,San Pedro de la Paz,8108,1,2020-01-28
Biobío,8,San Pedro de la Paz,8108,2,2020-01-29
Biobío,8,San Pedro de la Paz,8108,2,2020-01-31
Biobío,8,San Pedro de la Paz,8108,2,2020-02-03
Biobío,8,San Pedro de la Paz,8108,1,2020-02-06
Biobío,8,San Pedro de la Paz,8108,2,2020-02-10
Biobío,8,San Pedro de la Paz,8108,1,2020-02-12
Biobío,8,San Pedro de la Paz,8108,1,2020-02-13
Biobío,8,San Pedro de la Paz,8108,1,2020-02-14
Biobío,8,San Pedro de la Paz,8108,3,2020-02-17
Biobío,8,San Pedro de la Paz,8108,1,2020-02-19
Biobío,8,San Pedro de la Paz,8108,1,2020-02-20
Biobío,8,San Pedro de la Paz,8108,1,2020-02-21
Biobío,8,San Pedro de la Paz,8108,4,2020-02-24
Biobío,8,San Pedro de la Paz,8108,1,2020-02-25
Biobío,8,San Pedro de la Paz,8108,1,2020-02-26
Biobío,8,San Pedro de la Paz,8108,2,2020-02-27
Biobío,8,San Pedro de la Paz,8108,2,2020-02-28
Biobío,8,San Pedro de la Paz,8108,5,2020-03-02
Biobío,8,San Pedro de la Paz,8108,1,2020-03-03
Biobío,8,San Pedro de la Paz,8108,1,2020-03-05
Biobío,8,San Pedro de la Paz,8108,1,2020-03-10
Biobío,8,San Pedro de la Paz,8108,1,2020-03-12
Biobío,8,San Pedro de la Paz,8108,1,2020-03-13
Biobío,8,San Pedro de la Paz,8108,3,2020-03-16
Biobío,8,San Pedro de la Paz,8108,2,2020-03-17
Biobío,8,San Pedro de la Paz,8108,2,2020-03-18
Biobío,8,San Pedro de la Paz,8108,1,2020-03-19
Biobío,8,San Pedro de la Paz,8108,3,2020-03-23
Biobío,8,San Pedro de la Paz,8108,1,2020-03-24
Biobío,8,San Pedro de la Paz,8108,1,2020-03-25
Biobío,8,San Pedro de la Paz,8108,2,2020-03-26
Biobío,8,San Pedro de la Paz,8108,1,2020-03-27
Biobío,8,San Pedro de la Paz,8108,3,2020-03-30
Biobío,8,San Pedro de la Paz,8108,3,2020-03-31
Biobío,8,San Pedro de la Paz,8108,1,2020-04-02
Biobío,8,San Pedro de la Paz,8108,1,2020-04-03
Biobío,8,San Pedro de la Paz,8108,4,2020-04-06
Biobío,8,San Pedro de la Paz,8108,2,2020-04-08
Biobío,8,San Pedro de la Paz,8108,1,2020-04-09
Biobío,8,San Pedro de la Paz,8108,1,2020-04-10
Biobío,8,San Pedro de la Paz,8108,3,2020-04-13
Biobío,8,San Pedro de la Paz,8108,4,2020-04-14
Biobío,8,San Pedro de la Paz,8108,1,2020-04-15
Biobío,8,San Pedro de la Paz,8108,3,2020-04-17
Biobío,8,San Pedro de la Paz,8108,3,2020-04-20
Biobío,8,San Pedro de la Paz,8108,1,2020-04-21
Biobío,8,San Pedro de la Paz,8108,2,2020-04-24
Biobío,8,San Pedro de la Paz,8108,1,2020-04-27
Biobío,8,San Pedro de la Paz,8108,2,2020-04-30
Biobío,8,San Pedro de la Paz,8108,1,2020-05-01
Biobío,8,San Pedro de la Paz,8108,1,2020-05-02
Biobío,8,San Pedro de la Paz,8108,2,2020-05-04
Biobío,8,San Pedro de la Paz,8108,3,2020-05-07
Biobío,8,San Pedro de la Paz,8108,1,2020-05-08
Biobío,8,San Pedro de la Paz,8108,1,2020-05-11
Biobío,8,San Pedro de la Paz,8108,3,2020-05-13
Biobío,8,San Pedro de la Paz,8108,1,2020-05-14
Biobío,8,San Pedro de la Paz,8108,1,2020-05-18
Biobío,8,San Pedro de la Paz,8108,3,2020-05-19
Biobío,8,San Pedro de la Paz,8108,1,2020-05-25
Biobío,8,San Pedro de la Paz,8108,3,2020-05-27
Biobío,8,San Pedro de la Paz,8108,1,2020-05-28
Biobío,8,San Pedro de la Paz,8108,1,2020-05-29
Biobío,8,San Pedro de la Paz,8108,1,2020-06-01
Biobío,8,San Pedro de la Paz,8108,3,2020-06-02
Biobío,8,San Pedro de la Paz,8108,2,2020-06-03
Biobío,8,San Pedro de la Paz,8108,1,2020-06-04
Biobío,8,San Pedro de la Paz,8108,6,2020-06-08
Biobío,8,San Pedro de la Paz,8108,1,2020-06-10
Biobío,8,San Pedro de la Paz,8108,4,2020-06-12
Biobío,8,San Pedro de la Paz,8108,2,2020-06-15
Biobío,8,San Pedro de la Paz,8108,2,2020-06-17
Biobío,8,San Pedro de la Paz,8108,2,2020-06-19
Biobío,8,San Pedro de la Paz,8108,6,2020-06-22
Biobío,8,San Pedro de la Paz,8108,1,2020-06-23
Biobío,8,San Pedro de la Paz,8108,2,2020-06-26
Biobío,8,San Pedro de la Paz,8108,1,2020-06-27
Biobío,8,San Pedro de la Paz,8108,6,2020-06-30
Biobío,8,San Pedro de la Paz,8108,2,2020-07-01
Biobío,8,San Pedro de la Paz,8108,1,2020-07-02
Biobío,8,San Pedro de la Paz,8108,2,2020-07-06
Biobío,8,San Pedro de la Paz,8108,1,2020-07-07
Biobío,8,San Pedro de la Paz,8108,9,2020-07-13
Biobío,8,San Pedro de la Paz,8108,1,2020-07-14
Biobío,8,San Pedro de la Paz,8108,1,2020-07-15
Biobío,8,San Pedro de la Paz,8108,2,2020-07-17
Biobío,8,San Pedro de la Paz,8108,1,2020-07-19
Biobío,8,San Pedro de la Paz,8108,4,2020-07-20
Biobío,8,San Pedro de la Paz,8108,1,2020-07-21
Biobío,8,San Pedro de la Paz,8108,1,2020-07-23
Biobío,8,San Pedro de la Paz,8108,1,2020-07-24
Biobío,8,San Pedro de la Paz,8108,1,2020-07-26
Biobío,8,San Pedro de la Paz,8108,4,2020-07-27
Biobío,8,San Pedro de la Paz,8108,1,2020-07-28
Biobío,8,San Pedro de la Paz,8108,1,2020-07-29
Biobío,8,San Pedro de la Paz,8108,2,2020-07-30
Biobío,8,San Pedro de la Paz,8108,2,2020-07-31
Biobío,8,San Pedro de la Paz,8108,1,2020-08-01
Biobío,8,San Pedro de la Paz,8108,3,2020-08-03
Biobío,8,San Pedro de la Paz,8108,1,2020-08-04
Biobío,8,San Pedro de la Paz,8108,5,2020-08-10
Biobío,8,San Pedro de la Paz,8108,1,2020-08-11
Biobío,8,San Pedro de la Paz,8108,2,2020-08-12
Biobío,8,San Pedro de la Paz,8108,1,2020-08-13
Biobío,8,San Pedro de la Paz,8108,1,2020-08-14
Biobío,8,San Pedro de la Paz,8108,1,2020-08-15
Biobío,8,San Pedro de la Paz,8108,3,2020-08-17
Biobío,8,San Pedro de la Paz,8108,1,2020-08-18
Biobío,8,San Pedro de la Paz,8108,1,2020-08-19
Biobío,8,San Pedro de la Paz,8108,1,2020-08-20
Biobío,8,San Pedro de la Paz,8108,2,2020-08-21
Biobío,8,San Pedro de la Paz,8108,1,2020-08-22
Biobío,8,San Pedro de la Paz,8108,3,2020-08-24
Biobío,8,San Pedro de la Paz,8108,1,2020-08-25
Biobío,8,San Pedro de la Paz,8108,1,2020-08-26
Biobío,8,San Pedro de la Paz,8108,1,2020-08-27
Biobío,8,San Pedro de la Paz,8108,4,2020-08-31
Biobío,8,San Pedro de la Paz,8108,1,2020-09-01
Biobío,8,San Pedro de la Paz,8108,4,2020-09-02
Biobío,8,San Pedro de la Paz,8108,2,2020-09-03
Biobío,8,San Pedro de la Paz,8108,1,2020-09-04
Biobío,8,San Pedro de la Paz,8108,3,2020-09-07
Biobío,8,San Pedro de la Paz,8108,3,2020-09-08
Biobío,8,San Pedro de la Paz,8108,3,2020-09-09
Biobío,8,San Pedro de la Paz,8108,2,2020-09-10
Biobío,8,San Pedro de la Paz,8108,2,2020-09-11
Biobío,8,San Pedro de la Paz,8108,1,2020-09-12
Biobío,8,San Pedro de la Paz,8108,4,2020-09-14
Biobío,8,San Pedro de la Paz,8108,2,2020-09-15
Biobío,8,San Pedro de la Paz,8108,1,2020-09-16
Biobío,8,San Pedro de la Paz,8108,2,2020-09-19
Biobío,8,San Pedro de la Paz,8108,2,2020-09-21
Biobío,8,San Pedro de la Paz,8108,2,2020-09-23
Biobío,8,San Pedro de la Paz,8108,2,2020-09-24
Biobío,8,San Pedro de la Paz,8108,1,2020-09-25
Biobío,8,San Pedro de la Paz,8108,4,2020-09-28
Biobío,8,San Pedro de la Paz,8108,2,2020-09-30
Biobío,8,San Pedro de la Paz,8108,2,2020-10-02
Biobío,8,San Pedro de la Paz,8108,3,2020-10-05
Biobío,8,San Pedro de la Paz,8108,1,2020-10-06
Biobío,8,San Pedro de la Paz,8108,2,2020-10-07
Biobío,8,San Pedro de la Paz,8108,2,2020-10-08
Biobío,8,San Pedro de la Paz,8108,1,2020-10-10
Biobío,8,San Pedro de la Paz,8108,6,2020-10-13
Biobío,8,San Pedro de la Paz,8108,2,2020-10-15
Biobío,8,San Pedro de la Paz,8108,2,2020-10-16
Biobío,8,San Pedro de la Paz,8108,1,2020-10-19
Biobío,8,San Pedro de la Paz,8108,1,2020-10-20
Biobío,8,San Pedro de la Paz,8108,1,2020-10-21
Biobío,8,San Pedro de la Paz,8108,2,2020-10-22
Biobío,8,San Pedro de la Paz,8108,2,2020-10-23
Biobío,8,San Pedro de la Paz,8108,1,2020-10-26
Biobío,8,San Pedro de la Paz,8108,1,2020-10-27
Biobío,8,San Pedro de la Paz,8108,4,2020-10-29
Biobío,8,San Pedro de la Paz,8108,1,2020-10-30
Biobío,8,San Pedro de la Paz,8108,1,2020-10-31
Biobío,8,San Pedro de la Paz,8108,2,2020-11-02
Biobío,8,San Pedro de la Paz,8108,2,2020-11-03
Biobío,8,San Pedro de la Paz,8108,1,2020-11-07
Biobío,8,San Pedro de la Paz,8108,5,2020-11-09
Biobío,8,San Pedro de la Paz,8108,2,2020-11-10
Biobío,8,San Pedro de la Paz,8108,1,2020-11-13
Biobío,8,San Pedro de la Paz,8108,5,2020-11-16
Biobío,8,San Pedro de la Paz,8108,2,2020-11-17
Biobío,8,San Pedro de la Paz,8108,2,2020-11-18
Biobío,8,San Pedro de la Paz,8108,1,2020-11-23
Biobío,8,San Pedro de la Paz,8108,1,2020-11-24
Biobío,8,San Pedro de la Paz,8108,1,2020-11-25
Biobío,8,San Pedro de la Paz,8108,5,2020-11-30
Biobío,8,San Pedro de la Paz,8108,1,2020-12-02
Biobío,8,San Pedro de la Paz,8108,1,2020-12-03
Biobío,8,San Pedro de la Paz,8108,1,2020-12-04
Biobío,8,San Pedro de la Paz,8108,1,2020-12-05
Biobío,8,San Pedro de la Paz,8108,3,2020-12-07
Biobío,8,San Pedro de la Paz,8108,2,2020-12-09
Biobío,8,San Pedro de la Paz,8108,3,2020-12-10
Biobío,8,San Pedro de la Paz,8108,2,2020-12-11
Biobío,8,San Pedro de la Paz,8108,1,2020-12-14
Biobío,8,San Pedro de la Paz,8108,1,2020-12-16
Biobío,8,San Pedro de la Paz,8108,1,2020-12-17
Biobío,8,San Pedro de la Paz,8108,2,2020-12-21
Biobío,8,San Pedro de la Paz,8108,4,2020-12-22
Biobío,8,San Pedro de la Paz,8108,1,2020-12-25
Biobío,8,San Pedro de la Paz,8108,2,2020-12-26
Biobío,8,San Pedro de la Paz,8108,1,2020-12-28
Biobío,8,San Pedro de la Paz,8108,2,2020-12-29
Biobío,8,San Pedro de la Paz,8108,1,2020-12-30
Biobío,8,San Pedro de la Paz,8108,1,2021-01-02
Biobío,8,San Pedro de la Paz,8108,5,2021-01-04
Biobío,8,San Pedro de la Paz,8108,2,2021-01-05
Biobío,8,San Pedro de la Paz,8108,1,2021-01-06
Biobío,8,San Pedro de la Paz,8108,1,2021-01-07
Biobío,8,San Pedro de la Paz,8108,1,2021-01-08
Biobío,8,San Pedro de la Paz,8108,2,2021-01-09
Biobío,8,San Pedro de la Paz,8108,1,2021-01-12
Biobío,8,San Pedro de la Paz,8108,1,2021-01-14
Biobío,8,Santa Juana,8109,1,2020-01-02
Biobío,8,Santa Juana,8109,1,2020-01-06
Biobío,8,Santa Juana,8109,1,2020-01-09
Biobío,8,Santa Juana,8109,1,2020-01-14
Biobío,8,Santa Juana,8109,1,2020-01-16
Biobío,8,Santa Juana,8109,1,2020-01-27
Biobío,8,Santa Juana,8109,2,2020-02-03
Biobío,8,Santa Juana,8109,1,2020-02-10
Biobío,8,Santa Juana,8109,1,2020-02-11
Biobío,8,Santa Juana,8109,1,2020-02-17
Biobío,8,Santa Juana,8109,3,2020-02-20
Biobío,8,Santa Juana,8109,1,2020-02-27
Biobío,8,Santa Juana,8109,1,2020-03-02
Biobío,8,Santa Juana,8109,1,2020-03-05
Biobío,8,Santa Juana,8109,1,2020-03-16
Biobío,8,Santa Juana,8109,1,2020-03-24
Biobío,8,Santa Juana,8109,1,2020-03-25
Biobío,8,Santa Juana,8109,1,2020-03-27
Biobío,8,Santa Juana,8109,1,2020-03-31
Biobío,8,Santa Juana,8109,1,2020-04-01
Biobío,8,Santa Juana,8109,1,2020-04-03
Biobío,8,Santa Juana,8109,1,2020-04-06
Biobío,8,Santa Juana,8109,1,2020-04-08
Biobío,8,Santa Juana,8109,1,2020-04-15
Biobío,8,Santa Juana,8109,1,2020-04-21
Biobío,8,Santa Juana,8109,1,2020-04-24
Biobío,8,Santa Juana,8109,1,2020-04-28
Biobío,8,Santa Juana,8109,1,2020-04-29
Biobío,8,Santa Juana,8109,1,2020-05-04
Biobío,8,Santa Juana,8109,1,2020-05-12
Biobío,8,Santa Juana,8109,2,2020-05-15
Biobío,8,Santa Juana,8109,1,2020-05-19
Biobío,8,Santa Juana,8109,5,2020-05-25
Biobío,8,Santa Juana,8109,1,2020-05-27
Biobío,8,Santa Juana,8109,1,2020-06-08
Biobío,8,Santa Juana,8109,1,2020-06-10
Biobío,8,Santa Juana,8109,1,2020-06-15
Biobío,8,Santa Juana,8109,1,2020-06-18
Biobío,8,Santa Juana,8109,1,2020-06-19
Biobío,8,Santa Juana,8109,3,2020-06-22
Biobío,8,Santa Juana,8109,1,2020-06-24
Biobío,8,Santa Juana,8109,2,2020-06-30
Biobío,8,Santa Juana,8109,1,2020-07-02
Biobío,8,Santa Juana,8109,1,2020-07-13
Biobío,8,Santa Juana,8109,1,2020-07-17
Biobío,8,Santa Juana,8109,2,2020-07-20
Biobío,8,Santa Juana,8109,1,2020-07-21
Biobío,8,Santa Juana,8109,1,2020-07-22
Biobío,8,Santa Juana,8109,1,2020-07-27
Biobío,8,Santa Juana,8109,1,2020-07-30
Biobío,8,Santa Juana,8109,1,2020-08-06
Biobío,8,Santa Juana,8109,3,2020-08-10
Biobío,8,Santa Juana,8109,1,2020-08-12
Biobío,8,Santa Juana,8109,1,2020-08-13
Biobío,8,Santa Juana,8109,1,2020-08-21
Biobío,8,Santa Juana,8109,2,2020-08-24
Biobío,8,Santa Juana,8109,3,2020-09-14
Biobío,8,Santa Juana,8109,1,2020-09-28
Biobío,8,Santa Juana,8109,1,2020-10-02
Biobío,8,Santa Juana,8109,1,2020-10-05
Biobío,8,Santa Juana,8109,1,2020-10-09
Biobío,8,Santa Juana,8109,1,2020-10-13
Biobío,8,Santa Juana,8109,1,2020-10-17
Biobío,8,Santa Juana,8109,1,2020-10-20
Biobío,8,Santa Juana,8109,1,2020-10-21
Biobío,8,Santa Juana,8109,1,2020-10-27
Biobío,8,Santa Juana,8109,1,2020-10-29
Biobío,8,Santa Juana,8109,1,2020-10-30
Biobío,8,Santa Juana,8109,1,2020-11-06
Biobío,8,Santa Juana,8109,2,2020-11-23
Biobío,8,Santa Juana,8109,1,2020-11-30
Biobío,8,Santa Juana,8109,1,2020-12-09
Biobío,8,Santa Juana,8109,1,2020-12-10
Biobío,8,Santa Juana,8109,3,2020-12-21
Biobío,8,Santa Juana,8109,2,2020-12-28
Biobío,8,Santa Juana,8109,2,2021-01-04
Biobío,8,Santa Juana,8109,1,2021-01-11
Biobío,8,Santa Juana,8109,1,2021-01-12
Biobío,8,Talcahuano,8110,9,2020-01-02
Biobío,8,Talcahuano,8110,8,2020-01-03
Biobío,8,Talcahuano,8110,7,2020-01-06
Biobío,8,Talcahuano,8110,4,2020-01-07
Biobío,8,Talcahuano,8110,3,2020-01-08
Biobío,8,Talcahuano,8110,3,2020-01-09
Biobío,8,Talcahuano,8110,3,2020-01-10
Biobío,8,Talcahuano,8110,10,2020-01-13
Biobío,8,Talcahuano,8110,4,2020-01-14
Biobío,8,Talcahuano,8110,5,2020-01-15
Biobío,8,Talcahuano,8110,3,2020-01-16
Biobío,8,Talcahuano,8110,3,2020-01-17
Biobío,8,Talcahuano,8110,12,2020-01-20
Biobío,8,Talcahuano,8110,7,2020-01-21
Biobío,8,Talcahuano,8110,4,2020-01-22
Biobío,8,Talcahuano,8110,2,2020-01-23
Biobío,8,Talcahuano,8110,5,2020-01-24
Biobío,8,Talcahuano,8110,7,2020-01-27
Biobío,8,Talcahuano,8110,4,2020-01-28
Biobío,8,Talcahuano,8110,2,2020-01-29
Biobío,8,Talcahuano,8110,3,2020-01-30
Biobío,8,Talcahuano,8110,6,2020-01-31
Biobío,8,Talcahuano,8110,11,2020-02-03
Biobío,8,Talcahuano,8110,2,2020-02-04
Biobío,8,Talcahuano,8110,6,2020-02-05
Biobío,8,Talcahuano,8110,3,2020-02-06
Biobío,8,Talcahuano,8110,1,2020-02-07
Biobío,8,Talcahuano,8110,7,2020-02-10
Biobío,8,Talcahuano,8110,5,2020-02-11
Biobío,8,Talcahuano,8110,2,2020-02-12
Biobío,8,Talcahuano,8110,2,2020-02-13
Biobío,8,Talcahuano,8110,3,2020-02-14
Biobío,8,Talcahuano,8110,11,2020-02-17
Biobío,8,Talcahuano,8110,5,2020-02-18
Biobío,8,Talcahuano,8110,4,2020-02-19
Biobío,8,Talcahuano,8110,6,2020-02-20
Biobío,8,Talcahuano,8110,2,2020-02-21
Biobío,8,Talcahuano,8110,15,2020-02-24
Biobío,8,Talcahuano,8110,6,2020-02-25
Biobío,8,Talcahuano,8110,4,2020-02-26
Biobío,8,Talcahuano,8110,3,2020-02-27
Biobío,8,Talcahuano,8110,3,2020-02-28
Biobío,8,Talcahuano,8110,11,2020-03-02
Biobío,8,Talcahuano,8110,5,2020-03-03
Biobío,8,Talcahuano,8110,5,2020-03-04
Biobío,8,Talcahuano,8110,6,2020-03-05
Biobío,8,Talcahuano,8110,4,2020-03-06
Biobío,8,Talcahuano,8110,9,2020-03-09
Biobío,8,Talcahuano,8110,4,2020-03-10
Biobío,8,Talcahuano,8110,4,2020-03-11
Biobío,8,Talcahuano,8110,5,2020-03-12
Biobío,8,Talcahuano,8110,6,2020-03-13
Biobío,8,Talcahuano,8110,11,2020-03-16
Biobío,8,Talcahuano,8110,6,2020-03-17
Biobío,8,Talcahuano,8110,5,2020-03-18
Biobío,8,Talcahuano,8110,5,2020-03-19
Biobío,8,Talcahuano,8110,5,2020-03-20
Biobío,8,Talcahuano,8110,12,2020-03-23
Biobío,8,Talcahuano,8110,5,2020-03-24
Biobío,8,Talcahuano,8110,3,2020-03-25
Biobío,8,Talcahuano,8110,2,2020-03-26
Biobío,8,Talcahuano,8110,4,2020-03-27
Biobío,8,Talcahuano,8110,9,2020-03-30
Biobío,8,Talcahuano,8110,2,2020-03-31
Biobío,8,Talcahuano,8110,2,2020-04-01
Biobío,8,Talcahuano,8110,3,2020-04-02
Biobío,8,Talcahuano,8110,4,2020-04-03
Biobío,8,Talcahuano,8110,14,2020-04-06
Biobío,8,Talcahuano,8110,7,2020-04-07
Biobío,8,Talcahuano,8110,5,2020-04-08
Biobío,8,Talcahuano,8110,2,2020-04-09
Biobío,8,Talcahuano,8110,13,2020-04-13
Biobío,8,Talcahuano,8110,2,2020-04-14
Biobío,8,Talcahuano,8110,4,2020-04-15
Biobío,8,Talcahuano,8110,3,2020-04-16
Biobío,8,Talcahuano,8110,4,2020-04-17
Biobío,8,Talcahuano,8110,15,2020-04-20
Biobío,8,Talcahuano,8110,3,2020-04-21
Biobío,8,Talcahuano,8110,3,2020-04-22
Biobío,8,Talcahuano,8110,2,2020-04-23
Biobío,8,Talcahuano,8110,4,2020-04-24
Biobío,8,Talcahuano,8110,10,2020-04-27
Biobío,8,Talcahuano,8110,4,2020-04-28
Biobío,8,Talcahuano,8110,3,2020-04-29
Biobío,8,Talcahuano,8110,3,2020-04-30
Biobío,8,Talcahuano,8110,1,2020-05-02
Biobío,8,Talcahuano,8110,1,2020-05-03
Biobío,8,Talcahuano,8110,10,2020-05-04
Biobío,8,Talcahuano,8110,6,2020-05-05
Biobío,8,Talcahuano,8110,2,2020-05-06
Biobío,8,Talcahuano,8110,5,2020-05-07
Biobío,8,Talcahuano,8110,5,2020-05-08
Biobío,8,Talcahuano,8110,10,2020-05-11
Biobío,8,Talcahuano,8110,3,2020-05-12
Biobío,8,Talcahuano,8110,1,2020-05-13
Biobío,8,Talcahuano,8110,1,2020-05-14
Biobío,8,Talcahuano,8110,4,2020-05-15
Biobío,8,Talcahuano,8110,10,2020-05-18
Biobío,8,Talcahuano,8110,2,2020-05-19
Biobío,8,Talcahuano,8110,7,2020-05-20
Biobío,8,Talcahuano,8110,9,2020-05-22
Biobío,8,Talcahuano,8110,1,2020-05-23
Biobío,8,Talcahuano,8110,11,2020-05-25
Biobío,8,Talcahuano,8110,5,2020-05-26
Biobío,8,Talcahuano,8110,1,2020-05-27
Biobío,8,Talcahuano,8110,5,2020-05-28
Biobío,8,Talcahuano,8110,5,2020-05-29
Biobío,8,Talcahuano,8110,6,2020-06-01
Biobío,8,Talcahuano,8110,6,2020-06-02
Biobío,8,Talcahuano,8110,1,2020-06-03
Biobío,8,Talcahuano,8110,6,2020-06-04
Biobío,8,Talcahuano,8110,6,2020-06-05
Biobío,8,Talcahuano,8110,9,2020-06-08
Biobío,8,Talcahuano,8110,2,2020-06-09
Biobío,8,Talcahuano,8110,3,2020-06-10
Biobío,8,Talcahuano,8110,6,2020-06-11
Biobío,8,Talcahuano,8110,4,2020-06-12
Biobío,8,Talcahuano,8110,1,2020-06-13
Biobío,8,Talcahuano,8110,8,2020-06-15
Biobío,8,Talcahuano,8110,2,2020-06-16
Biobío,8,Talcahuano,8110,5,2020-06-17
Biobío,8,Talcahuano,8110,2,2020-06-18
Biobío,8,Talcahuano,8110,2,2020-06-19
Biobío,8,Talcahuano,8110,9,2020-06-22
Biobío,8,Talcahuano,8110,2,2020-06-23
Biobío,8,Talcahuano,8110,2,2020-06-24
Biobío,8,Talcahuano,8110,9,2020-06-25
Biobío,8,Talcahuano,8110,7,2020-06-26
Biobío,8,Talcahuano,8110,16,2020-06-30
Biobío,8,Talcahuano,8110,3,2020-07-01
Biobío,8,Talcahuano,8110,6,2020-07-02
Biobío,8,Talcahuano,8110,6,2020-07-03
Biobío,8,Talcahuano,8110,8,2020-07-06
Biobío,8,Talcahuano,8110,5,2020-07-07
Biobío,8,Talcahuano,8110,3,2020-07-08
Biobío,8,Talcahuano,8110,4,2020-07-09
Biobío,8,Talcahuano,8110,6,2020-07-10
Biobío,8,Talcahuano,8110,14,2020-07-13
Biobío,8,Talcahuano,8110,6,2020-07-14
Biobío,8,Talcahuano,8110,3,2020-07-15
Biobío,8,Talcahuano,8110,1,2020-07-16
Biobío,8,Talcahuano,8110,8,2020-07-17
Biobío,8,Talcahuano,8110,9,2020-07-20
Biobío,8,Talcahuano,8110,1,2020-07-21
Biobío,8,Talcahuano,8110,9,2020-07-22
Biobío,8,Talcahuano,8110,2,2020-07-23
Biobío,8,Talcahuano,8110,2,2020-07-24
Biobío,8,Talcahuano,8110,1,2020-07-25
Biobío,8,Talcahuano,8110,3,2020-07-26
Biobío,8,Talcahuano,8110,10,2020-07-27
Biobío,8,Talcahuano,8110,3,2020-07-28
Biobío,8,Talcahuano,8110,1,2020-07-29
Biobío,8,Talcahuano,8110,2,2020-07-30
Biobío,8,Talcahuano,8110,1,2020-07-31
Biobío,8,Talcahuano,8110,3,2020-08-01
Biobío,8,Talcahuano,8110,1,2020-08-02
Biobío,8,Talcahuano,8110,7,2020-08-03
Biobío,8,Talcahuano,8110,5,2020-08-04
Biobío,8,Talcahuano,8110,5,2020-08-05
Biobío,8,Talcahuano,8110,2,2020-08-06
Biobío,8,Talcahuano,8110,8,2020-08-07
Biobío,8,Talcahuano,8110,2,2020-08-08
Biobío,8,Talcahuano,8110,2,2020-08-09
Biobío,8,Talcahuano,8110,14,2020-08-10
Biobío,8,Talcahuano,8110,6,2020-08-11
Biobío,8,Talcahuano,8110,8,2020-08-12
Biobío,8,Talcahuano,8110,5,2020-08-13
Biobío,8,Talcahuano,8110,9,2020-08-14
Biobío,8,Talcahuano,8110,1,2020-08-15
Biobío,8,Talcahuano,8110,2,2020-08-16
Biobío,8,Talcahuano,8110,9,2020-08-17
Biobío,8,Talcahuano,8110,8,2020-08-18
Biobío,8,Talcahuano,8110,4,2020-08-19
Biobío,8,Talcahuano,8110,10,2020-08-20
Biobío,8,Talcahuano,8110,8,2020-08-21
Biobío,8,Talcahuano,8110,2,2020-08-22
Biobío,8,Talcahuano,8110,2,2020-08-23
Biobío,8,Talcahuano,8110,12,2020-08-24
Biobío,8,Talcahuano,8110,7,2020-08-25
Biobío,8,Talcahuano,8110,8,2020-08-26
Biobío,8,Talcahuano,8110,3,2020-08-27
Biobío,8,Talcahuano,8110,6,2020-08-28
Biobío,8,Talcahuano,8110,3,2020-08-29
Biobío,8,Talcahuano,8110,4,2020-08-30
Biobío,8,Talcahuano,8110,12,2020-08-31
Biobío,8,Talcahuano,8110,3,2020-09-01
Biobío,8,Talcahuano,8110,2,2020-09-02
Biobío,8,Talcahuano,8110,4,2020-09-03
Biobío,8,Talcahuano,8110,8,2020-09-04
Biobío,8,Talcahuano,8110,1,2020-09-05
Biobío,8,Talcahuano,8110,1,2020-09-06
Biobío,8,Talcahuano,8110,13,2020-09-07
Biobío,8,Talcahuano,8110,4,2020-09-08
Biobío,8,Talcahuano,8110,2,2020-09-09
Biobío,8,Talcahuano,8110,5,2020-09-10
Biobío,8,Talcahuano,8110,4,2020-09-11
Biobío,8,Talcahuano,8110,2,2020-09-12
Biobío,8,Talcahuano,8110,9,2020-09-14
Biobío,8,Talcahuano,8110,7,2020-09-15
Biobío,8,Talcahuano,8110,3,2020-09-16
Biobío,8,Talcahuano,8110,4,2020-09-17
Biobío,8,Talcahuano,8110,5,2020-09-19
Biobío,8,Talcahuano,8110,15,2020-09-21
Biobío,8,Talcahuano,8110,6,2020-09-22
Biobío,8,Talcahuano,8110,3,2020-09-23
Biobío,8,Talcahuano,8110,2,2020-09-24
Biobío,8,Talcahuano,8110,3,2020-09-25
Biobío,8,Talcahuano,8110,1,2020-09-26
Biobío,8,Talcahuano,8110,13,2020-09-28
Biobío,8,Talcahuano,8110,3,2020-09-29
Biobío,8,Talcahuano,8110,4,2020-09-30
Biobío,8,Talcahuano,8110,3,2020-10-01
Biobío,8,Talcahuano,8110,8,2020-10-02
Biobío,8,Talcahuano,8110,12,2020-10-05
Biobío,8,Talcahuano,8110,1,2020-10-06
Biobío,8,Talcahuano,8110,10,2020-10-07
Biobío,8,Talcahuano,8110,2,2020-10-08
Biobío,8,Talcahuano,8110,3,2020-10-09
Biobío,8,Talcahuano,8110,4,2020-10-10
Biobío,8,Talcahuano,8110,18,2020-10-13
Biobío,8,Talcahuano,8110,9,2020-10-14
Biobío,8,Talcahuano,8110,7,2020-10-15
Biobío,8,Talcahuano,8110,3,2020-10-16
Biobío,8,Talcahuano,8110,2,2020-10-17
Biobío,8,Talcahuano,8110,9,2020-10-19
Biobío,8,Talcahuano,8110,2,2020-10-20
Biobío,8,Talcahuano,8110,10,2020-10-21
Biobío,8,Talcahuano,8110,3,2020-10-22
Biobío,8,Talcahuano,8110,3,2020-10-23
Biobío,8,Talcahuano,8110,1,2020-10-24
Biobío,8,Talcahuano,8110,8,2020-10-26
Biobío,8,Talcahuano,8110,1,2020-10-27
Biobío,8,Talcahuano,8110,3,2020-10-28
Biobío,8,Talcahuano,8110,5,2020-10-30
Biobío,8,Talcahuano,8110,2,2020-10-31
Biobío,8,Talcahuano,8110,8,2020-11-02
Biobío,8,Talcahuano,8110,3,2020-11-03
Biobío,8,Talcahuano,8110,2,2020-11-04
Biobío,8,Talcahuano,8110,6,2020-11-05
Biobío,8,Talcahuano,8110,3,2020-11-06
Biobío,8,Talcahuano,8110,1,2020-11-07
Biobío,8,Talcahuano,8110,17,2020-11-09
Biobío,8,Talcahuano,8110,6,2020-11-10
Biobío,8,Talcahuano,8110,2,2020-11-11
Biobío,8,Talcahuano,8110,4,2020-11-12
Biobío,8,Talcahuano,8110,5,2020-11-13
Biobío,8,Talcahuano,8110,1,2020-11-14
Biobío,8,Talcahuano,8110,10,2020-11-16
Biobío,8,Talcahuano,8110,4,2020-11-17
Biobío,8,Talcahuano,8110,5,2020-11-18
Biobío,8,Talcahuano,8110,2,2020-11-19
Biobío,8,Talcahuano,8110,6,2020-11-20
Biobío,8,Talcahuano,8110,2,2020-11-21
Biobío,8,Talcahuano,8110,10,2020-11-23
Biobío,8,Talcahuano,8110,4,2020-11-24
Biobío,8,Talcahuano,8110,2,2020-11-25
Biobío,8,Talcahuano,8110,4,2020-11-26
Biobío,8,Talcahuano,8110,2,2020-11-27
Biobío,8,Talcahuano,8110,3,2020-11-28
Biobío,8,Talcahuano,8110,10,2020-11-30
Biobío,8,Talcahuano,8110,1,2020-12-01
Biobío,8,Talcahuano,8110,2,2020-12-02
Biobío,8,Talcahuano,8110,1,2020-12-03
Biobío,8,Talcahuano,8110,2,2020-12-05
Biobío,8,Talcahuano,8110,11,2020-12-07
Biobío,8,Talcahuano,8110,10,2020-12-09
Biobío,8,Talcahuano,8110,3,2020-12-10
Biobío,8,Talcahuano,8110,3,2020-12-11
Biobío,8,Talcahuano,8110,7,2020-12-14
Biobío,8,Talcahuano,8110,4,2020-12-15
Biobío,8,Talcahuano,8110,3,2020-12-16
Biobío,8,Talcahuano,8110,4,2020-12-17
Biobío,8,Talcahuano,8110,6,2020-12-18
Biobío,8,Talcahuano,8110,4,2020-12-19
Biobío,8,Talcahuano,8110,9,2020-12-21
Biobío,8,Talcahuano,8110,8,2020-12-22
Biobío,8,Talcahuano,8110,6,2020-12-23
Biobío,8,Talcahuano,8110,3,2020-12-24
Biobío,8,Talcahuano,8110,1,2020-12-25
Biobío,8,Talcahuano,8110,7,2020-12-26
Biobío,8,Talcahuano,8110,2,2020-12-27
Biobío,8,Talcahuano,8110,8,2020-12-28
Biobío,8,Talcahuano,8110,5,2020-12-29
Biobío,8,Talcahuano,8110,3,2020-12-30
Biobío,8,Talcahuano,8110,6,2020-12-31
Biobío,8,Talcahuano,8110,3,2021-01-02
Biobío,8,Talcahuano,8110,13,2021-01-04
Biobío,8,Talcahuano,8110,13,2021-01-05
Biobío,8,Talcahuano,8110,7,2021-01-06
Biobío,8,Talcahuano,8110,4,2021-01-07
Biobío,8,Talcahuano,8110,8,2021-01-08
Biobío,8,Talcahuano,8110,1,2021-01-09
Biobío,8,Talcahuano,8110,5,2021-01-11
Biobío,8,Talcahuano,8110,5,2021-01-12
Biobío,8,Talcahuano,8110,7,2021-01-13
Biobío,8,Talcahuano,8110,10,2021-01-14
Biobío,8,Tomé,8111,1,2020-01-02
Biobío,8,Tomé,8111,3,2020-01-03
Biobío,8,Tomé,8111,6,2020-01-06
Biobío,8,Tomé,8111,3,2020-01-09
Biobío,8,Tomé,8111,1,2020-01-10
Biobío,8,Tomé,8111,1,2020-01-14
Biobío,8,Tomé,8111,1,2020-01-15
Biobío,8,Tomé,8111,4,2020-01-20
Biobío,8,Tomé,8111,1,2020-01-21
Biobío,8,Tomé,8111,1,2020-01-22
Biobío,8,Tomé,8111,4,2020-01-23
Biobío,8,Tomé,8111,1,2020-01-24
Biobío,8,Tomé,8111,2,2020-01-27
Biobío,8,Tomé,8111,2,2020-01-28
Biobío,8,Tomé,8111,2,2020-01-29
Biobío,8,Tomé,8111,3,2020-02-03
Biobío,8,Tomé,8111,1,2020-02-04
Biobío,8,Tomé,8111,1,2020-02-05
Biobío,8,Tomé,8111,3,2020-02-12
Biobío,8,Tomé,8111,2,2020-02-17
Biobío,8,Tomé,8111,2,2020-02-20
Biobío,8,Tomé,8111,2,2020-02-24
Biobío,8,Tomé,8111,1,2020-02-25
Biobío,8,Tomé,8111,1,2020-02-26
Biobío,8,Tomé,8111,1,2020-03-02
Biobío,8,Tomé,8111,1,2020-03-06
Biobío,8,Tomé,8111,4,2020-03-09
Biobío,8,Tomé,8111,1,2020-03-10
Biobío,8,Tomé,8111,2,2020-03-11
Biobío,8,Tomé,8111,2,2020-03-13
Biobío,8,Tomé,8111,2,2020-03-16
Biobío,8,Tomé,8111,1,2020-03-17
Biobío,8,Tomé,8111,4,2020-03-23
Biobío,8,Tomé,8111,1,2020-03-25
Biobío,8,Tomé,8111,1,2020-03-26
Biobío,8,Tomé,8111,2,2020-03-27
Biobío,8,Tomé,8111,1,2020-03-30
Biobío,8,Tomé,8111,6,2020-04-01
Biobío,8,Tomé,8111,1,2020-04-03
Biobío,8,Tomé,8111,3,2020-04-06
Biobío,8,Tomé,8111,4,2020-04-13
Biobío,8,Tomé,8111,2,2020-04-15
Biobío,8,Tomé,8111,4,2020-04-17
Biobío,8,Tomé,8111,2,2020-04-20
Biobío,8,Tomé,8111,3,2020-04-22
Biobío,8,Tomé,8111,2,2020-04-24
Biobío,8,Tomé,8111,1,2020-04-27
Biobío,8,Tomé,8111,1,2020-04-29
Biobío,8,Tomé,8111,3,2020-05-04
Biobío,8,Tomé,8111,5,2020-05-08
Biobío,8,Tomé,8111,2,2020-05-11
Biobío,8,Tomé,8111,2,2020-05-13
Biobío,8,Tomé,8111,3,2020-05-15
Biobío,8,Tomé,8111,1,2020-05-18
Biobío,8,Tomé,8111,1,2020-05-20
Biobío,8,Tomé,8111,2,2020-05-22
Biobío,8,Tomé,8111,2,2020-05-25
Biobío,8,Tomé,8111,2,2020-05-27
Biobío,8,Tomé,8111,1,2020-06-02
Biobío,8,Tomé,8111,1,2020-06-05
Biobío,8,Tomé,8111,1,2020-06-10
Biobío,8,Tomé,8111,4,2020-06-12
Biobío,8,Tomé,8111,4,2020-06-15
Biobío,8,Tomé,8111,3,2020-06-17
Biobío,8,Tomé,8111,2,2020-06-19
Biobío,8,Tomé,8111,4,2020-06-22
Biobío,8,Tomé,8111,1,2020-06-24
Biobío,8,Tomé,8111,2,2020-06-26
Biobío,8,Tomé,8111,2,2020-06-30
Biobío,8,Tomé,8111,4,2020-07-01
Biobío,8,Tomé,8111,2,2020-07-02
Biobío,8,Tomé,8111,4,2020-07-03
Biobío,8,Tomé,8111,1,2020-07-06
Biobío,8,Tomé,8111,1,2020-07-07
Biobío,8,Tomé,8111,1,2020-07-08
Biobío,8,Tomé,8111,1,2020-07-09
Biobío,8,Tomé,8111,1,2020-07-10
Biobío,8,Tomé,8111,3,2020-07-13
Biobío,8,Tomé,8111,1,2020-07-15
Biobío,8,Tomé,8111,2,2020-07-17
Biobío,8,Tomé,8111,5,2020-07-20
Biobío,8,Tomé,8111,1,2020-07-21
Biobío,8,Tomé,8111,1,2020-07-22
Biobío,8,Tomé,8111,1,2020-07-23
Biobío,8,Tomé,8111,2,2020-07-24
Biobío,8,Tomé,8111,3,2020-07-27
Biobío,8,Tomé,8111,1,2020-07-29
Biobío,8,Tomé,8111,2,2020-07-30
Biobío,8,Tomé,8111,2,2020-07-31
Biobío,8,Tomé,8111,1,2020-08-03
Biobío,8,Tomé,8111,1,2020-08-04
Biobío,8,Tomé,8111,1,2020-08-06
Biobío,8,Tomé,8111,3,2020-08-07
Biobío,8,Tomé,8111,2,2020-08-11
Biobío,8,Tomé,8111,3,2020-08-14
Biobío,8,Tomé,8111,3,2020-08-17
Biobío,8,Tomé,8111,1,2020-08-18
Biobío,8,Tomé,8111,1,2020-08-20
Biobío,8,Tomé,8111,2,2020-08-21
Biobío,8,Tomé,8111,4,2020-08-24
Biobío,8,Tomé,8111,1,2020-08-26
Biobío,8,Tomé,8111,1,2020-08-31
Biobío,8,Tomé,8111,3,2020-09-01
Biobío,8,Tomé,8111,1,2020-09-02
Biobío,8,Tomé,8111,3,2020-09-04
Biobío,8,Tomé,8111,2,2020-09-07
Biobío,8,Tomé,8111,1,2020-09-09
Biobío,8,Tomé,8111,1,2020-09-11
Biobío,8,Tomé,8111,3,2020-09-14
Biobío,8,Tomé,8111,1,2020-09-15
Biobío,8,Tomé,8111,5,2020-09-16
Biobío,8,Tomé,8111,3,2020-09-21
Biobío,8,Tomé,8111,1,2020-09-22
Biobío,8,Tomé,8111,3,2020-09-23
Biobío,8,Tomé,8111,1,2020-09-24
Biobío,8,Tomé,8111,2,2020-09-25
Biobío,8,Tomé,8111,3,2020-09-28
Biobío,8,Tomé,8111,3,2020-09-29
Biobío,8,Tomé,8111,1,2020-10-01
Biobío,8,Tomé,8111,1,2020-10-02
Biobío,8,Tomé,8111,1,2020-10-05
Biobío,8,Tomé,8111,4,2020-10-06
Biobío,8,Tomé,8111,2,2020-10-07
Biobío,8,Tomé,8111,1,2020-10-08
Biobío,8,Tomé,8111,3,2020-10-13
Biobío,8,Tomé,8111,1,2020-10-14
Biobío,8,Tomé,8111,1,2020-10-15
Biobío,8,Tomé,8111,5,2020-10-19
Biobío,8,Tomé,8111,2,2020-10-20
Biobío,8,Tomé,8111,2,2020-10-21
Biobío,8,Tomé,8111,1,2020-10-23
Biobío,8,Tomé,8111,7,2020-10-26
Biobío,8,Tomé,8111,1,2020-10-27
Biobío,8,Tomé,8111,1,2020-10-28
Biobío,8,Tomé,8111,1,2020-10-29
Biobío,8,Tomé,8111,5,2020-10-30
Biobío,8,Tomé,8111,3,2020-11-02
Biobío,8,Tomé,8111,2,2020-11-03
Biobío,8,Tomé,8111,4,2020-11-04
Biobío,8,Tomé,8111,1,2020-11-09
Biobío,8,Tomé,8111,1,2020-11-10
Biobío,8,Tomé,8111,3,2020-11-11
Biobío,8,Tomé,8111,2,2020-11-12
Biobío,8,Tomé,8111,2,2020-11-16
Biobío,8,Tomé,8111,1,2020-11-17
Biobío,8,Tomé,8111,1,2020-11-20
Biobío,8,Tomé,8111,4,2020-11-23
Biobío,8,Tomé,8111,1,2020-11-24
Biobío,8,Tomé,8111,1,2020-11-25
Biobío,8,Tomé,8111,1,2020-11-27
Biobío,8,Tomé,8111,4,2020-11-30
Biobío,8,Tomé,8111,2,2020-12-02
Biobío,8,Tomé,8111,1,2020-12-03
Biobío,8,Tomé,8111,1,2020-12-04
Biobío,8,Tomé,8111,1,2020-12-11
Biobío,8,Tomé,8111,2,2020-12-14
Biobío,8,Tomé,8111,1,2020-12-15
Biobío,8,Tomé,8111,2,2020-12-18
Biobío,8,Tomé,8111,2,2020-12-21
Biobío,8,Tomé,8111,1,2020-12-22
Biobío,8,Tomé,8111,2,2020-12-23
Biobío,8,Tomé,8111,3,2020-12-28
Biobío,8,Tomé,8111,4,2020-12-29
Biobío,8,Tomé,8111,1,2020-12-30
Biobío,8,Tomé,8111,2,2020-12-31
Biobío,8,Tomé,8111,1,2021-01-04
Biobío,8,Tomé,8111,3,2021-01-05
Biobío,8,Tomé,8111,1,2021-01-07
Biobío,8,Tomé,8111,1,2021-01-08
Biobío,8,Tomé,8111,3,2021-01-11
Biobío,8,Tomé,8111,1,2021-01-12
Biobío,8,Tomé,8111,1,2021-01-13
Biobío,8,Hualpén,8112,2,2020-01-06
Biobío,8,Hualpén,8112,1,2020-01-09
Biobío,8,Hualpén,8112,2,2020-01-13
Biobío,8,Hualpén,8112,2,2020-01-14
Biobío,8,Hualpén,8112,1,2020-01-15
Biobío,8,Hualpén,8112,4,2020-01-20
Biobío,8,Hualpén,8112,3,2020-01-22
Biobío,8,Hualpén,8112,2,2020-01-27
Biobío,8,Hualpén,8112,1,2020-01-28
Biobío,8,Hualpén,8112,3,2020-02-03
Biobío,8,Hualpén,8112,1,2020-02-05
Biobío,8,Hualpén,8112,1,2020-02-06
Biobío,8,Hualpén,8112,2,2020-02-10
Biobío,8,Hualpén,8112,1,2020-02-13
Biobío,8,Hualpén,8112,3,2020-02-17
Biobío,8,Hualpén,8112,2,2020-02-18
Biobío,8,Hualpén,8112,3,2020-02-20
Biobío,8,Hualpén,8112,1,2020-02-24
Biobío,8,Hualpén,8112,1,2020-02-25
Biobío,8,Hualpén,8112,5,2020-03-02
Biobío,8,Hualpén,8112,1,2020-03-03
Biobío,8,Hualpén,8112,2,2020-03-06
Biobío,8,Hualpén,8112,1,2020-03-09
Biobío,8,Hualpén,8112,3,2020-03-13
Biobío,8,Hualpén,8112,4,2020-03-16
Biobío,8,Hualpén,8112,3,2020-03-17
Biobío,8,Hualpén,8112,1,2020-03-19
Biobío,8,Hualpén,8112,2,2020-03-20
Biobío,8,Hualpén,8112,2,2020-03-23
Biobío,8,Hualpén,8112,3,2020-03-24
Biobío,8,Hualpén,8112,1,2020-03-26
Biobío,8,Hualpén,8112,1,2020-03-27
Biobío,8,Hualpén,8112,1,2020-03-29
Biobío,8,Hualpén,8112,3,2020-03-30
Biobío,8,Hualpén,8112,1,2020-04-01
Biobío,8,Hualpén,8112,1,2020-04-02
Biobío,8,Hualpén,8112,3,2020-04-06
Biobío,8,Hualpén,8112,1,2020-04-07
Biobío,8,Hualpén,8112,1,2020-04-08
Biobío,8,Hualpén,8112,1,2020-04-11
Biobío,8,Hualpén,8112,6,2020-04-13
Biobío,8,Hualpén,8112,2,2020-04-14
Biobío,8,Hualpén,8112,1,2020-04-15
Biobío,8,Hualpén,8112,1,2020-04-17
Biobío,8,Hualpén,8112,6,2020-04-20
Biobío,8,Hualpén,8112,2,2020-04-21
Biobío,8,Hualpén,8112,3,2020-04-23
Biobío,8,Hualpén,8112,3,2020-04-24
Biobío,8,Hualpén,8112,4,2020-04-27
Biobío,8,Hualpén,8112,2,2020-04-28
Biobío,8,Hualpén,8112,1,2020-04-29
Biobío,8,Hualpén,8112,1,2020-05-04
Biobío,8,Hualpén,8112,3,2020-05-05
Biobío,8,Hualpén,8112,1,2020-05-06
Biobío,8,Hualpén,8112,3,2020-05-07
Biobío,8,Hualpén,8112,1,2020-05-08
Biobío,8,Hualpén,8112,3,2020-05-11
Biobío,8,Hualpén,8112,1,2020-05-13
Biobío,8,Hualpén,8112,1,2020-05-14
Biobío,8,Hualpén,8112,5,2020-05-18
Biobío,8,Hualpén,8112,1,2020-05-19
Biobío,8,Hualpén,8112,2,2020-05-20
Biobío,8,Hualpén,8112,2,2020-05-22
Biobío,8,Hualpén,8112,1,2020-05-25
Biobío,8,Hualpén,8112,1,2020-05-27
Biobío,8,Hualpén,8112,1,2020-05-28
Biobío,8,Hualpén,8112,1,2020-06-01
Biobío,8,Hualpén,8112,2,2020-06-02
Biobío,8,Hualpén,8112,1,2020-06-03
Biobío,8,Hualpén,8112,1,2020-06-04
Biobío,8,Hualpén,8112,1,2020-06-05
Biobío,8,Hualpén,8112,1,2020-06-06
Biobío,8,Hualpén,8112,6,2020-06-08
Biobío,8,Hualpén,8112,1,2020-06-09
Biobío,8,Hualpén,8112,1,2020-06-11
Biobío,8,Hualpén,8112,2,2020-06-12
Biobío,8,Hualpén,8112,4,2020-06-15
Biobío,8,Hualpén,8112,1,2020-06-16
Biobío,8,Hualpén,8112,1,2020-06-18
Biobío,8,Hualpén,8112,2,2020-06-22
Biobío,8,Hualpén,8112,2,2020-06-24
Biobío,8,Hualpén,8112,2,2020-06-26
Biobío,8,Hualpén,8112,3,2020-06-30
Biobío,8,Hualpén,8112,1,2020-07-01
Biobío,8,Hualpén,8112,1,2020-07-03
Biobío,8,Hualpén,8112,1,2020-07-06
Biobío,8,Hualpén,8112,3,2020-07-07
Biobío,8,Hualpén,8112,3,2020-07-08
Biobío,8,Hualpén,8112,1,2020-07-09
Biobío,8,Hualpén,8112,1,2020-07-10
Biobío,8,Hualpén,8112,2,2020-07-13
Biobío,8,Hualpén,8112,1,2020-07-14
Biobío,8,Hualpén,8112,1,2020-07-15
Biobío,8,Hualpén,8112,1,2020-07-16
Biobío,8,Hualpén,8112,3,2020-07-17
Biobío,8,Hualpén,8112,1,2020-07-19
Biobío,8,Hualpén,8112,5,2020-07-20
Biobío,8,Hualpén,8112,3,2020-07-21
Biobío,8,Hualpén,8112,1,2020-07-23
Biobío,8,Hualpén,8112,1,2020-07-24
Biobío,8,Hualpén,8112,1,2020-07-27
Biobío,8,Hualpén,8112,2,2020-07-28
Biobío,8,Hualpén,8112,2,2020-07-29
Biobío,8,Hualpén,8112,1,2020-07-31
Biobío,8,Hualpén,8112,1,2020-08-01
Biobío,8,Hualpén,8112,1,2020-08-02
Biobío,8,Hualpén,8112,1,2020-08-03
Biobío,8,Hualpén,8112,4,2020-08-04
Biobío,8,Hualpén,8112,2,2020-08-05
Biobío,8,Hualpén,8112,1,2020-08-06
Biobío,8,Hualpén,8112,1,2020-08-09
Biobío,8,Hualpén,8112,1,2020-08-10
Biobío,8,Hualpén,8112,2,2020-08-11
Biobío,8,Hualpén,8112,1,2020-08-13
Biobío,8,Hualpén,8112,2,2020-08-14
Biobío,8,Hualpén,8112,1,2020-08-16
Biobío,8,Hualpén,8112,1,2020-08-17
Biobío,8,Hualpén,8112,2,2020-08-18
Biobío,8,Hualpén,8112,2,2020-08-19
Biobío,8,Hualpén,8112,2,2020-08-20
Biobío,8,Hualpén,8112,1,2020-08-21
Biobío,8,Hualpén,8112,1,2020-08-22
Biobío,8,Hualpén,8112,2,2020-08-24
Biobío,8,Hualpén,8112,1,2020-08-25
Biobío,8,Hualpén,8112,2,2020-08-26
Biobío,8,Hualpén,8112,1,2020-08-27
Biobío,8,Hualpén,8112,2,2020-08-28
Biobío,8,Hualpén,8112,2,2020-08-31
Biobío,8,Hualpén,8112,2,2020-09-01
Biobío,8,Hualpén,8112,1,2020-09-02
Biobío,8,Hualpén,8112,5,2020-09-03
Biobío,8,Hualpén,8112,1,2020-09-06
Biobío,8,Hualpén,8112,1,2020-09-07
Biobío,8,Hualpén,8112,1,2020-09-08
Biobío,8,Hualpén,8112,3,2020-09-09
Biobío,8,Hualpén,8112,1,2020-09-11
Biobío,8,Hualpén,8112,2,2020-09-12
Biobío,8,Hualpén,8112,1,2020-09-15
Biobío,8,Hualpén,8112,1,2020-09-16
Biobío,8,Hualpén,8112,2,2020-09-17
Biobío,8,Hualpén,8112,1,2020-09-18
Biobío,8,Hualpén,8112,2,2020-09-21
Biobío,8,Hualpén,8112,1,2020-09-23
Biobío,8,Hualpén,8112,1,2020-09-24
Biobío,8,Hualpén,8112,1,2020-09-25
Biobío,8,Hualpén,8112,1,2020-09-26
Biobío,8,Hualpén,8112,3,2020-09-29
Biobío,8,Hualpén,8112,3,2020-09-30
Biobío,8,Hualpén,8112,1,2020-10-02
Biobío,8,Hualpén,8112,1,2020-10-04
Biobío,8,Hualpén,8112,3,2020-10-05
Biobío,8,Hualpén,8112,1,2020-10-07
Biobío,8,Hualpén,8112,3,2020-10-08
Biobío,8,Hualpén,8112,1,2020-10-11
Biobío,8,Hualpén,8112,3,2020-10-13
Biobío,8,Hualpén,8112,1,2020-10-14
Biobío,8,Hualpén,8112,1,2020-10-15
Biobío,8,Hualpén,8112,3,2020-10-16
Biobío,8,Hualpén,8112,4,2020-10-17
Biobío,8,Hualpén,8112,1,2020-10-19
Biobío,8,Hualpén,8112,1,2020-10-21
Biobío,8,Hualpén,8112,1,2020-10-22
Biobío,8,Hualpén,8112,1,2020-10-23
Biobío,8,Hualpén,8112,4,2020-10-26
Biobío,8,Hualpén,8112,1,2020-10-27
Biobío,8,Hualpén,8112,1,2020-10-28
Biobío,8,Hualpén,8112,1,2020-10-29
Biobío,8,Hualpén,8112,2,2020-11-02
Biobío,8,Hualpén,8112,2,2020-11-03
Biobío,8,Hualpén,8112,2,2020-11-06
Biobío,8,Hualpén,8112,1,2020-11-07
Biobío,8,Hualpén,8112,3,2020-11-09
Biobío,8,Hualpén,8112,1,2020-11-12
Biobío,8,Hualpén,8112,4,2020-11-17
Biobío,8,Hualpén,8112,1,2020-11-19
Biobío,8,Hualpén,8112,1,2020-11-20
Biobío,8,Hualpén,8112,2,2020-11-21
Biobío,8,Hualpén,8112,1,2020-11-23
Biobío,8,Hualpén,8112,1,2020-11-26
Biobío,8,Hualpén,8112,2,2020-11-27
Biobío,8,Hualpén,8112,2,2020-11-30
Biobío,8,Hualpén,8112,1,2020-12-04
Biobío,8,Hualpén,8112,2,2020-12-05
Biobío,8,Hualpén,8112,2,2020-12-10
Biobío,8,Hualpén,8112,2,2020-12-14
Biobío,8,Hualpén,8112,1,2020-12-15
Biobío,8,Hualpén,8112,4,2020-12-18
Biobío,8,Hualpén,8112,3,2020-12-19
Biobío,8,Hualpén,8112,2,2020-12-21
Biobío,8,Hualpén,8112,1,2020-12-23
Biobío,8,Hualpén,8112,1,2020-12-24
Biobío,8,Hualpén,8112,2,2020-12-26
Biobío,8,Hualpén,8112,1,2020-12-28
Biobío,8,Hualpén,8112,2,2020-12-29
Biobío,8,Hualpén,8112,1,2020-12-30
Biobío,8,Hualpén,8112,2,2020-12-31
Biobío,8,Hualpén,8112,2,2021-01-02
Biobío,8,Hualpén,8112,1,2021-01-04
Biobío,8,Hualpén,8112,1,2021-01-06
Biobío,8,Hualpén,8112,1,2021-01-07
Biobío,8,Hualpén,8112,2,2021-01-09
Biobío,8,Hualpén,8112,1,2021-01-11
Biobío,8,Hualpén,8112,1,2021-01-12
Biobío,8,Hualpén,8112,2,2021-01-13
Biobío,8,Hualpén,8112,1,2021-01-14
Biobío,8,Lebu,8201,1,2020-01-03
Biobío,8,Lebu,8201,1,2020-01-05
Biobío,8,Lebu,8201,3,2020-01-06
Biobío,8,Lebu,8201,1,2020-01-08
Biobío,8,Lebu,8201,1,2020-01-09
Biobío,8,Lebu,8201,1,2020-01-10
Biobío,8,Lebu,8201,1,2020-01-14
Biobío,8,Lebu,8201,2,2020-01-20
Biobío,8,Lebu,8201,1,2020-01-24
Biobío,8,Lebu,8201,1,2020-01-27
Biobío,8,Lebu,8201,1,2020-02-02
Biobío,8,Lebu,8201,1,2020-02-03
Biobío,8,Lebu,8201,1,2020-02-11
Biobío,8,Lebu,8201,1,2020-02-16
Biobío,8,Lebu,8201,2,2020-02-17
Biobío,8,Lebu,8201,1,2020-02-19
Biobío,8,Lebu,8201,1,2020-02-24
Biobío,8,Lebu,8201,1,2020-02-27
Biobío,8,Lebu,8201,2,2020-02-28
Biobío,8,Lebu,8201,1,2020-03-02
Biobío,8,Lebu,8201,1,2020-03-04
Biobío,8,Lebu,8201,1,2020-03-06
Biobío,8,Lebu,8201,2,2020-03-09
Biobío,8,Lebu,8201,1,2020-03-11
Biobío,8,Lebu,8201,2,2020-03-16
Biobío,8,Lebu,8201,2,2020-03-17
Biobío,8,Lebu,8201,2,2020-03-19
Biobío,8,Lebu,8201,1,2020-03-20
Biobío,8,Lebu,8201,1,2020-03-22
Biobío,8,Lebu,8201,2,2020-03-23
Biobío,8,Lebu,8201,1,2020-04-01
Biobío,8,Lebu,8201,1,2020-04-03
Biobío,8,Lebu,8201,2,2020-04-08
Biobío,8,Lebu,8201,1,2020-04-11
Biobío,8,Lebu,8201,1,2020-04-13
Biobío,8,Lebu,8201,1,2020-04-23
Biobío,8,Lebu,8201,1,2020-04-27
Biobío,8,Lebu,8201,1,2020-04-28
Biobío,8,Lebu,8201,1,2020-04-30
Biobío,8,Lebu,8201,1,2020-05-05
Biobío,8,Lebu,8201,1,2020-05-08
Biobío,8,Lebu,8201,1,2020-05-10
Biobío,8,Lebu,8201,1,2020-05-15
Biobío,8,Lebu,8201,2,2020-05-18
Biobío,8,Lebu,8201,1,2020-05-21
Biobío,8,Lebu,8201,1,2020-05-22
Biobío,8,Lebu,8201,2,2020-05-26
Biobío,8,Lebu,8201,1,2020-06-01
Biobío,8,Lebu,8201,2,2020-06-02
Biobío,8,Lebu,8201,1,2020-06-06
Biobío,8,Lebu,8201,1,2020-06-10
Biobío,8,Lebu,8201,1,2020-06-12
Biobío,8,Lebu,8201,1,2020-06-15
Biobío,8,Lebu,8201,1,2020-06-24
Biobío,8,Lebu,8201,1,2020-07-01
Biobío,8,Lebu,8201,1,2020-07-03
Biobío,8,Lebu,8201,1,2020-07-06
Biobío,8,Lebu,8201,1,2020-07-10
Biobío,8,Lebu,8201,1,2020-07-15
Biobío,8,Lebu,8201,2,2020-07-17
Biobío,8,Lebu,8201,1,2020-07-20
Biobío,8,Lebu,8201,1,2020-07-22
Biobío,8,Lebu,8201,1,2020-07-27
Biobío,8,Lebu,8201,2,2020-07-29
Biobío,8,Lebu,8201,1,2020-08-01
Biobío,8,Lebu,8201,1,2020-08-02
Biobío,8,Lebu,8201,1,2020-08-03
Biobío,8,Lebu,8201,2,2020-08-05
Biobío,8,Lebu,8201,3,2020-08-13
Biobío,8,Lebu,8201,1,2020-08-16
Biobío,8,Lebu,8201,1,2020-08-18
Biobío,8,Lebu,8201,1,2020-08-20
Biobío,8,Lebu,8201,1,2020-08-22
Biobío,8,Lebu,8201,1,2020-08-25
Biobío,8,Lebu,8201,1,2020-08-31
Biobío,8,Lebu,8201,2,2020-09-01
Biobío,8,Lebu,8201,1,2020-09-03
Biobío,8,Lebu,8201,2,2020-09-04
Biobío,8,Lebu,8201,2,2020-09-07
Biobío,8,Lebu,8201,1,2020-09-10
Biobío,8,Lebu,8201,1,2020-09-19
Biobío,8,Lebu,8201,1,2020-09-23
Biobío,8,Lebu,8201,1,2020-09-24
Biobío,8,Lebu,8201,2,2020-09-25
Biobío,8,Lebu,8201,2,2020-09-28
Biobío,8,Lebu,8201,3,2020-09-29
Biobío,8,Lebu,8201,2,2020-10-01
Biobío,8,Lebu,8201,3,2020-10-05
Biobío,8,Lebu,8201,1,2020-10-06
Biobío,8,Lebu,8201,1,2020-10-09
Biobío,8,Lebu,8201,1,2020-10-13
Biobío,8,Lebu,8201,1,2020-10-14
Biobío,8,Lebu,8201,1,2020-10-15
Biobío,8,Lebu,8201,1,2020-10-16
Biobío,8,Lebu,8201,1,2020-10-20
Biobío,8,Lebu,8201,1,2020-10-24
Biobío,8,Lebu,8201,1,2020-10-27
Biobío,8,Lebu,8201,1,2020-10-31
Biobío,8,Lebu,8201,3,2020-11-01
Biobío,8,Lebu,8201,2,2020-11-02
Biobío,8,Lebu,8201,1,2020-11-04
Biobío,8,Lebu,8201,1,2020-11-05
Biobío,8,Lebu,8201,1,2020-11-09
Biobío,8,Lebu,8201,1,2020-11-13
Biobío,8,Lebu,8201,1,2020-11-17
Biobío,8,Lebu,8201,1,2020-11-20
Biobío,8,Lebu,8201,2,2020-11-23
Biobío,8,Lebu,8201,1,2020-11-24
Biobío,8,Lebu,8201,1,2020-11-26
Biobío,8,Lebu,8201,2,2020-12-07
Biobío,8,Lebu,8201,3,2020-12-09
Biobío,8,Lebu,8201,1,2020-12-11
Biobío,8,Lebu,8201,1,2020-12-14
Biobío,8,Lebu,8201,1,2020-12-21
Biobío,8,Lebu,8201,1,2020-12-22
Biobío,8,Lebu,8201,1,2020-12-23
Biobío,8,Lebu,8201,2,2020-12-24
Biobío,8,Lebu,8201,1,2020-12-28
Biobío,8,Lebu,8201,1,2020-12-29
Biobío,8,Lebu,8201,1,2020-12-31
Biobío,8,Lebu,8201,1,2021-01-01
Biobío,8,Lebu,8201,2,2021-01-04
Biobío,8,Lebu,8201,3,2021-01-06
Biobío,8,Lebu,8201,1,2021-01-08
Biobío,8,Lebu,8201,1,2021-01-10
Biobío,8,Lebu,8201,1,2021-01-12
Biobío,8,Lebu,8201,1,2021-01-13
Biobío,8,Lebu,8201,1,2021-01-14
Biobío,8,Arauco,8202,2,2020-01-08
Biobío,8,Arauco,8202,1,2020-01-13
Biobío,8,Arauco,8202,1,2020-01-20
Biobío,8,Arauco,8202,1,2020-01-21
Biobío,8,Arauco,8202,3,2020-01-27
Biobío,8,Arauco,8202,3,2020-02-03
Biobío,8,Arauco,8202,1,2020-02-06
Biobío,8,Arauco,8202,1,2020-02-10
Biobío,8,Arauco,8202,1,2020-02-13
Biobío,8,Arauco,8202,1,2020-02-14
Biobío,8,Arauco,8202,1,2020-02-17
Biobío,8,Arauco,8202,1,2020-02-19
Biobío,8,Arauco,8202,1,2020-02-21
Biobío,8,Arauco,8202,2,2020-02-26
Biobío,8,Arauco,8202,1,2020-03-05
Biobío,8,Arauco,8202,3,2020-03-09
Biobío,8,Arauco,8202,1,2020-03-11
Biobío,8,Arauco,8202,2,2020-03-16
Biobío,8,Arauco,8202,2,2020-03-19
Biobío,8,Arauco,8202,3,2020-03-20
Biobío,8,Arauco,8202,1,2020-03-26
Biobío,8,Arauco,8202,1,2020-03-27
Biobío,8,Arauco,8202,1,2020-03-30
Biobío,8,Arauco,8202,1,2020-04-01
Biobío,8,Arauco,8202,1,2020-04-06
Biobío,8,Arauco,8202,1,2020-04-08
Biobío,8,Arauco,8202,1,2020-04-09
Biobío,8,Arauco,8202,1,2020-04-12
Biobío,8,Arauco,8202,2,2020-04-13
Biobío,8,Arauco,8202,1,2020-04-14
Biobío,8,Arauco,8202,3,2020-04-20
Biobío,8,Arauco,8202,1,2020-04-24
Biobío,8,Arauco,8202,2,2020-04-27
Biobío,8,Arauco,8202,1,2020-04-28
Biobío,8,Arauco,8202,1,2020-05-02
Biobío,8,Arauco,8202,2,2020-05-04
Biobío,8,Arauco,8202,3,2020-05-11
Biobío,8,Arauco,8202,3,2020-05-18
Biobío,8,Arauco,8202,2,2020-05-20
Biobío,8,Arauco,8202,1,2020-05-22
Biobío,8,Arauco,8202,1,2020-06-01
Biobío,8,Arauco,8202,1,2020-06-08
Biobío,8,Arauco,8202,4,2020-06-10
Biobío,8,Arauco,8202,1,2020-06-12
Biobío,8,Arauco,8202,2,2020-06-15
Biobío,8,Arauco,8202,1,2020-06-19
Biobío,8,Arauco,8202,1,2020-06-22
Biobío,8,Arauco,8202,1,2020-06-24
Biobío,8,Arauco,8202,1,2020-06-28
Biobío,8,Arauco,8202,1,2020-07-06
Biobío,8,Arauco,8202,1,2020-07-08
Biobío,8,Arauco,8202,4,2020-07-10
Biobío,8,Arauco,8202,1,2020-07-15
Biobío,8,Arauco,8202,2,2020-07-20
Biobío,8,Arauco,8202,4,2020-07-22
Biobío,8,Arauco,8202,1,2020-07-24
Biobío,8,Arauco,8202,1,2020-07-25
Biobío,8,Arauco,8202,1,2020-07-26
Biobío,8,Arauco,8202,3,2020-07-27
Biobío,8,Arauco,8202,1,2020-07-28
Biobío,8,Arauco,8202,2,2020-08-03
Biobío,8,Arauco,8202,3,2020-08-07
Biobío,8,Arauco,8202,2,2020-08-10
Biobío,8,Arauco,8202,1,2020-08-17
Biobío,8,Arauco,8202,2,2020-08-19
Biobío,8,Arauco,8202,2,2020-08-21
Biobío,8,Arauco,8202,3,2020-08-24
Biobío,8,Arauco,8202,1,2020-08-25
Biobío,8,Arauco,8202,1,2020-08-31
Biobío,8,Arauco,8202,1,2020-09-01
Biobío,8,Arauco,8202,1,2020-09-02
Biobío,8,Arauco,8202,1,2020-09-07
Biobío,8,Arauco,8202,1,2020-09-08
Biobío,8,Arauco,8202,1,2020-09-17
Biobío,8,Arauco,8202,2,2020-09-21
Biobío,8,Arauco,8202,1,2020-09-23
Biobío,8,Arauco,8202,1,2020-09-28
Biobío,8,Arauco,8202,1,2020-10-01
Biobío,8,Arauco,8202,3,2020-10-05
Biobío,8,Arauco,8202,1,2020-10-06
Biobío,8,Arauco,8202,1,2020-10-08
Biobío,8,Arauco,8202,1,2020-10-10
Biobío,8,Arauco,8202,1,2020-10-14
Biobío,8,Arauco,8202,1,2020-10-15
Biobío,8,Arauco,8202,2,2020-10-16
Biobío,8,Arauco,8202,1,2020-10-19
Biobío,8,Arauco,8202,1,2020-10-22
Biobío,8,Arauco,8202,1,2020-10-26
Biobío,8,Arauco,8202,1,2020-10-27
Biobío,8,Arauco,8202,1,2020-10-28
Biobío,8,Arauco,8202,1,2020-11-03
Biobío,8,Arauco,8202,1,2020-11-04
Biobío,8,Arauco,8202,1,2020-11-05
Biobío,8,Arauco,8202,1,2020-11-06
Biobío,8,Arauco,8202,1,2020-11-09
Biobío,8,Arauco,8202,1,2020-11-10
Biobío,8,Arauco,8202,1,2020-11-12
Biobío,8,Arauco,8202,5,2020-11-16
Biobío,8,Arauco,8202,1,2020-11-19
Biobío,8,Arauco,8202,1,2020-11-20
Biobío,8,Arauco,8202,3,2020-11-23
Biobío,8,Arauco,8202,1,2020-11-24
Biobío,8,Arauco,8202,2,2020-11-26
Biobío,8,Arauco,8202,1,2020-11-27
Biobío,8,Arauco,8202,2,2020-12-04
Biobío,8,Arauco,8202,1,2020-12-05
Biobío,8,Arauco,8202,1,2020-12-07
Biobío,8,Arauco,8202,4,2020-12-09
Biobío,8,Arauco,8202,1,2020-12-11
Biobío,8,Arauco,8202,2,2020-12-14
Biobío,8,Arauco,8202,1,2020-12-17
Biobío,8,Arauco,8202,1,2020-12-20
Biobío,8,Arauco,8202,1,2020-12-21
Biobío,8,Arauco,8202,2,2020-12-22
Biobío,8,Arauco,8202,3,2020-12-23
Biobío,8,Arauco,8202,1,2020-12-24
Biobío,8,Arauco,8202,1,2020-12-25
Biobío,8,Arauco,8202,4,2020-12-28
Biobío,8,Arauco,8202,2,2020-12-29
Biobío,8,Arauco,8202,1,2020-12-30
Biobío,8,Arauco,8202,1,2020-12-31
Biobío,8,Arauco,8202,4,2021-01-04
Biobío,8,Arauco,8202,3,2021-01-05
Biobío,8,Arauco,8202,1,2021-01-06
Biobío,8,Arauco,8202,1,2021-01-08
Biobío,8,Arauco,8202,1,2021-01-11
Biobío,8,Arauco,8202,1,2021-01-13
Biobío,8,Cañete,8203,4,2020-01-02
Biobío,8,Cañete,8203,2,2020-01-03
Biobío,8,Cañete,8203,3,2020-01-06
Biobío,8,Cañete,8203,3,2020-01-07
Biobío,8,Cañete,8203,5,2020-01-13
Biobío,8,Cañete,8203,1,2020-01-17
Biobío,8,Cañete,8203,1,2020-01-20
Biobío,8,Cañete,8203,1,2020-01-21
Biobío,8,Cañete,8203,1,2020-01-23
Biobío,8,Cañete,8203,1,2020-01-30
Biobío,8,Cañete,8203,1,2020-01-31
Biobío,8,Cañete,8203,1,2020-02-03
Biobío,8,Cañete,8203,1,2020-02-06
Biobío,8,Cañete,8203,1,2020-02-12
Biobío,8,Cañete,8203,3,2020-02-17
Biobío,8,Cañete,8203,1,2020-02-19
Biobío,8,Cañete,8203,1,2020-02-20
Biobío,8,Cañete,8203,6,2020-02-24
Biobío,8,Cañete,8203,2,2020-02-25
Biobío,8,Cañete,8203,1,2020-02-28
Biobío,8,Cañete,8203,1,2020-03-02
Biobío,8,Cañete,8203,1,2020-03-03
Biobío,8,Cañete,8203,1,2020-03-05
Biobío,8,Cañete,8203,1,2020-03-06
Biobío,8,Cañete,8203,2,2020-03-09
Biobío,8,Cañete,8203,2,2020-03-10
Biobío,8,Cañete,8203,3,2020-03-16
Biobío,8,Cañete,8203,1,2020-03-17
Biobío,8,Cañete,8203,2,2020-03-18
Biobío,8,Cañete,8203,2,2020-03-23
Biobío,8,Cañete,8203,1,2020-03-24
Biobío,8,Cañete,8203,1,2020-03-25
Biobío,8,Cañete,8203,1,2020-03-30
Biobío,8,Cañete,8203,2,2020-04-02
Biobío,8,Cañete,8203,2,2020-04-03
Biobío,8,Cañete,8203,1,2020-04-06
Biobío,8,Cañete,8203,2,2020-04-07
Biobío,8,Cañete,8203,2,2020-04-08
Biobío,8,Cañete,8203,2,2020-04-13
Biobío,8,Cañete,8203,1,2020-04-14
Biobío,8,Cañete,8203,2,2020-04-15
Biobío,8,Cañete,8203,1,2020-04-16
Biobío,8,Cañete,8203,1,2020-04-17
Biobío,8,Cañete,8203,1,2020-04-20
Biobío,8,Cañete,8203,1,2020-04-23
Biobío,8,Cañete,8203,2,2020-04-24
Biobío,8,Cañete,8203,2,2020-04-30
Biobío,8,Cañete,8203,1,2020-05-02
Biobío,8,Cañete,8203,4,2020-05-04
Biobío,8,Cañete,8203,3,2020-05-05
Biobío,8,Cañete,8203,2,2020-05-06
Biobío,8,Cañete,8203,3,2020-05-11
Biobío,8,Cañete,8203,1,2020-05-12
Biobío,8,Cañete,8203,1,2020-05-13
Biobío,8,Cañete,8203,1,2020-05-14
Biobío,8,Cañete,8203,1,2020-05-18
Biobío,8,Cañete,8203,1,2020-05-19
Biobío,8,Cañete,8203,1,2020-05-25
Biobío,8,Cañete,8203,3,2020-05-26
Biobío,8,Cañete,8203,1,2020-05-28
Biobío,8,Cañete,8203,1,2020-05-29
Biobío,8,Cañete,8203,1,2020-06-02
Biobío,8,Cañete,8203,1,2020-06-04
Biobío,8,Cañete,8203,1,2020-06-08
Biobío,8,Cañete,8203,1,2020-06-15
Biobío,8,Cañete,8203,1,2020-06-16
Biobío,8,Cañete,8203,1,2020-06-19
Biobío,8,Cañete,8203,2,2020-06-22
Biobío,8,Cañete,8203,1,2020-06-23
Biobío,8,Cañete,8203,1,2020-06-25
Biobío,8,Cañete,8203,2,2020-06-26
Biobío,8,Cañete,8203,1,2020-06-30
Biobío,8,Cañete,8203,1,2020-07-01
Biobío,8,Cañete,8203,2,2020-07-02
Biobío,8,Cañete,8203,1,2020-07-06
Biobío,8,Cañete,8203,2,2020-07-09
Biobío,8,Cañete,8203,1,2020-07-11
Biobío,8,Cañete,8203,2,2020-07-12
Biobío,8,Cañete,8203,3,2020-07-13
Biobío,8,Cañete,8203,1,2020-07-15
Biobío,8,Cañete,8203,1,2020-07-16
Biobío,8,Cañete,8203,1,2020-07-20
Biobío,8,Cañete,8203,1,2020-07-21
Biobío,8,Cañete,8203,3,2020-07-23
Biobío,8,Cañete,8203,1,2020-07-24
Biobío,8,Cañete,8203,1,2020-07-25
Biobío,8,Cañete,8203,2,2020-07-26
Biobío,8,Cañete,8203,1,2020-07-27
Biobío,8,Cañete,8203,1,2020-07-28
Biobío,8,Cañete,8203,2,2020-07-30
Biobío,8,Cañete,8203,1,2020-07-31
Biobío,8,Cañete,8203,4,2020-08-03
Biobío,8,Cañete,8203,1,2020-08-06
Biobío,8,Cañete,8203,1,2020-08-10
Biobío,8,Cañete,8203,1,2020-08-11
Biobío,8,Cañete,8203,1,2020-08-12
Biobío,8,Cañete,8203,1,2020-08-13
Biobío,8,Cañete,8203,1,2020-08-14
Biobío,8,Cañete,8203,1,2020-08-16
Biobío,8,Cañete,8203,2,2020-08-17
Biobío,8,Cañete,8203,1,2020-08-19
Biobío,8,Cañete,8203,1,2020-08-20
Biobío,8,Cañete,8203,2,2020-08-24
Biobío,8,Cañete,8203,2,2020-08-25
Biobío,8,Cañete,8203,1,2020-08-26
Biobío,8,Cañete,8203,5,2020-08-31
Biobío,8,Cañete,8203,3,2020-09-01
Biobío,8,Cañete,8203,2,2020-09-02
Biobío,8,Cañete,8203,1,2020-09-03
Biobío,8,Cañete,8203,1,2020-09-04
Biobío,8,Cañete,8203,5,2020-09-07
Biobío,8,Cañete,8203,3,2020-09-08
Biobío,8,Cañete,8203,1,2020-09-11
Biobío,8,Cañete,8203,1,2020-09-15
Biobío,8,Cañete,8203,1,2020-09-16
Biobío,8,Cañete,8203,1,2020-09-17
Biobío,8,Cañete,8203,1,2020-09-22
Biobío,8,Cañete,8203,2,2020-09-23
Biobío,8,Cañete,8203,1,2020-09-24
Biobío,8,Cañete,8203,1,2020-09-25
Biobío,8,Cañete,8203,3,2020-09-28
Biobío,8,Cañete,8203,1,2020-09-30
Biobío,8,Cañete,8203,1,2020-10-01
Biobío,8,Cañete,8203,1,2020-10-02
Biobío,8,Cañete,8203,1,2020-10-05
Biobío,8,Cañete,8203,1,2020-10-06
Biobío,8,Cañete,8203,1,2020-10-07
Biobío,8,Cañete,8203,1,2020-10-09
Biobío,8,Cañete,8203,1,2020-10-11
Biobío,8,Cañete,8203,1,2020-10-12
Biobío,8,Cañete,8203,3,2020-10-14
Biobío,8,Cañete,8203,1,2020-10-15
Biobío,8,Cañete,8203,2,2020-10-19
Biobío,8,Cañete,8203,2,2020-10-20
Biobío,8,Cañete,8203,1,2020-10-21
Biobío,8,Cañete,8203,1,2020-10-22
Biobío,8,Cañete,8203,4,2020-10-23
Biobío,8,Cañete,8203,3,2020-10-26
Biobío,8,Cañete,8203,1,2020-10-28
Biobío,8,Cañete,8203,1,2020-10-30
Biobío,8,Cañete,8203,3,2020-11-02
Biobío,8,Cañete,8203,3,2020-11-06
Biobío,8,Cañete,8203,3,2020-11-09
Biobío,8,Cañete,8203,1,2020-11-11
Biobío,8,Cañete,8203,1,2020-11-13
Biobío,8,Cañete,8203,1,2020-11-16
Biobío,8,Cañete,8203,2,2020-11-17
Biobío,8,Cañete,8203,2,2020-11-18
Biobío,8,Cañete,8203,1,2020-11-20
Biobío,8,Cañete,8203,4,2020-11-23
Biobío,8,Cañete,8203,2,2020-11-24
Biobío,8,Cañete,8203,4,2020-11-27
Biobío,8,Cañete,8203,1,2020-11-30
Biobío,8,Cañete,8203,1,2020-12-01
Biobío,8,Cañete,8203,5,2020-12-07
Biobío,8,Cañete,8203,3,2020-12-09
Biobío,8,Cañete,8203,1,2020-12-11
Biobío,8,Cañete,8203,4,2020-12-14
Biobío,8,Cañete,8203,1,2020-12-16
Biobío,8,Cañete,8203,1,2020-12-17
Biobío,8,Cañete,8203,1,2020-12-29
Biobío,8,Cañete,8203,1,2020-12-30
Biobío,8,Cañete,8203,5,2021-01-04
Biobío,8,Cañete,8203,1,2021-01-05
Biobío,8,Cañete,8203,2,2021-01-07
Biobío,8,Cañete,8203,1,2021-01-11
Biobío,8,Cañete,8203,1,2021-01-13
Biobío,8,Contulmo,8204,1,2020-01-02
Biobío,8,Contulmo,8204,1,2020-01-08
Biobío,8,Contulmo,8204,1,2020-01-13
Biobío,8,Contulmo,8204,1,2020-01-15
Biobío,8,Contulmo,8204,1,2020-02-04
Biobío,8,Contulmo,8204,1,2020-03-12
Biobío,8,Contulmo,8204,2,2020-03-16
Biobío,8,Contulmo,8204,1,2020-03-26
Biobío,8,Contulmo,8204,1,2020-03-30
Biobío,8,Contulmo,8204,1,2020-04-21
Biobío,8,Contulmo,8204,1,2020-04-30
Biobío,8,Contulmo,8204,1,2020-05-03
Biobío,8,Contulmo,8204,1,2020-05-23
Biobío,8,Contulmo,8204,2,2020-05-26
Biobío,8,Contulmo,8204,1,2020-06-02
Biobío,8,Contulmo,8204,1,2020-06-09
Biobío,8,Contulmo,8204,1,2020-06-13
Biobío,8,Contulmo,8204,1,2020-06-23
Biobío,8,Contulmo,8204,1,2020-06-30
Biobío,8,Contulmo,8204,1,2020-07-01
Biobío,8,Contulmo,8204,3,2020-07-28
Biobío,8,Contulmo,8204,1,2020-08-27
Biobío,8,Contulmo,8204,1,2020-09-03
Biobío,8,Contulmo,8204,2,2020-09-24
Biobío,8,Contulmo,8204,1,2020-10-29
Biobío,8,Contulmo,8204,1,2020-11-19
Biobío,8,Contulmo,8204,1,2020-11-26
Biobío,8,Contulmo,8204,1,2020-11-27
Biobío,8,Contulmo,8204,1,2020-12-03
Biobío,8,Contulmo,8204,1,2020-12-18
Biobío,8,Contulmo,8204,1,2020-12-21
Biobío,8,Contulmo,8204,1,2020-12-31
Biobío,8,Curanilahue,8205,2,2020-01-02
Biobío,8,Curanilahue,8205,1,2020-01-03
Biobío,8,Curanilahue,8205,1,2020-01-06
Biobío,8,Curanilahue,8205,2,2020-01-07
Biobío,8,Curanilahue,8205,1,2020-01-08
Biobío,8,Curanilahue,8205,1,2020-01-10
Biobío,8,Curanilahue,8205,3,2020-01-13
Biobío,8,Curanilahue,8205,1,2020-01-17
Biobío,8,Curanilahue,8205,3,2020-01-20
Biobío,8,Curanilahue,8205,2,2020-01-21
Biobío,8,Curanilahue,8205,2,2020-01-23
Biobío,8,Curanilahue,8205,2,2020-01-27
Biobío,8,Curanilahue,8205,1,2020-01-29
Biobío,8,Curanilahue,8205,1,2020-01-30
Biobío,8,Curanilahue,8205,1,2020-01-31
Biobío,8,Curanilahue,8205,1,2020-02-01
Biobío,8,Curanilahue,8205,3,2020-02-03
Biobío,8,Curanilahue,8205,1,2020-02-05
Biobío,8,Curanilahue,8205,1,2020-02-06
Biobío,8,Curanilahue,8205,1,2020-02-10
Biobío,8,Curanilahue,8205,1,2020-02-11
Biobío,8,Curanilahue,8205,1,2020-02-12
Biobío,8,Curanilahue,8205,3,2020-02-17
Biobío,8,Curanilahue,8205,1,2020-02-28
Biobío,8,Curanilahue,8205,5,2020-03-02
Biobío,8,Curanilahue,8205,5,2020-03-03
Biobío,8,Curanilahue,8205,1,2020-03-04
Biobío,8,Curanilahue,8205,1,2020-03-05
Biobío,8,Curanilahue,8205,1,2020-03-06
Biobío,8,Curanilahue,8205,2,2020-03-09
Biobío,8,Curanilahue,8205,3,2020-03-11
Biobío,8,Curanilahue,8205,1,2020-03-12
Biobío,8,Curanilahue,8205,1,2020-03-13
Biobío,8,Curanilahue,8205,1,2020-03-16
Biobío,8,Curanilahue,8205,1,2020-03-18
Biobío,8,Curanilahue,8205,2,2020-03-19
Biobío,8,Curanilahue,8205,1,2020-03-20
Biobío,8,Curanilahue,8205,4,2020-03-23
Biobío,8,Curanilahue,8205,1,2020-03-24
Biobío,8,Curanilahue,8205,1,2020-03-25
Biobío,8,Curanilahue,8205,2,2020-03-30
Biobío,8,Curanilahue,8205,1,2020-03-31
Biobío,8,Curanilahue,8205,1,2020-04-06
Biobío,8,Curanilahue,8205,2,2020-04-07
Biobío,8,Curanilahue,8205,2,2020-04-09
Biobío,8,Curanilahue,8205,2,2020-04-13
Biobío,8,Curanilahue,8205,2,2020-04-14
Biobío,8,Curanilahue,8205,1,2020-04-17
Biobío,8,Curanilahue,8205,2,2020-04-20
Biobío,8,Curanilahue,8205,1,2020-04-22
Biobío,8,Curanilahue,8205,3,2020-04-23
Biobío,8,Curanilahue,8205,2,2020-04-27
Biobío,8,Curanilahue,8205,1,2020-04-28
Biobío,8,Curanilahue,8205,1,2020-04-29
Biobío,8,Curanilahue,8205,2,2020-04-30
Biobío,8,Curanilahue,8205,1,2020-05-04
Biobío,8,Curanilahue,8205,2,2020-05-05
Biobío,8,Curanilahue,8205,1,2020-05-08
Biobío,8,Curanilahue,8205,2,2020-05-11
Biobío,8,Curanilahue,8205,1,2020-05-14
Biobío,8,Curanilahue,8205,3,2020-05-18
Biobío,8,Curanilahue,8205,2,2020-05-19
Biobío,8,Curanilahue,8205,1,2020-05-22
Biobío,8,Curanilahue,8205,1,2020-05-27
Biobío,8,Curanilahue,8205,3,2020-06-01
Biobío,8,Curanilahue,8205,1,2020-06-02
Biobío,8,Curanilahue,8205,1,2020-06-04
Biobío,8,Curanilahue,8205,2,2020-06-05
Biobío,8,Curanilahue,8205,1,2020-06-08
Biobío,8,Curanilahue,8205,1,2020-06-09
Biobío,8,Curanilahue,8205,1,2020-06-10
Biobío,8,Curanilahue,8205,2,2020-06-11
Biobío,8,Curanilahue,8205,3,2020-06-12
Biobío,8,Curanilahue,8205,2,2020-06-15
Biobío,8,Curanilahue,8205,1,2020-06-18
Biobío,8,Curanilahue,8205,1,2020-06-19
Biobío,8,Curanilahue,8205,2,2020-06-22
Biobío,8,Curanilahue,8205,2,2020-06-25
Biobío,8,Curanilahue,8205,1,2020-06-26
Biobío,8,Curanilahue,8205,1,2020-06-30
Biobío,8,Curanilahue,8205,4,2020-07-02
Biobío,8,Curanilahue,8205,1,2020-07-04
Biobío,8,Curanilahue,8205,2,2020-07-06
Biobío,8,Curanilahue,8205,2,2020-07-07
Biobío,8,Curanilahue,8205,1,2020-07-08
Biobío,8,Curanilahue,8205,2,2020-07-10
Biobío,8,Curanilahue,8205,1,2020-07-11
Biobío,8,Curanilahue,8205,1,2020-07-12
Biobío,8,Curanilahue,8205,1,2020-07-13
Biobío,8,Curanilahue,8205,1,2020-07-16
Biobío,8,Curanilahue,8205,3,2020-07-17
Biobío,8,Curanilahue,8205,2,2020-07-20
Biobío,8,Curanilahue,8205,1,2020-07-21
Biobío,8,Curanilahue,8205,1,2020-07-23
Biobío,8,Curanilahue,8205,1,2020-07-24
Biobío,8,Curanilahue,8205,1,2020-07-25
Biobío,8,Curanilahue,8205,2,2020-07-27
Biobío,8,Curanilahue,8205,2,2020-07-30
Biobío,8,Curanilahue,8205,1,2020-07-31
Biobío,8,Curanilahue,8205,1,2020-08-05
Biobío,8,Curanilahue,8205,1,2020-08-06
Biobío,8,Curanilahue,8205,2,2020-08-07
Biobío,8,Curanilahue,8205,1,2020-08-09
Biobío,8,Curanilahue,8205,3,2020-08-10
Biobío,8,Curanilahue,8205,2,2020-08-13
Biobío,8,Curanilahue,8205,1,2020-08-16
Biobío,8,Curanilahue,8205,1,2020-08-17
Biobío,8,Curanilahue,8205,4,2020-08-18
Biobío,8,Curanilahue,8205,1,2020-08-21
Biobío,8,Curanilahue,8205,2,2020-08-23
Biobío,8,Curanilahue,8205,2,2020-08-24
Biobío,8,Curanilahue,8205,1,2020-08-26
Biobío,8,Curanilahue,8205,1,2020-08-27
Biobío,8,Curanilahue,8205,1,2020-08-28
Biobío,8,Curanilahue,8205,3,2020-08-31
Biobío,8,Curanilahue,8205,2,2020-09-01
Biobío,8,Curanilahue,8205,2,2020-09-03
Biobío,8,Curanilahue,8205,1,2020-09-04
Biobío,8,Curanilahue,8205,3,2020-09-07
Biobío,8,Curanilahue,8205,2,2020-09-08
Biobío,8,Curanilahue,8205,3,2020-09-09
Biobío,8,Curanilahue,8205,1,2020-09-11
Biobío,8,Curanilahue,8205,2,2020-09-14
Biobío,8,Curanilahue,8205,3,2020-09-15
Biobío,8,Curanilahue,8205,2,2020-09-16
Biobío,8,Curanilahue,8205,2,2020-09-17
Biobío,8,Curanilahue,8205,10,2020-09-21
Biobío,8,Curanilahue,8205,2,2020-09-22
Biobío,8,Curanilahue,8205,1,2020-09-25
Biobío,8,Curanilahue,8205,3,2020-09-28
Biobío,8,Curanilahue,8205,3,2020-09-29
Biobío,8,Curanilahue,8205,1,2020-10-02
Biobío,8,Curanilahue,8205,3,2020-10-05
Biobío,8,Curanilahue,8205,1,2020-10-06
Biobío,8,Curanilahue,8205,1,2020-10-07
Biobío,8,Curanilahue,8205,2,2020-10-08
Biobío,8,Curanilahue,8205,1,2020-10-09
Biobío,8,Curanilahue,8205,2,2020-10-13
Biobío,8,Curanilahue,8205,1,2020-10-14
Biobío,8,Curanilahue,8205,2,2020-10-15
Biobío,8,Curanilahue,8205,3,2020-10-19
Biobío,8,Curanilahue,8205,1,2020-10-22
Biobío,8,Curanilahue,8205,1,2020-10-23
Biobío,8,Curanilahue,8205,6,2020-10-26
Biobío,8,Curanilahue,8205,2,2020-10-27
Biobío,8,Curanilahue,8205,3,2020-10-29
Biobío,8,Curanilahue,8205,2,2020-11-06
Biobío,8,Curanilahue,8205,2,2020-11-09
Biobío,8,Curanilahue,8205,3,2020-11-11
Biobío,8,Curanilahue,8205,3,2020-11-17
Biobío,8,Curanilahue,8205,2,2020-11-18
Biobío,8,Curanilahue,8205,1,2020-11-19
Biobío,8,Curanilahue,8205,1,2020-11-24
Biobío,8,Curanilahue,8205,1,2020-11-25
Biobío,8,Curanilahue,8205,1,2020-11-26
Biobío,8,Curanilahue,8205,3,2020-11-30
Biobío,8,Curanilahue,8205,1,2020-12-01
Biobío,8,Curanilahue,8205,1,2020-12-03
Biobío,8,Curanilahue,8205,5,2020-12-07
Biobío,8,Curanilahue,8205,2,2020-12-09
Biobío,8,Curanilahue,8205,1,2020-12-10
Biobío,8,Curanilahue,8205,1,2020-12-11
Biobío,8,Curanilahue,8205,2,2020-12-14
Biobío,8,Curanilahue,8205,3,2020-12-16
Biobío,8,Curanilahue,8205,3,2020-12-17
Biobío,8,Curanilahue,8205,1,2020-12-18
Biobío,8,Curanilahue,8205,2,2020-12-21
Biobío,8,Curanilahue,8205,4,2020-12-23
Biobío,8,Curanilahue,8205,1,2020-12-25
Biobío,8,Curanilahue,8205,2,2020-12-28
Biobío,8,Curanilahue,8205,1,2020-12-30
Biobío,8,Curanilahue,8205,1,2021-01-03
Biobío,8,Curanilahue,8205,2,2021-01-04
Biobío,8,Curanilahue,8205,2,2021-01-05
Biobío,8,Curanilahue,8205,5,2021-01-07
Biobío,8,Curanilahue,8205,1,2021-01-08
Biobío,8,Curanilahue,8205,4,2021-01-11
Biobío,8,Curanilahue,8205,1,2021-01-12
Biobío,8,Curanilahue,8205,1,2021-01-13
Biobío,8,Curanilahue,8205,2,2021-01-14
Biobío,8,Los Alamos,8206,1,2020-01-06
Biobío,8,Los Alamos,8206,1,2020-01-08
Biobío,8,Los Alamos,8206,1,2020-01-15
Biobío,8,Los Alamos,8206,1,2020-01-22
Biobío,8,Los Alamos,8206,3,2020-02-03
Biobío,8,Los Alamos,8206,1,2020-02-05
Biobío,8,Los Alamos,8206,1,2020-02-18
Biobío,8,Los Alamos,8206,1,2020-02-24
Biobío,8,Los Alamos,8206,1,2020-02-25
Biobío,8,Los Alamos,8206,2,2020-03-09
Biobío,8,Los Alamos,8206,1,2020-03-13
Biobío,8,Los Alamos,8206,1,2020-03-16
Biobío,8,Los Alamos,8206,1,2020-03-25
Biobío,8,Los Alamos,8206,1,2020-04-03
Biobío,8,Los Alamos,8206,1,2020-04-06
Biobío,8,Los Alamos,8206,2,2020-04-13
Biobío,8,Los Alamos,8206,1,2020-04-15
Biobío,8,Los Alamos,8206,2,2020-04-16
Biobío,8,Los Alamos,8206,2,2020-05-04
Biobío,8,Los Alamos,8206,1,2020-05-11
Biobío,8,Los Alamos,8206,1,2020-05-13
Biobío,8,Los Alamos,8206,1,2020-05-22
Biobío,8,Los Alamos,8206,1,2020-06-01
Biobío,8,Los Alamos,8206,2,2020-06-05
Biobío,8,Los Alamos,8206,1,2020-06-11
Biobío,8,Los Alamos,8206,2,2020-06-22
Biobío,8,Los Alamos,8206,1,2020-06-23
Biobío,8,Los Alamos,8206,1,2020-06-24
Biobío,8,Los Alamos,8206,1,2020-06-27
Biobío,8,Los Alamos,8206,1,2020-07-06
Biobío,8,Los Alamos,8206,3,2020-07-13
Biobío,8,Los Alamos,8206,1,2020-07-17
Biobío,8,Los Alamos,8206,1,2020-07-20
Biobío,8,Los Alamos,8206,1,2020-07-23
Biobío,8,Los Alamos,8206,1,2020-08-03
Biobío,8,Los Alamos,8206,1,2020-08-04
Biobío,8,Los Alamos,8206,1,2020-08-10
Biobío,8,Los Alamos,8206,1,2020-08-11
Biobío,8,Los Alamos,8206,1,2020-08-12
Biobío,8,Los Alamos,8206,2,2020-08-17
Biobío,8,Los Alamos,8206,1,2020-08-20
Biobío,8,Los Alamos,8206,1,2020-08-24
Biobío,8,Los Alamos,8206,2,2020-08-26
Biobío,8,Los Alamos,8206,1,2020-08-31
Biobío,8,Los Alamos,8206,1,2020-09-04
Biobío,8,Los Alamos,8206,2,2020-09-07
Biobío,8,Los Alamos,8206,1,2020-09-14
Biobío,8,Los Alamos,8206,2,2020-09-25
Biobío,8,Los Alamos,8206,1,2020-09-30
Biobío,8,Los Alamos,8206,1,2020-10-06
Biobío,8,Los Alamos,8206,1,2020-10-08
Biobío,8,Los Alamos,8206,2,2020-10-13
Biobío,8,Los Alamos,8206,1,2020-10-15
Biobío,8,Los Alamos,8206,2,2020-10-19
Biobío,8,Los Alamos,8206,1,2020-10-22
Biobío,8,Los Alamos,8206,1,2020-10-26
Biobío,8,Los Alamos,8206,1,2020-11-05
Biobío,8,Los Alamos,8206,1,2020-11-08
Biobío,8,Los Alamos,8206,1,2020-11-09
Biobío,8,Los Alamos,8206,1,2020-11-16
Biobío,8,Los Alamos,8206,1,2020-12-09
Biobío,8,Los Alamos,8206,1,2020-12-28
Biobío,8,Los Alamos,8206,1,2020-12-29
Biobío,8,Los Alamos,8206,1,2020-12-31
Biobío,8,Los Alamos,8206,1,2021-01-04
Biobío,8,Los Alamos,8206,1,2021-01-05
Biobío,8,Los Alamos,8206,1,2021-01-06
Biobío,8,Los Alamos,8206,1,2021-01-13
Biobío,8,Tirúa,8207,1,2020-01-24
Biobío,8,Tirúa,8207,1,2020-02-10
Biobío,8,Tirúa,8207,1,2020-02-11
Biobío,8,Tirúa,8207,1,2020-02-26
Biobío,8,Tirúa,8207,1,2020-03-05
Biobío,8,Tirúa,8207,1,2020-03-16
Biobío,8,Tirúa,8207,1,2020-04-20
Biobío,8,Tirúa,8207,1,2020-04-28
Biobío,8,Tirúa,8207,2,2020-05-03
Biobío,8,Tirúa,8207,1,2020-05-04
Biobío,8,Tirúa,8207,1,2020-05-14
Biobío,8,Tirúa,8207,1,2020-05-18
Biobío,8,Tirúa,8207,1,2020-05-19
Biobío,8,Tirúa,8207,1,2020-06-22
Biobío,8,Tirúa,8207,1,2020-06-28
Biobío,8,Tirúa,8207,1,2020-06-30
Biobío,8,Tirúa,8207,1,2020-07-07
Biobío,8,Tirúa,8207,1,2020-07-08
Biobío,8,Tirúa,8207,1,2020-07-10
Biobío,8,Tirúa,8207,1,2020-07-11
Biobío,8,Tirúa,8207,1,2020-07-14
Biobío,8,Tirúa,8207,1,2020-07-30
Biobío,8,Tirúa,8207,1,2020-07-31
Biobío,8,Tirúa,8207,1,2020-08-03
Biobío,8,Tirúa,8207,1,2020-08-05
Biobío,8,Tirúa,8207,1,2020-08-24
Biobío,8,Tirúa,8207,1,2020-08-26
Biobío,8,Tirúa,8207,1,2020-08-31
Biobío,8,Tirúa,8207,1,2020-09-07
Biobío,8,Tirúa,8207,1,2020-09-19
Biobío,8,Tirúa,8207,1,2020-09-22
Biobío,8,Tirúa,8207,1,2020-09-30
Biobío,8,Tirúa,8207,1,2020-10-09
Biobío,8,Tirúa,8207,1,2020-10-23
Biobío,8,Tirúa,8207,2,2020-11-02
Biobío,8,Tirúa,8207,1,2020-11-16
Biobío,8,Tirúa,8207,1,2020-12-04
Biobío,8,Tirúa,8207,1,2020-12-07
Biobío,8,Tirúa,8207,2,2020-12-28
Biobío,8,Tirúa,8207,1,2021-01-03
Biobío,8,Tirúa,8207,2,2021-01-11
Biobío,8,Los Angeles,8301,13,2020-01-02
Biobío,8,Los Angeles,8301,2,2020-01-03
Biobío,8,Los Angeles,8301,1,2020-01-05
Biobío,8,Los Angeles,8301,11,2020-01-06
Biobío,8,Los Angeles,8301,5,2020-01-07
Biobío,8,Los Angeles,8301,2,2020-01-08
Biobío,8,Los Angeles,8301,5,2020-01-09
Biobío,8,Los Angeles,8301,6,2020-01-10
Biobío,8,Los Angeles,8301,15,2020-01-13
Biobío,8,Los Angeles,8301,7,2020-01-14
Biobío,8,Los Angeles,8301,6,2020-01-15
Biobío,8,Los Angeles,8301,3,2020-01-16
Biobío,8,Los Angeles,8301,6,2020-01-17
Biobío,8,Los Angeles,8301,1,2020-01-19
Biobío,8,Los Angeles,8301,14,2020-01-20
Biobío,8,Los Angeles,8301,8,2020-01-21
Biobío,8,Los Angeles,8301,3,2020-01-22
Biobío,8,Los Angeles,8301,3,2020-01-24
Biobío,8,Los Angeles,8301,12,2020-01-27
Biobío,8,Los Angeles,8301,10,2020-01-28
Biobío,8,Los Angeles,8301,7,2020-01-29
Biobío,8,Los Angeles,8301,4,2020-01-30
Biobío,8,Los Angeles,8301,3,2020-01-31
Biobío,8,Los Angeles,8301,8,2020-02-03
Biobío,8,Los Angeles,8301,8,2020-02-04
Biobío,8,Los Angeles,8301,2,2020-02-05
Biobío,8,Los Angeles,8301,3,2020-02-06
Biobío,8,Los Angeles,8301,7,2020-02-07
Biobío,8,Los Angeles,8301,18,2020-02-10
Biobío,8,Los Angeles,8301,9,2020-02-11
Biobío,8,Los Angeles,8301,2,2020-02-12
Biobío,8,Los Angeles,8301,4,2020-02-13
Biobío,8,Los Angeles,8301,11,2020-02-17
Biobío,8,Los Angeles,8301,6,2020-02-18
Biobío,8,Los Angeles,8301,3,2020-02-19
Biobío,8,Los Angeles,8301,3,2020-02-20
Biobío,8,Los Angeles,8301,5,2020-02-21
Biobío,8,Los Angeles,8301,18,2020-02-24
Biobío,8,Los Angeles,8301,5,2020-02-25
Biobío,8,Los Angeles,8301,1,2020-02-26
Biobío,8,Los Angeles,8301,6,2020-02-27
Biobío,8,Los Angeles,8301,1,2020-02-28
Biobío,8,Los Angeles,8301,14,2020-03-02
Biobío,8,Los Angeles,8301,7,2020-03-03
Biobío,8,Los Angeles,8301,2,2020-03-04
Biobío,8,Los Angeles,8301,4,2020-03-05
Biobío,8,Los Angeles,8301,1,2020-03-06
Biobío,8,Los Angeles,8301,13,2020-03-09
Biobío,8,Los Angeles,8301,2,2020-03-10
Biobío,8,Los Angeles,8301,5,2020-03-11
Biobío,8,Los Angeles,8301,6,2020-03-12
Biobío,8,Los Angeles,8301,5,2020-03-13
Biobío,8,Los Angeles,8301,2,2020-03-15
Biobío,8,Los Angeles,8301,8,2020-03-16
Biobío,8,Los Angeles,8301,4,2020-03-17
Biobío,8,Los Angeles,8301,6,2020-03-18
Biobío,8,Los Angeles,8301,12,2020-03-19
Biobío,8,Los Angeles,8301,4,2020-03-20
Biobío,8,Los Angeles,8301,6,2020-03-23
Biobío,8,Los Angeles,8301,7,2020-03-24
Biobío,8,Los Angeles,8301,6,2020-03-25
Biobío,8,Los Angeles,8301,1,2020-03-26
Biobío,8,Los Angeles,8301,10,2020-03-27
Biobío,8,Los Angeles,8301,11,2020-03-30
Biobío,8,Los Angeles,8301,5,2020-03-31
Biobío,8,Los Angeles,8301,6,2020-04-01
Biobío,8,Los Angeles,8301,2,2020-04-02
Biobío,8,Los Angeles,8301,6,2020-04-03
Biobío,8,Los Angeles,8301,16,2020-04-06
Biobío,8,Los Angeles,8301,7,2020-04-07
Biobío,8,Los Angeles,8301,5,2020-04-08
Biobío,8,Los Angeles,8301,4,2020-04-09
Biobío,8,Los Angeles,8301,1,2020-04-10
Biobío,8,Los Angeles,8301,12,2020-04-13
Biobío,8,Los Angeles,8301,5,2020-04-14
Biobío,8,Los Angeles,8301,3,2020-04-15
Biobío,8,Los Angeles,8301,3,2020-04-16
Biobío,8,Los Angeles,8301,4,2020-04-17
Biobío,8,Los Angeles,8301,13,2020-04-20
Biobío,8,Los Angeles,8301,6,2020-04-21
Biobío,8,Los Angeles,8301,3,2020-04-22
Biobío,8,Los Angeles,8301,6,2020-04-23
Biobío,8,Los Angeles,8301,2,2020-04-24
Biobío,8,Los Angeles,8301,1,2020-04-26
Biobío,8,Los Angeles,8301,11,2020-04-27
Biobío,8,Los Angeles,8301,3,2020-04-28
Biobío,8,Los Angeles,8301,10,2020-04-29
Biobío,8,Los Angeles,8301,6,2020-04-30
Biobío,8,Los Angeles,8301,3,2020-05-02
Biobío,8,Los Angeles,8301,1,2020-05-03
Biobío,8,Los Angeles,8301,6,2020-05-04
Biobío,8,Los Angeles,8301,5,2020-05-05
Biobío,8,Los Angeles,8301,5,2020-05-06
Biobío,8,Los Angeles,8301,6,2020-05-07
Biobío,8,Los Angeles,8301,6,2020-05-08
Biobío,8,Los Angeles,8301,1,2020-05-09
Biobío,8,Los Angeles,8301,2,2020-05-10
Biobío,8,Los Angeles,8301,3,2020-05-11
Biobío,8,Los Angeles,8301,10,2020-05-12
Biobío,8,Los Angeles,8301,9,2020-05-13
Biobío,8,Los Angeles,8301,4,2020-05-14
Biobío,8,Los Angeles,8301,5,2020-05-15
Biobío,8,Los Angeles,8301,8,2020-05-18
Biobío,8,Los Angeles,8301,7,2020-05-19
Biobío,8,Los Angeles,8301,6,2020-05-20
Biobío,8,Los Angeles,8301,9,2020-05-22
Biobío,8,Los Angeles,8301,15,2020-05-25
Biobío,8,Los Angeles,8301,5,2020-05-26
Biobío,8,Los Angeles,8301,7,2020-05-27
Biobío,8,Los Angeles,8301,7,2020-05-28
Biobío,8,Los Angeles,8301,2,2020-05-29
Biobío,8,Los Angeles,8301,11,2020-06-01
Biobío,8,Los Angeles,8301,4,2020-06-02
Biobío,8,Los Angeles,8301,5,2020-06-03
Biobío,8,Los Angeles,8301,6,2020-06-04
Biobío,8,Los Angeles,8301,8,2020-06-05
Biobío,8,Los Angeles,8301,13,2020-06-08
Biobío,8,Los Angeles,8301,4,2020-06-09
Biobío,8,Los Angeles,8301,6,2020-06-10
Biobío,8,Los Angeles,8301,2,2020-06-11
Biobío,8,Los Angeles,8301,10,2020-06-12
Biobío,8,Los Angeles,8301,1,2020-06-14
Biobío,8,Los Angeles,8301,7,2020-06-15
Biobío,8,Los Angeles,8301,6,2020-06-17
Biobío,8,Los Angeles,8301,8,2020-06-18
Biobío,8,Los Angeles,8301,9,2020-06-19
Biobío,8,Los Angeles,8301,12,2020-06-22
Biobío,8,Los Angeles,8301,6,2020-06-23
Biobío,8,Los Angeles,8301,6,2020-06-24
Biobío,8,Los Angeles,8301,3,2020-06-25
Biobío,8,Los Angeles,8301,8,2020-06-26
Biobío,8,Los Angeles,8301,5,2020-06-27
Biobío,8,Los Angeles,8301,11,2020-06-30
Biobío,8,Los Angeles,8301,8,2020-07-01
Biobío,8,Los Angeles,8301,3,2020-07-02
Biobío,8,Los Angeles,8301,4,2020-07-03
Biobío,8,Los Angeles,8301,1,2020-07-04
Biobío,8,Los Angeles,8301,13,2020-07-06
Biobío,8,Los Angeles,8301,11,2020-07-07
Biobío,8,Los Angeles,8301,6,2020-07-08
Biobío,8,Los Angeles,8301,6,2020-07-09
Biobío,8,Los Angeles,8301,3,2020-07-10
Biobío,8,Los Angeles,8301,2,2020-07-11
Biobío,8,Los Angeles,8301,4,2020-07-12
Biobío,8,Los Angeles,8301,3,2020-07-13
Biobío,8,Los Angeles,8301,8,2020-07-14
Biobío,8,Los Angeles,8301,2,2020-07-15
Biobío,8,Los Angeles,8301,6,2020-07-16
Biobío,8,Los Angeles,8301,7,2020-07-17
Biobío,8,Los Angeles,8301,9,2020-07-18
Biobío,8,Los Angeles,8301,2,2020-07-19
Biobío,8,Los Angeles,8301,2,2020-07-20
Biobío,8,Los Angeles,8301,9,2020-07-21
Biobío,8,Los Angeles,8301,3,2020-07-22
Biobío,8,Los Angeles,8301,2,2020-07-23
Biobío,8,Los Angeles,8301,8,2020-07-24
Biobío,8,Los Angeles,8301,5,2020-07-25
Biobío,8,Los Angeles,8301,6,2020-07-26
Biobío,8,Los Angeles,8301,4,2020-07-27
Biobío,8,Los Angeles,8301,9,2020-07-28
Biobío,8,Los Angeles,8301,7,2020-07-29
Biobío,8,Los Angeles,8301,5,2020-07-30
Biobío,8,Los Angeles,8301,6,2020-07-31
Biobío,8,Los Angeles,8301,5,2020-08-01
Biobío,8,Los Angeles,8301,4,2020-08-02
Biobío,8,Los Angeles,8301,4,2020-08-03
Biobío,8,Los Angeles,8301,4,2020-08-04
Biobío,8,Los Angeles,8301,12,2020-08-05
Biobío,8,Los Angeles,8301,4,2020-08-06
Biobío,8,Los Angeles,8301,3,2020-08-07
Biobío,8,Los Angeles,8301,5,2020-08-08
Biobío,8,Los Angeles,8301,2,2020-08-09
Biobío,8,Los Angeles,8301,5,2020-08-10
Biobío,8,Los Angeles,8301,3,2020-08-11
Biobío,8,Los Angeles,8301,3,2020-08-12
Biobío,8,Los Angeles,8301,4,2020-08-13
Biobío,8,Los Angeles,8301,3,2020-08-14
Biobío,8,Los Angeles,8301,2,2020-08-15
Biobío,8,Los Angeles,8301,6,2020-08-16
Biobío,8,Los Angeles,8301,11,2020-08-17
Biobío,8,Los Angeles,8301,5,2020-08-18
Biobío,8,Los Angeles,8301,10,2020-08-19
Biobío,8,Los Angeles,8301,6,2020-08-20
Biobío,8,Los Angeles,8301,6,2020-08-21
Biobío,8,Los Angeles,8301,5,2020-08-22
Biobío,8,Los Angeles,8301,6,2020-08-23
Biobío,8,Los Angeles,8301,6,2020-08-24
Biobío,8,Los Angeles,8301,3,2020-08-25
Biobío,8,Los Angeles,8301,2,2020-08-26
Biobío,8,Los Angeles,8301,6,2020-08-27
Biobío,8,Los Angeles,8301,2,2020-08-28
Biobío,8,Los Angeles,8301,3,2020-08-29
Biobío,8,Los Angeles,8301,5,2020-08-30
Biobío,8,Los Angeles,8301,4,2020-08-31
Biobío,8,Los Angeles,8301,3,2020-09-01
Biobío,8,Los Angeles,8301,4,2020-09-02
Biobío,8,Los Angeles,8301,6,2020-09-03
Biobío,8,Los Angeles,8301,5,2020-09-04
Biobío,8,Los Angeles,8301,3,2020-09-05
Biobío,8,Los Angeles,8301,10,2020-09-07
Biobío,8,Los Angeles,8301,2,2020-09-08
Biobío,8,Los Angeles,8301,5,2020-09-09
Biobío,8,Los Angeles,8301,7,2020-09-10
Biobío,8,Los Angeles,8301,5,2020-09-11
Biobío,8,Los Angeles,8301,4,2020-09-12
Biobío,8,Los Angeles,8301,10,2020-09-14
Biobío,8,Los Angeles,8301,5,2020-09-15
Biobío,8,Los Angeles,8301,3,2020-09-16
Biobío,8,Los Angeles,8301,6,2020-09-17
Biobío,8,Los Angeles,8301,3,2020-09-19
Biobío,8,Los Angeles,8301,9,2020-09-21
Biobío,8,Los Angeles,8301,9,2020-09-22
Biobío,8,Los Angeles,8301,3,2020-09-23
Biobío,8,Los Angeles,8301,8,2020-09-24
Biobío,8,Los Angeles,8301,4,2020-09-25
Biobío,8,Los Angeles,8301,1,2020-09-27
Biobío,8,Los Angeles,8301,14,2020-09-28
Biobío,8,Los Angeles,8301,2,2020-09-29
Biobío,8,Los Angeles,8301,3,2020-09-30
Biobío,8,Los Angeles,8301,5,2020-10-01
Biobío,8,Los Angeles,8301,2,2020-10-02
Biobío,8,Los Angeles,8301,5,2020-10-03
Biobío,8,Los Angeles,8301,6,2020-10-05
Biobío,8,Los Angeles,8301,6,2020-10-06
Biobío,8,Los Angeles,8301,5,2020-10-07
Biobío,8,Los Angeles,8301,3,2020-10-08
Biobío,8,Los Angeles,8301,6,2020-10-09
Biobío,8,Los Angeles,8301,4,2020-10-10
Biobío,8,Los Angeles,8301,10,2020-10-13
Biobío,8,Los Angeles,8301,4,2020-10-14
Biobío,8,Los Angeles,8301,5,2020-10-15
Biobío,8,Los Angeles,8301,3,2020-10-16
Biobío,8,Los Angeles,8301,2,2020-10-17
Biobío,8,Los Angeles,8301,1,2020-10-18
Biobío,8,Los Angeles,8301,9,2020-10-19
Biobío,8,Los Angeles,8301,5,2020-10-20
Biobío,8,Los Angeles,8301,3,2020-10-21
Biobío,8,Los Angeles,8301,7,2020-10-22
Biobío,8,Los Angeles,8301,2,2020-10-23
Biobío,8,Los Angeles,8301,7,2020-10-24
Biobío,8,Los Angeles,8301,1,2020-10-25
Biobío,8,Los Angeles,8301,5,2020-10-26
Biobío,8,Los Angeles,8301,7,2020-10-27
Biobío,8,Los Angeles,8301,7,2020-10-28
Biobío,8,Los Angeles,8301,4,2020-10-29
Biobío,8,Los Angeles,8301,8,2020-10-30
Biobío,8,Los Angeles,8301,11,2020-11-02
Biobío,8,Los Angeles,8301,5,2020-11-03
Biobío,8,Los Angeles,8301,6,2020-11-04
Biobío,8,Los Angeles,8301,7,2020-11-05
Biobío,8,Los Angeles,8301,5,2020-11-06
Biobío,8,Los Angeles,8301,1,2020-11-07
Biobío,8,Los Angeles,8301,8,2020-11-09
Biobío,8,Los Angeles,8301,5,2020-11-10
Biobío,8,Los Angeles,8301,2,2020-11-11
Biobío,8,Los Angeles,8301,3,2020-11-12
Biobío,8,Los Angeles,8301,7,2020-11-13
Biobío,8,Los Angeles,8301,12,2020-11-16
Biobío,8,Los Angeles,8301,3,2020-11-17
Biobío,8,Los Angeles,8301,7,2020-11-18
Biobío,8,Los Angeles,8301,2,2020-11-19
Biobío,8,Los Angeles,8301,2,2020-11-20
Biobío,8,Los Angeles,8301,3,2020-11-21
Biobío,8,Los Angeles,8301,15,2020-11-23
Biobío,8,Los Angeles,8301,4,2020-11-24
Biobío,8,Los Angeles,8301,3,2020-11-25
Biobío,8,Los Angeles,8301,4,2020-11-26
Biobío,8,Los Angeles,8301,13,2020-11-27
Biobío,8,Los Angeles,8301,3,2020-11-30
Biobío,8,Los Angeles,8301,3,2020-12-01
Biobío,8,Los Angeles,8301,7,2020-12-02
Biobío,8,Los Angeles,8301,4,2020-12-03
Biobío,8,Los Angeles,8301,4,2020-12-04
Biobío,8,Los Angeles,8301,2,2020-12-06
Biobío,8,Los Angeles,8301,13,2020-12-07
Biobío,8,Los Angeles,8301,7,2020-12-09
Biobío,8,Los Angeles,8301,6,2020-12-10
Biobío,8,Los Angeles,8301,4,2020-12-11
Biobío,8,Los Angeles,8301,9,2020-12-14
Biobío,8,Los Angeles,8301,5,2020-12-15
Biobío,8,Los Angeles,8301,6,2020-12-16
Biobío,8,Los Angeles,8301,4,2020-12-17
Biobío,8,Los Angeles,8301,12,2020-12-18
Biobío,8,Los Angeles,8301,1,2020-12-19
Biobío,8,Los Angeles,8301,1,2020-12-20
Biobío,8,Los Angeles,8301,9,2020-12-21
Biobío,8,Los Angeles,8301,5,2020-12-22
Biobío,8,Los Angeles,8301,7,2020-12-23
Biobío,8,Los Angeles,8301,11,2020-12-24
Biobío,8,Los Angeles,8301,2,2020-12-25
Biobío,8,Los Angeles,8301,3,2020-12-26
Biobío,8,Los Angeles,8301,23,2020-12-28
Biobío,8,Los Angeles,8301,5,2020-12-29
Biobío,8,Los Angeles,8301,5,2020-12-30
Biobío,8,Los Angeles,8301,4,2020-12-31
Biobío,8,Los Angeles,8301,1,2021-01-01
Biobío,8,Los Angeles,8301,1,2021-01-02
Biobío,8,Los Angeles,8301,22,2021-01-04
Biobío,8,Los Angeles,8301,9,2021-01-05
Biobío,8,Los Angeles,8301,7,2021-01-06
Biobío,8,Los Angeles,8301,4,2021-01-07
Biobío,8,Los Angeles,8301,12,2021-01-08
Biobío,8,Los Angeles,8301,1,2021-01-09
Biobío,8,Los Angeles,8301,7,2021-01-11
Biobío,8,Los Angeles,8301,5,2021-01-12
Biobío,8,Los Angeles,8301,2,2021-01-13
Biobío,8,Los Angeles,8301,3,2021-01-14
Biobío,8,Antuco,8302,1,2020-01-25
Biobío,8,Antuco,8302,1,2020-01-27
Biobío,8,Antuco,8302,1,2020-01-29
Biobío,8,Antuco,8302,1,2020-01-31
Biobío,8,Antuco,8302,1,2020-02-13
Biobío,8,Antuco,8302,1,2020-02-25
Biobío,8,Antuco,8302,1,2020-03-17
Biobío,8,Antuco,8302,1,2020-04-14
Biobío,8,Antuco,8302,1,2020-05-28
Biobío,8,Antuco,8302,1,2020-06-09
Biobío,8,Antuco,8302,1,2020-06-22
Biobío,8,Antuco,8302,1,2020-07-01
Biobío,8,Antuco,8302,1,2020-07-02
Biobío,8,Antuco,8302,1,2020-07-10
Biobío,8,Antuco,8302,1,2020-07-20
Biobío,8,Antuco,8302,2,2020-07-27
Biobío,8,Antuco,8302,1,2020-08-03
Biobío,8,Antuco,8302,1,2020-08-25
Biobío,8,Antuco,8302,1,2020-09-08
Biobío,8,Antuco,8302,1,2020-11-04
Biobío,8,Antuco,8302,1,2021-01-08
Biobío,8,Cabrero,8303,1,2020-01-03
Biobío,8,Cabrero,8303,1,2020-01-10
Biobío,8,Cabrero,8303,1,2020-01-15
Biobío,8,Cabrero,8303,1,2020-01-27
Biobío,8,Cabrero,8303,1,2020-01-31
Biobío,8,Cabrero,8303,2,2020-02-03
Biobío,8,Cabrero,8303,1,2020-02-05
Biobío,8,Cabrero,8303,1,2020-02-06
Biobío,8,Cabrero,8303,1,2020-02-07
Biobío,8,Cabrero,8303,2,2020-02-10
Biobío,8,Cabrero,8303,1,2020-02-18
Biobío,8,Cabrero,8303,3,2020-03-16
Biobío,8,Cabrero,8303,1,2020-03-17
Biobío,8,Cabrero,8303,1,2020-03-22
Biobío,8,Cabrero,8303,1,2020-03-23
Biobío,8,Cabrero,8303,1,2020-03-27
Biobío,8,Cabrero,8303,1,2020-03-30
Biobío,8,Cabrero,8303,1,2020-03-31
Biobío,8,Cabrero,8303,2,2020-04-06
Biobío,8,Cabrero,8303,1,2020-04-13
Biobío,8,Cabrero,8303,1,2020-04-15
Biobío,8,Cabrero,8303,1,2020-04-16
Biobío,8,Cabrero,8303,1,2020-04-21
Biobío,8,Cabrero,8303,2,2020-04-27
Biobío,8,Cabrero,8303,1,2020-04-28
Biobío,8,Cabrero,8303,1,2020-05-03
Biobío,8,Cabrero,8303,2,2020-05-04
Biobío,8,Cabrero,8303,1,2020-05-05
Biobío,8,Cabrero,8303,3,2020-05-11
Biobío,8,Cabrero,8303,1,2020-05-12
Biobío,8,Cabrero,8303,1,2020-05-14
Biobío,8,Cabrero,8303,1,2020-05-15
Biobío,8,Cabrero,8303,1,2020-05-19
Biobío,8,Cabrero,8303,1,2020-05-28
Biobío,8,Cabrero,8303,2,2020-06-08
Biobío,8,Cabrero,8303,1,2020-06-10
Biobío,8,Cabrero,8303,1,2020-06-12
Biobío,8,Cabrero,8303,1,2020-06-15
Biobío,8,Cabrero,8303,3,2020-06-16
Biobío,8,Cabrero,8303,3,2020-06-22
Biobío,8,Cabrero,8303,2,2020-06-24
Biobío,8,Cabrero,8303,1,2020-07-02
Biobío,8,Cabrero,8303,2,2020-07-06
Biobío,8,Cabrero,8303,1,2020-07-10
Biobío,8,Cabrero,8303,1,2020-07-20
Biobío,8,Cabrero,8303,1,2020-07-28
Biobío,8,Cabrero,8303,1,2020-07-30
Biobío,8,Cabrero,8303,1,2020-07-31
Biobío,8,Cabrero,8303,2,2020-08-03
Biobío,8,Cabrero,8303,1,2020-08-05
Biobío,8,Cabrero,8303,1,2020-08-10
Biobío,8,Cabrero,8303,1,2020-08-11
Biobío,8,Cabrero,8303,1,2020-08-24
Biobío,8,Cabrero,8303,2,2020-08-31
Biobío,8,Cabrero,8303,2,2020-09-03
Biobío,8,Cabrero,8303,1,2020-09-14
Biobío,8,Cabrero,8303,1,2020-09-23
Biobío,8,Cabrero,8303,1,2020-09-24
Biobío,8,Cabrero,8303,1,2020-09-28
Biobío,8,Cabrero,8303,1,2020-10-01
Biobío,8,Cabrero,8303,1,2020-10-08
Biobío,8,Cabrero,8303,1,2020-10-13
Biobío,8,Cabrero,8303,1,2020-10-14
Biobío,8,Cabrero,8303,1,2020-10-16
Biobío,8,Cabrero,8303,1,2020-10-19
Biobío,8,Cabrero,8303,1,2020-10-20
Biobío,8,Cabrero,8303,1,2020-10-21
Biobío,8,Cabrero,8303,1,2020-10-23
Biobío,8,Cabrero,8303,3,2020-10-26
Biobío,8,Cabrero,8303,1,2020-10-27
Biobío,8,Cabrero,8303,1,2020-11-02
Biobío,8,Cabrero,8303,2,2020-11-06
Biobío,8,Cabrero,8303,1,2020-11-09
Biobío,8,Cabrero,8303,2,2020-11-13
Biobío,8,Cabrero,8303,1,2020-11-16
Biobío,8,Cabrero,8303,1,2020-11-17
Biobío,8,Cabrero,8303,1,2020-11-20
Biobío,8,Cabrero,8303,3,2020-11-23
Biobío,8,Cabrero,8303,3,2020-12-07
Biobío,8,Cabrero,8303,1,2020-12-09
Biobío,8,Cabrero,8303,1,2020-12-14
Biobío,8,Cabrero,8303,1,2020-12-21
Biobío,8,Cabrero,8303,1,2020-12-23
Biobío,8,Cabrero,8303,1,2020-12-28
Biobío,8,Cabrero,8303,1,2020-12-29
Biobío,8,Cabrero,8303,1,2021-01-04
Biobío,8,Cabrero,8303,1,2021-01-05
Biobío,8,Cabrero,8303,1,2021-01-07
Biobío,8,Cabrero,8303,1,2021-01-08
Biobío,8,Cabrero,8303,1,2021-01-11
Biobío,8,Laja,8304,1,2020-01-13
Biobío,8,Laja,8304,1,2020-01-15
Biobío,8,Laja,8304,1,2020-01-20
Biobío,8,Laja,8304,1,2020-01-22
Biobío,8,Laja,8304,2,2020-01-27
Biobío,8,Laja,8304,1,2020-01-29
Biobío,8,Laja,8304,1,2020-02-03
Biobío,8,Laja,8304,1,2020-02-06
Biobío,8,Laja,8304,1,2020-02-10
Biobío,8,Laja,8304,1,2020-02-14
Biobío,8,Laja,8304,1,2020-02-17
Biobío,8,Laja,8304,1,2020-02-26
Biobío,8,Laja,8304,2,2020-03-02
Biobío,8,Laja,8304,1,2020-03-04
Biobío,8,Laja,8304,1,2020-03-11
Biobío,8,Laja,8304,1,2020-03-16
Biobío,8,Laja,8304,1,2020-03-19
Biobío,8,Laja,8304,1,2020-03-23
Biobío,8,Laja,8304,2,2020-03-25
Biobío,8,Laja,8304,2,2020-03-26
Biobío,8,Laja,8304,1,2020-03-27
Biobío,8,Laja,8304,1,2020-03-29
Biobío,8,Laja,8304,1,2020-03-30
Biobío,8,Laja,8304,1,2020-04-04
Biobío,8,Laja,8304,1,2020-04-06
Biobío,8,Laja,8304,1,2020-04-11
Biobío,8,Laja,8304,1,2020-04-13
Biobío,8,Laja,8304,1,2020-04-15
Biobío,8,Laja,8304,1,2020-04-22
Biobío,8,Laja,8304,2,2020-04-24
Biobío,8,Laja,8304,1,2020-04-30
Biobío,8,Laja,8304,1,2020-05-02
Biobío,8,Laja,8304,1,2020-05-06
Biobío,8,Laja,8304,1,2020-05-12
Biobío,8,Laja,8304,5,2020-05-13
Biobío,8,Laja,8304,1,2020-05-20
Biobío,8,Laja,8304,2,2020-05-27
Biobío,8,Laja,8304,1,2020-05-30
Biobío,8,Laja,8304,1,2020-06-03
Biobío,8,Laja,8304,2,2020-06-08
Biobío,8,Laja,8304,1,2020-06-11
Biobío,8,Laja,8304,3,2020-06-15
Biobío,8,Laja,8304,2,2020-06-22
Biobío,8,Laja,8304,1,2020-06-23
Biobío,8,Laja,8304,2,2020-06-25
Biobío,8,Laja,8304,3,2020-06-30
Biobío,8,Laja,8304,1,2020-07-02
Biobío,8,Laja,8304,1,2020-07-03
Biobío,8,Laja,8304,2,2020-07-07
Biobío,8,Laja,8304,1,2020-07-10
Biobío,8,Laja,8304,1,2020-07-13
Biobío,8,Laja,8304,1,2020-07-17
Biobío,8,Laja,8304,1,2020-07-20
Biobío,8,Laja,8304,2,2020-07-30
Biobío,8,Laja,8304,2,2020-08-04
Biobío,8,Laja,8304,1,2020-08-10
Biobío,8,Laja,8304,1,2020-08-12
Biobío,8,Laja,8304,3,2020-08-13
Biobío,8,Laja,8304,1,2020-08-17
Biobío,8,Laja,8304,1,2020-08-31
Biobío,8,Laja,8304,1,2020-09-01
Biobío,8,Laja,8304,1,2020-09-02
Biobío,8,Laja,8304,1,2020-09-03
Biobío,8,Laja,8304,1,2020-09-04
Biobío,8,Laja,8304,4,2020-09-07
Biobío,8,Laja,8304,1,2020-09-11
Biobío,8,Laja,8304,3,2020-09-14
Biobío,8,Laja,8304,1,2020-09-15
Biobío,8,Laja,8304,1,2020-09-17
Biobío,8,Laja,8304,1,2020-09-19
Biobío,8,Laja,8304,1,2020-09-21
Biobío,8,Laja,8304,1,2020-09-22
Biobío,8,Laja,8304,4,2020-09-28
Biobío,8,Laja,8304,1,2020-10-02
Biobío,8,Laja,8304,2,2020-10-05
Biobío,8,Laja,8304,1,2020-10-10
Biobío,8,Laja,8304,2,2020-10-13
Biobío,8,Laja,8304,1,2020-10-15
Biobío,8,Laja,8304,1,2020-10-19
Biobío,8,Laja,8304,1,2020-10-26
Biobío,8,Laja,8304,3,2020-10-27
Biobío,8,Laja,8304,1,2020-10-29
Biobío,8,Laja,8304,2,2020-11-02
Biobío,8,Laja,8304,2,2020-11-03
Biobío,8,Laja,8304,1,2020-11-05
Biobío,8,Laja,8304,1,2020-11-11
Biobío,8,Laja,8304,1,2020-11-13
Biobío,8,Laja,8304,1,2020-11-17
Biobío,8,Laja,8304,2,2020-11-30
Biobío,8,Laja,8304,1,2020-12-01
Biobío,8,Laja,8304,1,2020-12-02
Biobío,8,Laja,8304,2,2020-12-14
Biobío,8,Laja,8304,2,2020-12-21
Biobío,8,Laja,8304,1,2020-12-23
Biobío,8,Laja,8304,1,2020-12-25
Biobío,8,Laja,8304,3,2020-12-28
Biobío,8,Laja,8304,1,2020-12-30
Biobío,8,Laja,8304,2,2021-01-04
Biobío,8,Laja,8304,1,2021-01-08
Biobío,8,Laja,8304,2,2021-01-11
Biobío,8,Laja,8304,1,2021-01-12
Biobío,8,Laja,8304,2,2021-01-13
Biobío,8,Mulchén,8305,2,2020-01-06
Biobío,8,Mulchén,8305,1,2020-01-07
Biobío,8,Mulchén,8305,1,2020-01-08
Biobío,8,Mulchén,8305,1,2020-01-10
Biobío,8,Mulchén,8305,1,2020-01-13
Biobío,8,Mulchén,8305,1,2020-01-14
Biobío,8,Mulchén,8305,1,2020-01-17
Biobío,8,Mulchén,8305,1,2020-01-20
Biobío,8,Mulchén,8305,1,2020-01-24
Biobío,8,Mulchén,8305,1,2020-01-27
Biobío,8,Mulchén,8305,1,2020-01-30
Biobío,8,Mulchén,8305,1,2020-02-03
Biobío,8,Mulchén,8305,1,2020-02-04
Biobío,8,Mulchén,8305,1,2020-02-05
Biobío,8,Mulchén,8305,1,2020-02-10
Biobío,8,Mulchén,8305,1,2020-02-12
Biobío,8,Mulchén,8305,1,2020-02-13
Biobío,8,Mulchén,8305,2,2020-02-17
Biobío,8,Mulchén,8305,1,2020-02-24
Biobío,8,Mulchén,8305,2,2020-03-02
Biobío,8,Mulchén,8305,1,2020-03-11
Biobío,8,Mulchén,8305,1,2020-03-13
Biobío,8,Mulchén,8305,2,2020-03-16
Biobío,8,Mulchén,8305,1,2020-03-17
Biobío,8,Mulchén,8305,1,2020-03-19
Biobío,8,Mulchén,8305,4,2020-03-23
Biobío,8,Mulchén,8305,2,2020-03-26
Biobío,8,Mulchén,8305,1,2020-03-30
Biobío,8,Mulchén,8305,1,2020-04-06
Biobío,8,Mulchén,8305,2,2020-04-07
Biobío,8,Mulchén,8305,2,2020-04-17
Biobío,8,Mulchén,8305,1,2020-04-21
Biobío,8,Mulchén,8305,1,2020-04-27
Biobío,8,Mulchén,8305,1,2020-05-04
Biobío,8,Mulchén,8305,1,2020-05-08
Biobío,8,Mulchén,8305,1,2020-05-15
Biobío,8,Mulchén,8305,1,2020-05-18
Biobío,8,Mulchén,8305,1,2020-05-27
Biobío,8,Mulchén,8305,1,2020-05-29
Biobío,8,Mulchén,8305,1,2020-06-01
Biobío,8,Mulchén,8305,2,2020-06-03
Biobío,8,Mulchén,8305,2,2020-06-08
Biobío,8,Mulchén,8305,1,2020-06-12
Biobío,8,Mulchén,8305,1,2020-06-15
Biobío,8,Mulchén,8305,2,2020-06-24
Biobío,8,Mulchén,8305,2,2020-06-26
Biobío,8,Mulchén,8305,2,2020-06-27
Biobío,8,Mulchén,8305,1,2020-06-28
Biobío,8,Mulchén,8305,2,2020-07-01
Biobío,8,Mulchén,8305,2,2020-07-03
Biobío,8,Mulchén,8305,1,2020-07-08
Biobío,8,Mulchén,8305,3,2020-07-10
Biobío,8,Mulchén,8305,1,2020-07-17
Biobío,8,Mulchén,8305,2,2020-07-20
Biobío,8,Mulchén,8305,1,2020-07-22
Biobío,8,Mulchén,8305,2,2020-07-27
Biobío,8,Mulchén,8305,1,2020-07-29
Biobío,8,Mulchén,8305,1,2020-07-31
Biobío,8,Mulchén,8305,1,2020-08-10
Biobío,8,Mulchén,8305,1,2020-08-14
Biobío,8,Mulchén,8305,2,2020-08-17
Biobío,8,Mulchén,8305,1,2020-08-19
Biobío,8,Mulchén,8305,3,2020-08-21
Biobío,8,Mulchén,8305,3,2020-08-24
Biobío,8,Mulchén,8305,1,2020-08-26
Biobío,8,Mulchén,8305,1,2020-08-29
Biobío,8,Mulchén,8305,1,2020-09-02
Biobío,8,Mulchén,8305,4,2020-09-07
Biobío,8,Mulchén,8305,1,2020-09-10
Biobío,8,Mulchén,8305,1,2020-09-15
Biobío,8,Mulchén,8305,1,2020-09-21
Biobío,8,Mulchén,8305,1,2020-09-24
Biobío,8,Mulchén,8305,1,2020-09-25
Biobío,8,Mulchén,8305,3,2020-09-28
Biobío,8,Mulchén,8305,1,2020-09-29
Biobío,8,Mulchén,8305,1,2020-09-30
Biobío,8,Mulchén,8305,1,2020-10-02
Biobío,8,Mulchén,8305,7,2020-10-05
Biobío,8,Mulchén,8305,3,2020-10-07
Biobío,8,Mulchén,8305,5,2020-10-13
Biobío,8,Mulchén,8305,1,2020-10-19
Biobío,8,Mulchén,8305,1,2020-10-20
Biobío,8,Mulchén,8305,2,2020-10-26
Biobío,8,Mulchén,8305,3,2020-11-02
Biobío,8,Mulchén,8305,2,2020-11-09
Biobío,8,Mulchén,8305,2,2020-11-10
Biobío,8,Mulchén,8305,1,2020-11-11
Biobío,8,Mulchén,8305,1,2020-11-17
Biobío,8,Mulchén,8305,1,2020-11-18
Biobío,8,Mulchén,8305,1,2020-11-23
Biobío,8,Mulchén,8305,1,2020-11-26
Biobío,8,Mulchén,8305,1,2020-11-30
Biobío,8,Mulchén,8305,1,2020-12-02
Biobío,8,Mulchén,8305,2,2020-12-09
Biobío,8,Mulchén,8305,1,2020-12-10
Biobío,8,Mulchén,8305,2,2020-12-11
Biobío,8,Mulchén,8305,3,2020-12-14
Biobío,8,Mulchén,8305,1,2020-12-15
Biobío,8,Mulchén,8305,1,2020-12-16
Biobío,8,Mulchén,8305,1,2020-12-19
Biobío,8,Mulchén,8305,2,2020-12-23
Biobío,8,Mulchén,8305,1,2020-12-24
Biobío,8,Mulchén,8305,1,2020-12-25
Biobío,8,Mulchén,8305,2,2020-12-29
Biobío,8,Mulchén,8305,1,2021-01-06
Biobío,8,Mulchén,8305,1,2021-01-07
Biobío,8,Mulchén,8305,2,2021-01-08
Biobío,8,Mulchén,8305,4,2021-01-11
Biobío,8,Mulchén,8305,1,2021-01-13
Biobío,8,Nacimiento,8306,1,2020-01-06
Biobío,8,Nacimiento,8306,1,2020-01-08
Biobío,8,Nacimiento,8306,1,2020-01-10
Biobío,8,Nacimiento,8306,2,2020-01-13
Biobío,8,Nacimiento,8306,1,2020-01-20
Biobío,8,Nacimiento,8306,1,2020-01-24
Biobío,8,Nacimiento,8306,1,2020-01-29
Biobío,8,Nacimiento,8306,1,2020-01-30
Biobío,8,Nacimiento,8306,2,2020-02-03
Biobío,8,Nacimiento,8306,1,2020-02-05
Biobío,8,Nacimiento,8306,1,2020-02-06
Biobío,8,Nacimiento,8306,1,2020-02-10
Biobío,8,Nacimiento,8306,1,2020-02-24
Biobío,8,Nacimiento,8306,1,2020-02-25
Biobío,8,Nacimiento,8306,1,2020-03-02
Biobío,8,Nacimiento,8306,1,2020-03-05
Biobío,8,Nacimiento,8306,2,2020-03-09
Biobío,8,Nacimiento,8306,1,2020-03-16
Biobío,8,Nacimiento,8306,1,2020-03-18
Biobío,8,Nacimiento,8306,1,2020-03-19
Biobío,8,Nacimiento,8306,1,2020-03-23
Biobío,8,Nacimiento,8306,1,2020-03-26
Biobío,8,Nacimiento,8306,1,2020-04-02
Biobío,8,Nacimiento,8306,1,2020-04-03
Biobío,8,Nacimiento,8306,3,2020-04-06
Biobío,8,Nacimiento,8306,1,2020-04-07
Biobío,8,Nacimiento,8306,1,2020-04-08
Biobío,8,Nacimiento,8306,2,2020-04-15
Biobío,8,Nacimiento,8306,1,2020-04-27
Biobío,8,Nacimiento,8306,3,2020-04-28
Biobío,8,Nacimiento,8306,1,2020-05-04
Biobío,8,Nacimiento,8306,1,2020-05-05
Biobío,8,Nacimiento,8306,2,2020-05-11
Biobío,8,Nacimiento,8306,1,2020-05-12
Biobío,8,Nacimiento,8306,1,2020-05-18
Biobío,8,Nacimiento,8306,1,2020-05-19
Biobío,8,Nacimiento,8306,1,2020-05-22
Biobío,8,Nacimiento,8306,1,2020-05-29
Biobío,8,Nacimiento,8306,2,2020-06-01
Biobío,8,Nacimiento,8306,2,2020-06-02
Biobío,8,Nacimiento,8306,1,2020-06-03
Biobío,8,Nacimiento,8306,3,2020-06-08
Biobío,8,Nacimiento,8306,1,2020-06-09
Biobío,8,Nacimiento,8306,1,2020-06-10
Biobío,8,Nacimiento,8306,1,2020-06-17
Biobío,8,Nacimiento,8306,1,2020-06-18
Biobío,8,Nacimiento,8306,2,2020-06-22
Biobío,8,Nacimiento,8306,1,2020-06-23
Biobío,8,Nacimiento,8306,2,2020-06-30
Biobío,8,Nacimiento,8306,1,2020-07-01
Biobío,8,Nacimiento,8306,1,2020-07-02
Biobío,8,Nacimiento,8306,1,2020-07-06
Biobío,8,Nacimiento,8306,1,2020-07-09
Biobío,8,Nacimiento,8306,1,2020-07-13
Biobío,8,Nacimiento,8306,1,2020-07-14
Biobío,8,Nacimiento,8306,2,2020-07-20
Biobío,8,Nacimiento,8306,2,2020-08-03
Biobío,8,Nacimiento,8306,2,2020-08-04
Biobío,8,Nacimiento,8306,1,2020-08-05
Biobío,8,Nacimiento,8306,1,2020-08-06
Biobío,8,Nacimiento,8306,1,2020-08-07
Biobío,8,Nacimiento,8306,1,2020-08-13
Biobío,8,Nacimiento,8306,1,2020-08-17
Biobío,8,Nacimiento,8306,1,2020-08-18
Biobío,8,Nacimiento,8306,1,2020-08-20
Biobío,8,Nacimiento,8306,2,2020-08-24
Biobío,8,Nacimiento,8306,1,2020-08-28
Biobío,8,Nacimiento,8306,3,2020-08-31
Biobío,8,Nacimiento,8306,1,2020-09-04
Biobío,8,Nacimiento,8306,2,2020-09-07
Biobío,8,Nacimiento,8306,1,2020-09-08
Biobío,8,Nacimiento,8306,1,2020-09-11
Biobío,8,Nacimiento,8306,2,2020-09-14
Biobío,8,Nacimiento,8306,1,2020-09-16
Biobío,8,Nacimiento,8306,1,2020-09-28
Biobío,8,Nacimiento,8306,1,2020-09-29
Biobío,8,Nacimiento,8306,1,2020-10-16
Biobío,8,Nacimiento,8306,1,2020-10-19
Biobío,8,Nacimiento,8306,1,2020-10-26
Biobío,8,Nacimiento,8306,1,2020-10-28
Biobío,8,Nacimiento,8306,1,2020-10-30
Biobío,8,Nacimiento,8306,1,2020-11-04
Biobío,8,Nacimiento,8306,1,2020-11-05
Biobío,8,Nacimiento,8306,3,2020-11-09
Biobío,8,Nacimiento,8306,2,2020-11-11
Biobío,8,Nacimiento,8306,3,2020-11-16
Biobío,8,Nacimiento,8306,1,2020-11-23
Biobío,8,Nacimiento,8306,1,2020-11-25
Biobío,8,Nacimiento,8306,1,2020-11-27
Biobío,8,Nacimiento,8306,2,2020-11-30
Biobío,8,Nacimiento,8306,3,2020-12-07
Biobío,8,Nacimiento,8306,1,2020-12-10
Biobío,8,Nacimiento,8306,1,2020-12-11
Biobío,8,Nacimiento,8306,2,2020-12-14
Biobío,8,Nacimiento,8306,1,2020-12-15
Biobío,8,Nacimiento,8306,1,2020-12-16
Biobío,8,Nacimiento,8306,2,2020-12-17
Biobío,8,Nacimiento,8306,2,2020-12-21
Biobío,8,Nacimiento,8306,1,2020-12-23
Biobío,8,Nacimiento,8306,1,2020-12-24
Biobío,8,Nacimiento,8306,2,2020-12-25
Biobío,8,Nacimiento,8306,2,2020-12-28
Biobío,8,Nacimiento,8306,2,2020-12-29
Biobío,8,Nacimiento,8306,1,2021-01-01
Biobío,8,Nacimiento,8306,2,2021-01-04
Biobío,8,Nacimiento,8306,1,2021-01-05
Biobío,8,Nacimiento,8306,2,2021-01-08
Biobío,8,Nacimiento,8306,1,2021-01-11
Biobío,8,Nacimiento,8306,1,2021-01-12
Biobío,8,Nacimiento,8306,2,2021-01-13
Biobío,8,Nacimiento,8306,1,2021-01-14
Biobío,8,Negrete,8307,1,2020-01-07
Biobío,8,Negrete,8307,2,2020-01-20
Biobío,8,Negrete,8307,1,2020-01-21
Biobío,8,Negrete,8307,1,2020-01-22
Biobío,8,Negrete,8307,2,2020-02-13
Biobío,8,Negrete,8307,1,2020-02-17
Biobío,8,Negrete,8307,1,2020-02-25
Biobío,8,Negrete,8307,1,2020-03-04
Biobío,8,Negrete,8307,2,2020-04-07
Biobío,8,Negrete,8307,1,2020-04-11
Biobío,8,Negrete,8307,1,2020-04-17
Biobío,8,Negrete,8307,1,2020-05-04
Biobío,8,Negrete,8307,1,2020-05-18
Biobío,8,Negrete,8307,2,2020-06-08
Biobío,8,Negrete,8307,1,2020-06-23
Biobío,8,Negrete,8307,1,2020-07-13
Biobío,8,Negrete,8307,2,2020-07-18
Biobío,8,Negrete,8307,1,2020-07-30
Biobío,8,Negrete,8307,1,2020-08-04
Biobío,8,Negrete,8307,1,2020-08-06
Biobío,8,Negrete,8307,1,2020-08-12
Biobío,8,Negrete,8307,1,2020-08-13
Biobío,8,Negrete,8307,1,2020-08-17
Biobío,8,Negrete,8307,1,2020-08-25
Biobío,8,Negrete,8307,1,2020-08-26
Biobío,8,Negrete,8307,1,2020-08-27
Biobío,8,Negrete,8307,1,2020-09-03
Biobío,8,Negrete,8307,1,2020-09-14
Biobío,8,Negrete,8307,1,2020-09-17
Biobío,8,Negrete,8307,1,2020-09-22
Biobío,8,Negrete,8307,2,2020-10-06
Biobío,8,Negrete,8307,1,2020-10-23
Biobío,8,Negrete,8307,1,2020-10-31
Biobío,8,Negrete,8307,1,2020-11-01
Biobío,8,Negrete,8307,1,2020-11-10
Biobío,8,Negrete,8307,1,2020-11-16
Biobío,8,Negrete,8307,1,2020-12-07
Biobío,8,Negrete,8307,1,2020-12-14
Biobío,8,Negrete,8307,1,2020-12-15
Biobío,8,Negrete,8307,1,2020-12-16
Biobío,8,Negrete,8307,2,2020-12-29
Biobío,8,Negrete,8307,1,2020-12-31
Biobío,8,Negrete,8307,2,2021-01-11
Biobío,8,Quilaco,8308,1,2020-01-17
Biobío,8,Quilaco,8308,1,2020-01-30
Biobío,8,Quilaco,8308,1,2020-03-13
Biobío,8,Quilaco,8308,1,2020-03-16
Biobío,8,Quilaco,8308,1,2020-03-24
Biobío,8,Quilaco,8308,1,2020-03-30
Biobío,8,Quilaco,8308,2,2020-04-13
Biobío,8,Quilaco,8308,1,2020-05-04
Biobío,8,Quilaco,8308,1,2020-06-05
Biobío,8,Quilaco,8308,1,2020-07-24
Biobío,8,Quilaco,8308,1,2020-08-25
Biobío,8,Quilaco,8308,1,2020-09-16
Biobío,8,Quilaco,8308,1,2020-10-05
Biobío,8,Quilaco,8308,1,2020-11-03
Biobío,8,Quilaco,8308,1,2020-11-20
Biobío,8,Quilaco,8308,1,2020-11-23
Biobío,8,Quilaco,8308,1,2020-11-24
Biobío,8,Quilaco,8308,1,2020-11-27
Biobío,8,Quilaco,8308,1,2020-12-01
Biobío,8,Quilaco,8308,1,2020-12-03
Biobío,8,Quilaco,8308,1,2020-12-10
Biobío,8,Quilaco,8308,1,2020-12-28
Biobío,8,Quilaco,8308,1,2020-12-29
Biobío,8,Quilleco,8309,1,2020-01-06
Biobío,8,Quilleco,8309,1,2020-01-14
Biobío,8,Quilleco,8309,1,2020-01-17
Biobío,8,Quilleco,8309,1,2020-02-11
Biobío,8,Quilleco,8309,1,2020-03-17
Biobío,8,Quilleco,8309,1,2020-03-20
Biobío,8,Quilleco,8309,1,2020-03-24
Biobío,8,Quilleco,8309,1,2020-04-03
Biobío,8,Quilleco,8309,1,2020-04-13
Biobío,8,Quilleco,8309,1,2020-04-30
Biobío,8,Quilleco,8309,1,2020-05-04
Biobío,8,Quilleco,8309,1,2020-05-05
Biobío,8,Quilleco,8309,1,2020-05-11
Biobío,8,Quilleco,8309,1,2020-05-15
Biobío,8,Quilleco,8309,1,2020-05-22
Biobío,8,Quilleco,8309,1,2020-05-25
Biobío,8,Quilleco,8309,1,2020-06-22
Biobío,8,Quilleco,8309,1,2020-06-25
Biobío,8,Quilleco,8309,1,2020-06-26
Biobío,8,Quilleco,8309,1,2020-06-30
Biobío,8,Quilleco,8309,1,2020-07-01
Biobío,8,Quilleco,8309,1,2020-08-11
Biobío,8,Quilleco,8309,1,2020-08-19
Biobío,8,Quilleco,8309,1,2020-08-28
Biobío,8,Quilleco,8309,1,2020-09-07
Biobío,8,Quilleco,8309,1,2020-10-02
Biobío,8,Quilleco,8309,2,2020-10-13
Biobío,8,Quilleco,8309,2,2020-10-20
Biobío,8,Quilleco,8309,1,2020-10-30
Biobío,8,Quilleco,8309,1,2020-11-13
Biobío,8,Quilleco,8309,1,2020-12-16
Biobío,8,Quilleco,8309,1,2020-12-21
Biobío,8,Quilleco,8309,1,2020-12-22
Biobío,8,Quilleco,8309,2,2020-12-24
Biobío,8,Quilleco,8309,1,2021-01-01
Biobío,8,Quilleco,8309,1,2021-01-04
Biobío,8,Quilleco,8309,2,2021-01-05
Biobío,8,Quilleco,8309,1,2021-01-13
Biobío,8,San Rosendo,8310,1,2020-02-10
Biobío,8,San Rosendo,8310,1,2020-03-25
Biobío,8,San Rosendo,8310,1,2020-05-02
Biobío,8,San Rosendo,8310,1,2020-05-07
Biobío,8,San Rosendo,8310,1,2020-06-09
Biobío,8,San Rosendo,8310,1,2020-07-02
Biobío,8,San Rosendo,8310,1,2020-07-10
Biobío,8,San Rosendo,8310,1,2020-07-13
Biobío,8,San Rosendo,8310,1,2020-09-15
Biobío,8,San Rosendo,8310,1,2020-09-22
Biobío,8,San Rosendo,8310,1,2020-09-23
Biobío,8,San Rosendo,8310,1,2020-10-05
Biobío,8,San Rosendo,8310,1,2020-10-23
Biobío,8,San Rosendo,8310,1,2020-11-17
Biobío,8,San Rosendo,8310,1,2020-12-09
Biobío,8,San Rosendo,8310,1,2020-12-11
Biobío,8,San Rosendo,8310,1,2020-12-14
Biobío,8,San Rosendo,8310,1,2021-01-08
Biobío,8,Santa Bárbara,8311,1,2020-01-03
Biobío,8,Santa Bárbara,8311,1,2020-01-13
Biobío,8,Santa Bárbara,8311,1,2020-01-16
Biobío,8,Santa Bárbara,8311,1,2020-01-17
Biobío,8,Santa Bárbara,8311,1,2020-01-20
Biobío,8,Santa Bárbara,8311,1,2020-01-27
Biobío,8,Santa Bárbara,8311,1,2020-01-30
Biobío,8,Santa Bárbara,8311,1,2020-01-31
Biobío,8,Santa Bárbara,8311,1,2020-02-04
Biobío,8,Santa Bárbara,8311,1,2020-02-07
Biobío,8,Santa Bárbara,8311,1,2020-02-12
Biobío,8,Santa Bárbara,8311,1,2020-02-19
Biobío,8,Santa Bárbara,8311,1,2020-02-24
Biobío,8,Santa Bárbara,8311,1,2020-03-02
Biobío,8,Santa Bárbara,8311,1,2020-03-04
Biobío,8,Santa Bárbara,8311,1,2020-03-12
Biobío,8,Santa Bárbara,8311,3,2020-03-23
Biobío,8,Santa Bárbara,8311,1,2020-03-31
Biobío,8,Santa Bárbara,8311,1,2020-04-02
Biobío,8,Santa Bárbara,8311,1,2020-04-08
Biobío,8,Santa Bárbara,8311,1,2020-04-17
Biobío,8,Santa Bárbara,8311,1,2020-05-11
Biobío,8,Santa Bárbara,8311,1,2020-05-15
Biobío,8,Santa Bárbara,8311,2,2020-05-18
Biobío,8,Santa Bárbara,8311,1,2020-05-19
Biobío,8,Santa Bárbara,8311,1,2020-05-25
Biobío,8,Santa Bárbara,8311,2,2020-05-26
Biobío,8,Santa Bárbara,8311,1,2020-05-28
Biobío,8,Santa Bárbara,8311,1,2020-06-01
Biobío,8,Santa Bárbara,8311,1,2020-06-17
Biobío,8,Santa Bárbara,8311,1,2020-06-20
Biobío,8,Santa Bárbara,8311,1,2020-06-21
Biobío,8,Santa Bárbara,8311,1,2020-06-23
Biobío,8,Santa Bárbara,8311,4,2020-07-08
Biobío,8,Santa Bárbara,8311,1,2020-07-14
Biobío,8,Santa Bárbara,8311,1,2020-07-16
Biobío,8,Santa Bárbara,8311,2,2020-07-17
Biobío,8,Santa Bárbara,8311,2,2020-07-28
Biobío,8,Santa Bárbara,8311,1,2020-07-31
Biobío,8,Santa Bárbara,8311,2,2020-08-04
Biobío,8,Santa Bárbara,8311,3,2020-08-05
Biobío,8,Santa Bárbara,8311,2,2020-08-07
Biobío,8,Santa Bárbara,8311,1,2020-08-10
Biobío,8,Santa Bárbara,8311,1,2020-08-11
Biobío,8,Santa Bárbara,8311,1,2020-08-12
Biobío,8,Santa Bárbara,8311,1,2020-08-14
Biobío,8,Santa Bárbara,8311,1,2020-08-18
Biobío,8,Santa Bárbara,8311,1,2020-08-24
Biobío,8,Santa Bárbara,8311,2,2020-08-31
Biobío,8,Santa Bárbara,8311,2,2020-09-02
Biobío,8,Santa Bárbara,8311,1,2020-09-07
Biobío,8,Santa Bárbara,8311,1,2020-09-15
Biobío,8,Santa Bárbara,8311,4,2020-09-21
Biobío,8,Santa Bárbara,8311,1,2020-09-28
Biobío,8,Santa Bárbara,8311,1,2020-10-05
Biobío,8,Santa Bárbara,8311,1,2020-10-09
Biobío,8,Santa Bárbara,8311,1,2020-10-13
Biobío,8,Santa Bárbara,8311,1,2020-10-16
Biobío,8,Santa Bárbara,8311,2,2020-10-26
Biobío,8,Santa Bárbara,8311,1,2020-10-30
Biobío,8,Santa Bárbara,8311,2,2020-11-03
Biobío,8,Santa Bárbara,8311,1,2020-11-06
Biobío,8,Santa Bárbara,8311,1,2020-11-09
Biobío,8,Santa Bárbara,8311,2,2020-11-11
Biobío,8,Santa Bárbara,8311,1,2020-11-18
Biobío,8,Santa Bárbara,8311,1,2020-11-25
Biobío,8,Santa Bárbara,8311,1,2020-11-26
Biobío,8,Santa Bárbara,8311,1,2020-11-27
Biobío,8,Santa Bárbara,8311,1,2020-11-28
Biobío,8,Santa Bárbara,8311,4,2020-12-02
Biobío,8,Santa Bárbara,8311,1,2020-12-07
Biobío,8,Santa Bárbara,8311,2,2020-12-15
Biobío,8,Santa Bárbara,8311,1,2020-12-18
Biobío,8,Santa Bárbara,8311,1,2020-12-25
Biobío,8,Santa Bárbara,8311,1,2020-12-28
Biobío,8,Santa Bárbara,8311,2,2021-01-04
Biobío,8,Santa Bárbara,8311,1,2021-01-08
Biobío,8,Santa Bárbara,8311,2,2021-01-11
Biobío,8,Santa Bárbara,8311,1,2021-01-12
Biobío,8,Tucapel,8312,1,2020-01-07
Biobío,8,Tucapel,8312,1,2020-01-13
Biobío,8,Tucapel,8312,3,2020-01-15
Biobío,8,Tucapel,8312,1,2020-01-20
Biobío,8,Tucapel,8312,1,2020-01-27
Biobío,8,Tucapel,8312,1,2020-01-28
Biobío,8,Tucapel,8312,1,2020-02-03
Biobío,8,Tucapel,8312,2,2020-02-06
Biobío,8,Tucapel,8312,2,2020-02-07
Biobío,8,Tucapel,8312,2,2020-02-10
Biobío,8,Tucapel,8312,1,2020-02-11
Biobío,8,Tucapel,8312,1,2020-02-14
Biobío,8,Tucapel,8312,2,2020-02-24
Biobío,8,Tucapel,8312,1,2020-03-03
Biobío,8,Tucapel,8312,1,2020-03-13
Biobío,8,Tucapel,8312,2,2020-03-30
Biobío,8,Tucapel,8312,1,2020-04-01
Biobío,8,Tucapel,8312,1,2020-04-06
Biobío,8,Tucapel,8312,1,2020-04-09
Biobío,8,Tucapel,8312,1,2020-04-28
Biobío,8,Tucapel,8312,2,2020-04-30
Biobío,8,Tucapel,8312,1,2020-05-04
Biobío,8,Tucapel,8312,1,2020-05-07
Biobío,8,Tucapel,8312,1,2020-05-08
Biobío,8,Tucapel,8312,3,2020-05-11
Biobío,8,Tucapel,8312,1,2020-05-14
Biobío,8,Tucapel,8312,1,2020-05-18
Biobío,8,Tucapel,8312,1,2020-05-25
Biobío,8,Tucapel,8312,1,2020-05-28
Biobío,8,Tucapel,8312,1,2020-05-29
Biobío,8,Tucapel,8312,2,2020-06-01
Biobío,8,Tucapel,8312,2,2020-06-08
Biobío,8,Tucapel,8312,1,2020-06-12
Biobío,8,Tucapel,8312,2,2020-06-15
Biobío,8,Tucapel,8312,1,2020-06-26
Biobío,8,Tucapel,8312,1,2020-07-04
Biobío,8,Tucapel,8312,3,2020-07-06
Biobío,8,Tucapel,8312,1,2020-07-10
Biobío,8,Tucapel,8312,2,2020-07-14
Biobío,8,Tucapel,8312,1,2020-07-15
Biobío,8,Tucapel,8312,1,2020-07-20
Biobío,8,Tucapel,8312,1,2020-07-21
Biobío,8,Tucapel,8312,1,2020-07-22
Biobío,8,Tucapel,8312,1,2020-07-24
Biobío,8,Tucapel,8312,1,2020-07-27
Biobío,8,Tucapel,8312,1,2020-07-30
Biobío,8,Tucapel,8312,1,2020-08-05
Biobío,8,Tucapel,8312,1,2020-08-06
Biobío,8,Tucapel,8312,2,2020-08-10
Biobío,8,Tucapel,8312,1,2020-08-12
Biobío,8,Tucapel,8312,1,2020-08-13
Biobío,8,Tucapel,8312,1,2020-08-25
Biobío,8,Tucapel,8312,1,2020-08-26
Biobío,8,Tucapel,8312,1,2020-08-27
Biobío,8,Tucapel,8312,1,2020-08-31
Biobío,8,Tucapel,8312,1,2020-09-04
Biobío,8,Tucapel,8312,1,2020-09-07
Biobío,8,Tucapel,8312,1,2020-09-11
Biobío,8,Tucapel,8312,1,2020-09-12
Biobío,8,Tucapel,8312,1,2020-09-15
Biobío,8,Tucapel,8312,1,2020-09-21
Biobío,8,Tucapel,8312,1,2020-09-22
Biobío,8,Tucapel,8312,1,2020-09-23
Biobío,8,Tucapel,8312,1,2020-09-25
Biobío,8,Tucapel,8312,1,2020-09-28
Biobío,8,Tucapel,8312,1,2020-09-29
Biobío,8,Tucapel,8312,1,2020-09-30
Biobío,8,Tucapel,8312,2,2020-10-02
Biobío,8,Tucapel,8312,1,2020-10-06
Biobío,8,Tucapel,8312,1,2020-10-09
Biobío,8,Tucapel,8312,1,2020-10-13
Biobío,8,Tucapel,8312,1,2020-10-15
Biobío,8,Tucapel,8312,1,2020-10-22
Biobío,8,Tucapel,8312,1,2020-10-28
Biobío,8,Tucapel,8312,1,2020-10-29
Biobío,8,Tucapel,8312,1,2020-11-02
Biobío,8,Tucapel,8312,1,2020-11-06
Biobío,8,Tucapel,8312,1,2020-11-09
Biobío,8,Tucapel,8312,1,2020-11-13
Biobío,8,Tucapel,8312,1,2020-11-20
Biobío,8,Tucapel,8312,1,2020-11-23
Biobío,8,Tucapel,8312,1,2020-11-24
Biobío,8,Tucapel,8312,1,2020-11-30
Biobío,8,Tucapel,8312,1,2020-12-02
Biobío,8,Tucapel,8312,2,2020-12-07
Biobío,8,Tucapel,8312,1,2020-12-10
Biobío,8,Tucapel,8312,1,2020-12-11
Biobío,8,Tucapel,8312,1,2020-12-23
Biobío,8,Tucapel,8312,1,2020-12-24
Biobío,8,Tucapel,8312,1,2020-12-25
Biobío,8,Tucapel,8312,1,2020-12-30
Biobío,8,Tucapel,8312,2,2021-01-09
Biobío,8,Yumbel,8313,1,2020-01-07
Biobío,8,Yumbel,8313,1,2020-01-13
Biobío,8,Yumbel,8313,1,2020-01-15
Biobío,8,Yumbel,8313,1,2020-01-17
Biobío,8,Yumbel,8313,1,2020-01-22
Biobío,8,Yumbel,8313,1,2020-01-27
Biobío,8,Yumbel,8313,1,2020-01-28
Biobío,8,Yumbel,8313,1,2020-01-30
Biobío,8,Yumbel,8313,1,2020-02-03
Biobío,8,Yumbel,8313,1,2020-02-07
Biobío,8,Yumbel,8313,1,2020-02-20
Biobío,8,Yumbel,8313,1,2020-02-24
Biobío,8,Yumbel,8313,1,2020-02-28
Biobío,8,Yumbel,8313,1,2020-03-03
Biobío,8,Yumbel,8313,1,2020-03-08
Biobío,8,Yumbel,8313,1,2020-03-10
Biobío,8,Yumbel,8313,1,2020-03-11
Biobío,8,Yumbel,8313,1,2020-03-12
Biobío,8,Yumbel,8313,1,2020-03-13
Biobío,8,Yumbel,8313,1,2020-03-16
Biobío,8,Yumbel,8313,1,2020-03-19
Biobío,8,Yumbel,8313,1,2020-03-20
Biobío,8,Yumbel,8313,2,2020-03-27
Biobío,8,Yumbel,8313,5,2020-03-30
Biobío,8,Yumbel,8313,1,2020-03-31
Biobío,8,Yumbel,8313,1,2020-04-01
Biobío,8,Yumbel,8313,1,2020-04-06
Biobío,8,Yumbel,8313,1,2020-04-09
Biobío,8,Yumbel,8313,1,2020-04-11
Biobío,8,Yumbel,8313,1,2020-04-15
Biobío,8,Yumbel,8313,1,2020-04-17
Biobío,8,Yumbel,8313,2,2020-04-20
Biobío,8,Yumbel,8313,1,2020-04-22
Biobío,8,Yumbel,8313,1,2020-04-27
Biobío,8,Yumbel,8313,2,2020-04-28
Biobío,8,Yumbel,8313,1,2020-05-05
Biobío,8,Yumbel,8313,1,2020-05-07
Biobío,8,Yumbel,8313,1,2020-05-08
Biobío,8,Yumbel,8313,1,2020-05-11
Biobío,8,Yumbel,8313,1,2020-05-18
Biobío,8,Yumbel,8313,2,2020-05-22
Biobío,8,Yumbel,8313,1,2020-05-25
Biobío,8,Yumbel,8313,1,2020-05-26
Biobío,8,Yumbel,8313,1,2020-05-28
Biobío,8,Yumbel,8313,1,2020-05-30
Biobío,8,Yumbel,8313,1,2020-06-01
Biobío,8,Yumbel,8313,1,2020-06-02
Biobío,8,Yumbel,8313,2,2020-06-04
Biobío,8,Yumbel,8313,1,2020-06-05
Biobío,8,Yumbel,8313,1,2020-06-11
Biobío,8,Yumbel,8313,1,2020-06-12
Biobío,8,Yumbel,8313,2,2020-06-15
Biobío,8,Yumbel,8313,1,2020-06-16
Biobío,8,Yumbel,8313,1,2020-06-18
Biobío,8,Yumbel,8313,2,2020-06-24
Biobío,8,Yumbel,8313,1,2020-06-25
Biobío,8,Yumbel,8313,1,2020-06-26
Biobío,8,Yumbel,8313,3,2020-06-30
Biobío,8,Yumbel,8313,1,2020-07-04
Biobío,8,Yumbel,8313,1,2020-07-06
Biobío,8,Yumbel,8313,1,2020-07-12
Biobío,8,Yumbel,8313,2,2020-07-13
Biobío,8,Yumbel,8313,2,2020-07-14
Biobío,8,Yumbel,8313,1,2020-07-15
Biobío,8,Yumbel,8313,1,2020-07-16
Biobío,8,Yumbel,8313,1,2020-07-19
Biobío,8,Yumbel,8313,1,2020-07-20
Biobío,8,Yumbel,8313,1,2020-07-23
Biobío,8,Yumbel,8313,1,2020-07-24
Biobío,8,Yumbel,8313,1,2020-07-25
Biobío,8,Yumbel,8313,1,2020-07-27
Biobío,8,Yumbel,8313,2,2020-08-05
Biobío,8,Yumbel,8313,2,2020-08-06
Biobío,8,Yumbel,8313,1,2020-08-08
Biobío,8,Yumbel,8313,1,2020-08-10
Biobío,8,Yumbel,8313,1,2020-08-11
Biobío,8,Yumbel,8313,1,2020-08-12
Biobío,8,Yumbel,8313,1,2020-08-14
Biobío,8,Yumbel,8313,2,2020-08-17
Biobío,8,Yumbel,8313,1,2020-08-19
Biobío,8,Yumbel,8313,1,2020-08-20
Biobío,8,Yumbel,8313,1,2020-08-21
Biobío,8,Yumbel,8313,3,2020-08-24
Biobío,8,Yumbel,8313,3,2020-08-25
Biobío,8,Yumbel,8313,2,2020-08-26
Biobío,8,Yumbel,8313,2,2020-08-28
Biobío,8,Yumbel,8313,1,2020-08-31
Biobío,8,Yumbel,8313,2,2020-09-03
Biobío,8,Yumbel,8313,1,2020-09-07
Biobío,8,Yumbel,8313,1,2020-09-08
Biobío,8,Yumbel,8313,2,2020-09-11
Biobío,8,Yumbel,8313,1,2020-09-14
Biobío,8,Yumbel,8313,1,2020-09-18
Biobío,8,Yumbel,8313,1,2020-09-19
Biobío,8,Yumbel,8313,3,2020-09-23
Biobío,8,Yumbel,8313,1,2020-09-24
Biobío,8,Yumbel,8313,4,2020-09-28
Biobío,8,Yumbel,8313,1,2020-09-29
Biobío,8,Yumbel,8313,1,2020-10-03
Biobío,8,Yumbel,8313,2,2020-10-05
Biobío,8,Yumbel,8313,1,2020-10-07
Biobío,8,Yumbel,8313,2,2020-10-13
Biobío,8,Yumbel,8313,1,2020-10-14
Biobío,8,Yumbel,8313,1,2020-10-19
Biobío,8,Yumbel,8313,2,2020-10-20
Biobío,8,Yumbel,8313,1,2020-10-22
Biobío,8,Yumbel,8313,1,2020-10-23
Biobío,8,Yumbel,8313,2,2020-10-26
Biobío,8,Yumbel,8313,1,2020-10-27
Biobío,8,Yumbel,8313,3,2020-10-28
Biobío,8,Yumbel,8313,4,2020-11-02
Biobío,8,Yumbel,8313,1,2020-11-05
Biobío,8,Yumbel,8313,2,2020-11-09
Biobío,8,Yumbel,8313,1,2020-11-10
Biobío,8,Yumbel,8313,1,2020-11-12
Biobío,8,Yumbel,8313,1,2020-11-13
Biobío,8,Yumbel,8313,2,2020-11-16
Biobío,8,Yumbel,8313,1,2020-11-17
Biobío,8,Yumbel,8313,1,2020-11-19
Biobío,8,Yumbel,8313,1,2020-11-22
Biobío,8,Yumbel,8313,1,2020-11-25
Biobío,8,Yumbel,8313,2,2020-11-30
Biobío,8,Yumbel,8313,1,2020-12-02
Biobío,8,Yumbel,8313,1,2020-12-05
Biobío,8,Yumbel,8313,3,2020-12-11
Biobío,8,Yumbel,8313,1,2020-12-15
Biobío,8,Yumbel,8313,1,2020-12-16
Biobío,8,Yumbel,8313,2,2020-12-17
Biobío,8,Yumbel,8313,1,2020-12-18
Biobío,8,Yumbel,8313,1,2020-12-22
Biobío,8,Yumbel,8313,1,2020-12-23
Biobío,8,Yumbel,8313,1,2020-12-26
Biobío,8,Yumbel,8313,2,2020-12-28
Biobío,8,Yumbel,8313,2,2020-12-29
Biobío,8,Yumbel,8313,2,2020-12-31
Biobío,8,Yumbel,8313,3,2021-01-04
Biobío,8,Yumbel,8313,2,2021-01-05
Biobío,8,Yumbel,8313,1,2021-01-07
Biobío,8,Yumbel,8313,1,2021-01-11
Biobío,8,Alto Biobío,8314,2,2020-01-13
Biobío,8,Alto Biobío,8314,1,2020-01-27
Biobío,8,Alto Biobío,8314,1,2020-03-02
Biobío,8,Alto Biobío,8314,1,2020-04-06
Biobío,8,Alto Biobío,8314,1,2020-04-29
Biobío,8,Alto Biobío,8314,1,2020-05-25
Biobío,8,Alto Biobío,8314,1,2020-07-29
Biobío,8,Alto Biobío,8314,1,2020-08-03
Biobío,8,Alto Biobío,8314,1,2020-08-24
Biobío,8,Alto Biobío,8314,1,2020-08-31
Biobío,8,Alto Biobío,8314,1,2020-10-15
Biobío,8,Alto Biobío,8314,1,2020-10-26
Biobío,8,Alto Biobío,8314,1,2020-12-01
Biobío,8,Alto Biobío,8314,1,2020-12-02
La Araucanía,9,Temuco,9101,10,2020-01-02
La Araucanía,9,Temuco,9101,8,2020-01-03
La Araucanía,9,Temuco,9101,22,2020-01-06
La Araucanía,9,Temuco,9101,6,2020-01-07
La Araucanía,9,Temuco,9101,8,2020-01-08
La Araucanía,9,Temuco,9101,6,2020-01-09
La Araucanía,9,Temuco,9101,9,2020-01-10
La Araucanía,9,Temuco,9101,18,2020-01-13
La Araucanía,9,Temuco,9101,8,2020-01-14
La Araucanía,9,Temuco,9101,6,2020-01-15
La Araucanía,9,Temuco,9101,6,2020-01-16
La Araucanía,9,Temuco,9101,10,2020-01-17
La Araucanía,9,Temuco,9101,17,2020-01-20
La Araucanía,9,Temuco,9101,4,2020-01-21
La Araucanía,9,Temuco,9101,4,2020-01-22
La Araucanía,9,Temuco,9101,7,2020-01-23
La Araucanía,9,Temuco,9101,11,2020-01-24
La Araucanía,9,Temuco,9101,11,2020-01-27
La Araucanía,9,Temuco,9101,10,2020-01-28
La Araucanía,9,Temuco,9101,3,2020-01-29
La Araucanía,9,Temuco,9101,7,2020-01-30
La Araucanía,9,Temuco,9101,9,2020-01-31
La Araucanía,9,Temuco,9101,16,2020-02-03
La Araucanía,9,Temuco,9101,9,2020-02-04
La Araucanía,9,Temuco,9101,4,2020-02-05
La Araucanía,9,Temuco,9101,9,2020-02-06
La Araucanía,9,Temuco,9101,8,2020-02-07
La Araucanía,9,Temuco,9101,20,2020-02-10
La Araucanía,9,Temuco,9101,5,2020-02-11
La Araucanía,9,Temuco,9101,14,2020-02-12
La Araucanía,9,Temuco,9101,8,2020-02-13
La Araucanía,9,Temuco,9101,6,2020-02-14
La Araucanía,9,Temuco,9101,24,2020-02-17
La Araucanía,9,Temuco,9101,14,2020-02-18
La Araucanía,9,Temuco,9101,2,2020-02-19
La Araucanía,9,Temuco,9101,7,2020-02-20
La Araucanía,9,Temuco,9101,5,2020-02-21
La Araucanía,9,Temuco,9101,15,2020-02-24
La Araucanía,9,Temuco,9101,6,2020-02-25
La Araucanía,9,Temuco,9101,9,2020-02-26
La Araucanía,9,Temuco,9101,5,2020-02-27
La Araucanía,9,Temuco,9101,7,2020-02-28
La Araucanía,9,Temuco,9101,16,2020-03-02
La Araucanía,9,Temuco,9101,11,2020-03-03
La Araucanía,9,Temuco,9101,5,2020-03-04
La Araucanía,9,Temuco,9101,8,2020-03-05
La Araucanía,9,Temuco,9101,9,2020-03-06
La Araucanía,9,Temuco,9101,18,2020-03-09
La Araucanía,9,Temuco,9101,8,2020-03-10
La Araucanía,9,Temuco,9101,7,2020-03-11
La Araucanía,9,Temuco,9101,4,2020-03-12
La Araucanía,9,Temuco,9101,14,2020-03-13
La Araucanía,9,Temuco,9101,16,2020-03-16
La Araucanía,9,Temuco,9101,13,2020-03-17
La Araucanía,9,Temuco,9101,5,2020-03-18
La Araucanía,9,Temuco,9101,6,2020-03-19
La Araucanía,9,Temuco,9101,8,2020-03-20
La Araucanía,9,Temuco,9101,17,2020-03-23
La Araucanía,9,Temuco,9101,7,2020-03-24
La Araucanía,9,Temuco,9101,5,2020-03-25
La Araucanía,9,Temuco,9101,8,2020-03-26
La Araucanía,9,Temuco,9101,7,2020-03-27
La Araucanía,9,Temuco,9101,1,2020-03-28
La Araucanía,9,Temuco,9101,11,2020-03-30
La Araucanía,9,Temuco,9101,12,2020-03-31
La Araucanía,9,Temuco,9101,16,2020-04-01
La Araucanía,9,Temuco,9101,7,2020-04-02
La Araucanía,9,Temuco,9101,4,2020-04-03
La Araucanía,9,Temuco,9101,27,2020-04-06
La Araucanía,9,Temuco,9101,7,2020-04-07
La Araucanía,9,Temuco,9101,6,2020-04-08
La Araucanía,9,Temuco,9101,7,2020-04-09
La Araucanía,9,Temuco,9101,2,2020-04-11
La Araucanía,9,Temuco,9101,20,2020-04-13
La Araucanía,9,Temuco,9101,6,2020-04-14
La Araucanía,9,Temuco,9101,6,2020-04-15
La Araucanía,9,Temuco,9101,6,2020-04-16
La Araucanía,9,Temuco,9101,4,2020-04-17
La Araucanía,9,Temuco,9101,20,2020-04-20
La Araucanía,9,Temuco,9101,17,2020-04-21
La Araucanía,9,Temuco,9101,3,2020-04-22
La Araucanía,9,Temuco,9101,8,2020-04-23
La Araucanía,9,Temuco,9101,6,2020-04-24
La Araucanía,9,Temuco,9101,28,2020-04-27
La Araucanía,9,Temuco,9101,3,2020-04-28
La Araucanía,9,Temuco,9101,11,2020-04-29
La Araucanía,9,Temuco,9101,3,2020-04-30
La Araucanía,9,Temuco,9101,1,2020-05-02
La Araucanía,9,Temuco,9101,11,2020-05-04
La Araucanía,9,Temuco,9101,9,2020-05-05
La Araucanía,9,Temuco,9101,8,2020-05-06
La Araucanía,9,Temuco,9101,6,2020-05-07
La Araucanía,9,Temuco,9101,3,2020-05-08
La Araucanía,9,Temuco,9101,23,2020-05-11
La Araucanía,9,Temuco,9101,8,2020-05-12
La Araucanía,9,Temuco,9101,6,2020-05-13
La Araucanía,9,Temuco,9101,11,2020-05-14
La Araucanía,9,Temuco,9101,8,2020-05-15
La Araucanía,9,Temuco,9101,10,2020-05-18
La Araucanía,9,Temuco,9101,9,2020-05-19
La Araucanía,9,Temuco,9101,15,2020-05-20
La Araucanía,9,Temuco,9101,8,2020-05-22
La Araucanía,9,Temuco,9101,23,2020-05-25
La Araucanía,9,Temuco,9101,9,2020-05-26
La Araucanía,9,Temuco,9101,9,2020-05-27
La Araucanía,9,Temuco,9101,6,2020-05-28
La Araucanía,9,Temuco,9101,8,2020-05-29
La Araucanía,9,Temuco,9101,21,2020-06-01
La Araucanía,9,Temuco,9101,11,2020-06-02
La Araucanía,9,Temuco,9101,7,2020-06-03
La Araucanía,9,Temuco,9101,6,2020-06-04
La Araucanía,9,Temuco,9101,7,2020-06-05
La Araucanía,9,Temuco,9101,19,2020-06-08
La Araucanía,9,Temuco,9101,9,2020-06-09
La Araucanía,9,Temuco,9101,9,2020-06-10
La Araucanía,9,Temuco,9101,9,2020-06-11
La Araucanía,9,Temuco,9101,10,2020-06-12
La Araucanía,9,Temuco,9101,18,2020-06-15
La Araucanía,9,Temuco,9101,10,2020-06-16
La Araucanía,9,Temuco,9101,8,2020-06-17
La Araucanía,9,Temuco,9101,8,2020-06-18
La Araucanía,9,Temuco,9101,12,2020-06-19
La Araucanía,9,Temuco,9101,19,2020-06-22
La Araucanía,9,Temuco,9101,6,2020-06-23
La Araucanía,9,Temuco,9101,4,2020-06-24
La Araucanía,9,Temuco,9101,9,2020-06-25
La Araucanía,9,Temuco,9101,5,2020-06-26
La Araucanía,9,Temuco,9101,1,2020-06-27
La Araucanía,9,Temuco,9101,2,2020-06-28
La Araucanía,9,Temuco,9101,25,2020-06-30
La Araucanía,9,Temuco,9101,6,2020-07-01
La Araucanía,9,Temuco,9101,8,2020-07-02
La Araucanía,9,Temuco,9101,7,2020-07-03
La Araucanía,9,Temuco,9101,11,2020-07-06
La Araucanía,9,Temuco,9101,12,2020-07-07
La Araucanía,9,Temuco,9101,11,2020-07-08
La Araucanía,9,Temuco,9101,5,2020-07-09
La Araucanía,9,Temuco,9101,8,2020-07-10
La Araucanía,9,Temuco,9101,16,2020-07-13
La Araucanía,9,Temuco,9101,6,2020-07-14
La Araucanía,9,Temuco,9101,12,2020-07-15
La Araucanía,9,Temuco,9101,13,2020-07-17
La Araucanía,9,Temuco,9101,20,2020-07-20
La Araucanía,9,Temuco,9101,9,2020-07-21
La Araucanía,9,Temuco,9101,8,2020-07-22
La Araucanía,9,Temuco,9101,3,2020-07-23
La Araucanía,9,Temuco,9101,6,2020-07-24
La Araucanía,9,Temuco,9101,19,2020-07-27
La Araucanía,9,Temuco,9101,12,2020-07-28
La Araucanía,9,Temuco,9101,2,2020-07-29
La Araucanía,9,Temuco,9101,10,2020-07-30
La Araucanía,9,Temuco,9101,7,2020-07-31
La Araucanía,9,Temuco,9101,20,2020-08-03
La Araucanía,9,Temuco,9101,8,2020-08-04
La Araucanía,9,Temuco,9101,9,2020-08-05
La Araucanía,9,Temuco,9101,5,2020-08-06
La Araucanía,9,Temuco,9101,10,2020-08-07
La Araucanía,9,Temuco,9101,19,2020-08-10
La Araucanía,9,Temuco,9101,9,2020-08-11
La Araucanía,9,Temuco,9101,5,2020-08-12
La Araucanía,9,Temuco,9101,9,2020-08-13
La Araucanía,9,Temuco,9101,7,2020-08-14
La Araucanía,9,Temuco,9101,15,2020-08-17
La Araucanía,9,Temuco,9101,9,2020-08-18
La Araucanía,9,Temuco,9101,12,2020-08-19
La Araucanía,9,Temuco,9101,5,2020-08-20
La Araucanía,9,Temuco,9101,12,2020-08-21
La Araucanía,9,Temuco,9101,19,2020-08-24
La Araucanía,9,Temuco,9101,4,2020-08-25
La Araucanía,9,Temuco,9101,6,2020-08-26
La Araucanía,9,Temuco,9101,6,2020-08-27
La Araucanía,9,Temuco,9101,9,2020-08-28
La Araucanía,9,Temuco,9101,1,2020-08-29
La Araucanía,9,Temuco,9101,1,2020-08-30
La Araucanía,9,Temuco,9101,24,2020-08-31
La Araucanía,9,Temuco,9101,6,2020-09-01
La Araucanía,9,Temuco,9101,10,2020-09-02
La Araucanía,9,Temuco,9101,5,2020-09-03
La Araucanía,9,Temuco,9101,5,2020-09-04
La Araucanía,9,Temuco,9101,19,2020-09-07
La Araucanía,9,Temuco,9101,7,2020-09-08
La Araucanía,9,Temuco,9101,15,2020-09-09
La Araucanía,9,Temuco,9101,4,2020-09-10
La Araucanía,9,Temuco,9101,5,2020-09-11
La Araucanía,9,Temuco,9101,25,2020-09-14
La Araucanía,9,Temuco,9101,11,2020-09-15
La Araucanía,9,Temuco,9101,5,2020-09-16
La Araucanía,9,Temuco,9101,5,2020-09-17
La Araucanía,9,Temuco,9101,1,2020-09-18
La Araucanía,9,Temuco,9101,2,2020-09-19
La Araucanía,9,Temuco,9101,22,2020-09-21
La Araucanía,9,Temuco,9101,11,2020-09-22
La Araucanía,9,Temuco,9101,9,2020-09-23
La Araucanía,9,Temuco,9101,9,2020-09-24
La Araucanía,9,Temuco,9101,12,2020-09-25
La Araucanía,9,Temuco,9101,1,2020-09-26
La Araucanía,9,Temuco,9101,24,2020-09-28
La Araucanía,9,Temuco,9101,5,2020-09-29
La Araucanía,9,Temuco,9101,6,2020-09-30
La Araucanía,9,Temuco,9101,9,2020-10-01
La Araucanía,9,Temuco,9101,7,2020-10-02
La Araucanía,9,Temuco,9101,1,2020-10-03
La Araucanía,9,Temuco,9101,15,2020-10-05
La Araucanía,9,Temuco,9101,9,2020-10-06
La Araucanía,9,Temuco,9101,8,2020-10-07
La Araucanía,9,Temuco,9101,7,2020-10-08
La Araucanía,9,Temuco,9101,7,2020-10-09
La Araucanía,9,Temuco,9101,3,2020-10-11
La Araucanía,9,Temuco,9101,27,2020-10-13
La Araucanía,9,Temuco,9101,2,2020-10-14
La Araucanía,9,Temuco,9101,5,2020-10-15
La Araucanía,9,Temuco,9101,5,2020-10-16
La Araucanía,9,Temuco,9101,21,2020-10-19
La Araucanía,9,Temuco,9101,4,2020-10-20
La Araucanía,9,Temuco,9101,13,2020-10-21
La Araucanía,9,Temuco,9101,5,2020-10-22
La Araucanía,9,Temuco,9101,8,2020-10-23
La Araucanía,9,Temuco,9101,17,2020-10-26
La Araucanía,9,Temuco,9101,7,2020-10-27
La Araucanía,9,Temuco,9101,11,2020-10-28
La Araucanía,9,Temuco,9101,8,2020-10-29
La Araucanía,9,Temuco,9101,7,2020-10-30
La Araucanía,9,Temuco,9101,1,2020-10-31
La Araucanía,9,Temuco,9101,23,2020-11-02
La Araucanía,9,Temuco,9101,5,2020-11-03
La Araucanía,9,Temuco,9101,8,2020-11-04
La Araucanía,9,Temuco,9101,8,2020-11-05
La Araucanía,9,Temuco,9101,7,2020-11-06
La Araucanía,9,Temuco,9101,21,2020-11-09
La Araucanía,9,Temuco,9101,7,2020-11-10
La Araucanía,9,Temuco,9101,7,2020-11-11
La Araucanía,9,Temuco,9101,11,2020-11-12
La Araucanía,9,Temuco,9101,14,2020-11-13
La Araucanía,9,Temuco,9101,21,2020-11-16
La Araucanía,9,Temuco,9101,8,2020-11-17
La Araucanía,9,Temuco,9101,3,2020-11-18
La Araucanía,9,Temuco,9101,6,2020-11-19
La Araucanía,9,Temuco,9101,10,2020-11-20
La Araucanía,9,Temuco,9101,15,2020-11-23
La Araucanía,9,Temuco,9101,8,2020-11-24
La Araucanía,9,Temuco,9101,8,2020-11-25
La Araucanía,9,Temuco,9101,8,2020-11-26
La Araucanía,9,Temuco,9101,8,2020-11-27
La Araucanía,9,Temuco,9101,10,2020-11-30
La Araucanía,9,Temuco,9101,3,2020-12-01
La Araucanía,9,Temuco,9101,10,2020-12-02
La Araucanía,9,Temuco,9101,8,2020-12-03
La Araucanía,9,Temuco,9101,13,2020-12-04
La Araucanía,9,Temuco,9101,24,2020-12-07
La Araucanía,9,Temuco,9101,8,2020-12-09
La Araucanía,9,Temuco,9101,6,2020-12-10
La Araucanía,9,Temuco,9101,7,2020-12-11
La Araucanía,9,Temuco,9101,16,2020-12-14
La Araucanía,9,Temuco,9101,12,2020-12-15
La Araucanía,9,Temuco,9101,6,2020-12-16
La Araucanía,9,Temuco,9101,8,2020-12-17
La Araucanía,9,Temuco,9101,9,2020-12-18
La Araucanía,9,Temuco,9101,1,2020-12-20
La Araucanía,9,Temuco,9101,16,2020-12-21
La Araucanía,9,Temuco,9101,4,2020-12-22
La Araucanía,9,Temuco,9101,6,2020-12-23
La Araucanía,9,Temuco,9101,8,2020-12-24
La Araucanía,9,Temuco,9101,32,2020-12-28
La Araucanía,9,Temuco,9101,13,2020-12-29
La Araucanía,9,Temuco,9101,3,2020-12-30
La Araucanía,9,Temuco,9101,6,2020-12-31
La Araucanía,9,Temuco,9101,1,2021-01-01
La Araucanía,9,Temuco,9101,3,2021-01-02
La Araucanía,9,Temuco,9101,19,2021-01-04
La Araucanía,9,Temuco,9101,9,2021-01-05
La Araucanía,9,Temuco,9101,9,2021-01-06
La Araucanía,9,Temuco,9101,9,2021-01-07
La Araucanía,9,Temuco,9101,11,2021-01-08
La Araucanía,9,Temuco,9101,17,2021-01-11
La Araucanía,9,Temuco,9101,10,2021-01-12
La Araucanía,9,Temuco,9101,4,2021-01-13
La Araucanía,9,Temuco,9101,14,2021-01-14
La Araucanía,9,Carahue,9102,1,2020-01-03
La Araucanía,9,Carahue,9102,2,2020-01-06
La Araucanía,9,Carahue,9102,1,2020-01-08
La Araucanía,9,Carahue,9102,1,2020-01-09
La Araucanía,9,Carahue,9102,1,2020-01-13
La Araucanía,9,Carahue,9102,2,2020-01-15
La Araucanía,9,Carahue,9102,2,2020-01-16
La Araucanía,9,Carahue,9102,1,2020-01-20
La Araucanía,9,Carahue,9102,1,2020-01-27
La Araucanía,9,Carahue,9102,1,2020-02-04
La Araucanía,9,Carahue,9102,2,2020-02-07
La Araucanía,9,Carahue,9102,1,2020-02-13
La Araucanía,9,Carahue,9102,1,2020-02-17
La Araucanía,9,Carahue,9102,1,2020-02-18
La Araucanía,9,Carahue,9102,1,2020-02-19
La Araucanía,9,Carahue,9102,1,2020-02-26
La Araucanía,9,Carahue,9102,2,2020-03-02
La Araucanía,9,Carahue,9102,1,2020-03-03
La Araucanía,9,Carahue,9102,3,2020-03-09
La Araucanía,9,Carahue,9102,3,2020-03-10
La Araucanía,9,Carahue,9102,1,2020-03-11
La Araucanía,9,Carahue,9102,1,2020-03-19
La Araucanía,9,Carahue,9102,1,2020-03-25
La Araucanía,9,Carahue,9102,1,2020-03-27
La Araucanía,9,Carahue,9102,1,2020-04-03
La Araucanía,9,Carahue,9102,2,2020-04-06
La Araucanía,9,Carahue,9102,1,2020-04-13
La Araucanía,9,Carahue,9102,1,2020-04-16
La Araucanía,9,Carahue,9102,1,2020-04-17
La Araucanía,9,Carahue,9102,2,2020-04-20
La Araucanía,9,Carahue,9102,2,2020-04-21
La Araucanía,9,Carahue,9102,2,2020-04-27
La Araucanía,9,Carahue,9102,1,2020-04-29
La Araucanía,9,Carahue,9102,1,2020-04-30
La Araucanía,9,Carahue,9102,3,2020-05-04
La Araucanía,9,Carahue,9102,2,2020-05-08
La Araucanía,9,Carahue,9102,1,2020-05-11
La Araucanía,9,Carahue,9102,2,2020-05-15
La Araucanía,9,Carahue,9102,1,2020-05-18
La Araucanía,9,Carahue,9102,1,2020-05-20
La Araucanía,9,Carahue,9102,2,2020-05-25
La Araucanía,9,Carahue,9102,1,2020-05-26
La Araucanía,9,Carahue,9102,1,2020-05-29
La Araucanía,9,Carahue,9102,3,2020-06-01
La Araucanía,9,Carahue,9102,2,2020-06-02
La Araucanía,9,Carahue,9102,1,2020-06-05
La Araucanía,9,Carahue,9102,1,2020-06-15
La Araucanía,9,Carahue,9102,2,2020-06-22
La Araucanía,9,Carahue,9102,1,2020-06-25
La Araucanía,9,Carahue,9102,1,2020-07-01
La Araucanía,9,Carahue,9102,1,2020-07-06
La Araucanía,9,Carahue,9102,1,2020-07-17
La Araucanía,9,Carahue,9102,1,2020-07-20
La Araucanía,9,Carahue,9102,1,2020-07-24
La Araucanía,9,Carahue,9102,1,2020-07-27
La Araucanía,9,Carahue,9102,1,2020-07-28
La Araucanía,9,Carahue,9102,1,2020-07-31
La Araucanía,9,Carahue,9102,1,2020-08-03
La Araucanía,9,Carahue,9102,1,2020-08-04
La Araucanía,9,Carahue,9102,1,2020-08-05
La Araucanía,9,Carahue,9102,1,2020-08-07
La Araucanía,9,Carahue,9102,1,2020-08-10
La Araucanía,9,Carahue,9102,1,2020-08-13
La Araucanía,9,Carahue,9102,2,2020-08-14
La Araucanía,9,Carahue,9102,2,2020-08-17
La Araucanía,9,Carahue,9102,1,2020-08-18
La Araucanía,9,Carahue,9102,1,2020-08-31
La Araucanía,9,Carahue,9102,2,2020-09-01
La Araucanía,9,Carahue,9102,2,2020-09-03
La Araucanía,9,Carahue,9102,1,2020-09-04
La Araucanía,9,Carahue,9102,1,2020-09-07
La Araucanía,9,Carahue,9102,1,2020-09-15
La Araucanía,9,Carahue,9102,2,2020-09-17
La Araucanía,9,Carahue,9102,1,2020-09-21
La Araucanía,9,Carahue,9102,1,2020-09-25
La Araucanía,9,Carahue,9102,1,2020-09-28
La Araucanía,9,Carahue,9102,1,2020-09-29
La Araucanía,9,Carahue,9102,1,2020-09-30
La Araucanía,9,Carahue,9102,1,2020-10-01
La Araucanía,9,Carahue,9102,1,2020-10-09
La Araucanía,9,Carahue,9102,1,2020-10-19
La Araucanía,9,Carahue,9102,1,2020-10-21
La Araucanía,9,Carahue,9102,2,2020-10-23
La Araucanía,9,Carahue,9102,1,2020-10-26
La Araucanía,9,Carahue,9102,2,2020-11-02
La Araucanía,9,Carahue,9102,1,2020-11-04
La Araucanía,9,Carahue,9102,1,2020-11-06
La Araucanía,9,Carahue,9102,2,2020-11-16
La Araucanía,9,Carahue,9102,2,2020-11-18
La Araucanía,9,Carahue,9102,3,2020-11-23
La Araucanía,9,Carahue,9102,1,2020-11-25
La Araucanía,9,Carahue,9102,2,2020-11-27
La Araucanía,9,Carahue,9102,1,2020-11-30
La Araucanía,9,Carahue,9102,2,2020-12-04
La Araucanía,9,Carahue,9102,1,2020-12-07
La Araucanía,9,Carahue,9102,1,2020-12-09
La Araucanía,9,Carahue,9102,2,2020-12-16
La Araucanía,9,Carahue,9102,1,2020-12-21
La Araucanía,9,Carahue,9102,4,2020-12-28
La Araucanía,9,Carahue,9102,3,2021-01-04
La Araucanía,9,Carahue,9102,1,2021-01-11
La Araucanía,9,Carahue,9102,1,2021-01-13
La Araucanía,9,Cunco,9103,2,2020-01-02
La Araucanía,9,Cunco,9103,1,2020-01-03
La Araucanía,9,Cunco,9103,5,2020-01-06
La Araucanía,9,Cunco,9103,1,2020-01-07
La Araucanía,9,Cunco,9103,1,2020-01-09
La Araucanía,9,Cunco,9103,1,2020-01-13
La Araucanía,9,Cunco,9103,1,2020-01-15
La Araucanía,9,Cunco,9103,1,2020-01-17
La Araucanía,9,Cunco,9103,2,2020-01-20
La Araucanía,9,Cunco,9103,1,2020-01-21
La Araucanía,9,Cunco,9103,2,2020-01-23
La Araucanía,9,Cunco,9103,1,2020-01-27
La Araucanía,9,Cunco,9103,1,2020-02-03
La Araucanía,9,Cunco,9103,1,2020-02-04
La Araucanía,9,Cunco,9103,1,2020-02-11
La Araucanía,9,Cunco,9103,2,2020-02-17
La Araucanía,9,Cunco,9103,1,2020-02-21
La Araucanía,9,Cunco,9103,2,2020-02-24
La Araucanía,9,Cunco,9103,1,2020-02-28
La Araucanía,9,Cunco,9103,1,2020-03-02
La Araucanía,9,Cunco,9103,1,2020-03-17
La Araucanía,9,Cunco,9103,1,2020-03-20
La Araucanía,9,Cunco,9103,1,2020-03-23
La Araucanía,9,Cunco,9103,2,2020-04-03
La Araucanía,9,Cunco,9103,1,2020-04-06
La Araucanía,9,Cunco,9103,5,2020-04-13
La Araucanía,9,Cunco,9103,2,2020-04-15
La Araucanía,9,Cunco,9103,1,2020-04-16
La Araucanía,9,Cunco,9103,1,2020-04-23
La Araucanía,9,Cunco,9103,1,2020-04-27
La Araucanía,9,Cunco,9103,1,2020-04-28
La Araucanía,9,Cunco,9103,1,2020-04-29
La Araucanía,9,Cunco,9103,1,2020-05-04
La Araucanía,9,Cunco,9103,1,2020-05-07
La Araucanía,9,Cunco,9103,1,2020-05-11
La Araucanía,9,Cunco,9103,1,2020-05-14
La Araucanía,9,Cunco,9103,2,2020-05-20
La Araucanía,9,Cunco,9103,1,2020-05-22
La Araucanía,9,Cunco,9103,4,2020-05-27
La Araucanía,9,Cunco,9103,1,2020-06-01
La Araucanía,9,Cunco,9103,1,2020-06-03
La Araucanía,9,Cunco,9103,1,2020-06-05
La Araucanía,9,Cunco,9103,2,2020-06-08
La Araucanía,9,Cunco,9103,1,2020-06-10
La Araucanía,9,Cunco,9103,1,2020-06-11
La Araucanía,9,Cunco,9103,1,2020-06-12
La Araucanía,9,Cunco,9103,2,2020-06-15
La Araucanía,9,Cunco,9103,1,2020-06-17
La Araucanía,9,Cunco,9103,1,2020-06-22
La Araucanía,9,Cunco,9103,1,2020-06-24
La Araucanía,9,Cunco,9103,1,2020-06-26
La Araucanía,9,Cunco,9103,3,2020-06-30
La Araucanía,9,Cunco,9103,1,2020-07-03
La Araucanía,9,Cunco,9103,1,2020-07-10
La Araucanía,9,Cunco,9103,2,2020-07-13
La Araucanía,9,Cunco,9103,2,2020-07-27
La Araucanía,9,Cunco,9103,2,2020-07-29
La Araucanía,9,Cunco,9103,1,2020-08-03
La Araucanía,9,Cunco,9103,1,2020-08-05
La Araucanía,9,Cunco,9103,1,2020-08-12
La Araucanía,9,Cunco,9103,1,2020-08-17
La Araucanía,9,Cunco,9103,1,2020-08-19
La Araucanía,9,Cunco,9103,1,2020-08-21
La Araucanía,9,Cunco,9103,1,2020-08-24
La Araucanía,9,Cunco,9103,1,2020-08-31
La Araucanía,9,Cunco,9103,1,2020-09-02
La Araucanía,9,Cunco,9103,1,2020-09-07
La Araucanía,9,Cunco,9103,1,2020-09-09
La Araucanía,9,Cunco,9103,1,2020-09-14
La Araucanía,9,Cunco,9103,1,2020-09-21
La Araucanía,9,Cunco,9103,1,2020-09-25
La Araucanía,9,Cunco,9103,2,2020-09-28
La Araucanía,9,Cunco,9103,1,2020-09-30
La Araucanía,9,Cunco,9103,2,2020-10-05
La Araucanía,9,Cunco,9103,1,2020-10-09
La Araucanía,9,Cunco,9103,3,2020-10-14
La Araucanía,9,Cunco,9103,1,2020-10-16
La Araucanía,9,Cunco,9103,1,2020-10-23
La Araucanía,9,Cunco,9103,1,2020-10-26
La Araucanía,9,Cunco,9103,1,2020-10-28
La Araucanía,9,Cunco,9103,1,2020-10-30
La Araucanía,9,Cunco,9103,1,2020-11-02
La Araucanía,9,Cunco,9103,1,2020-11-06
La Araucanía,9,Cunco,9103,1,2020-11-09
La Araucanía,9,Cunco,9103,2,2020-11-11
La Araucanía,9,Cunco,9103,2,2020-11-13
La Araucanía,9,Cunco,9103,1,2020-11-16
La Araucanía,9,Cunco,9103,2,2020-11-20
La Araucanía,9,Cunco,9103,1,2020-11-23
La Araucanía,9,Cunco,9103,1,2020-11-25
La Araucanía,9,Cunco,9103,1,2020-12-04
La Araucanía,9,Cunco,9103,1,2020-12-07
La Araucanía,9,Cunco,9103,1,2020-12-09
La Araucanía,9,Cunco,9103,1,2020-12-15
La Araucanía,9,Cunco,9103,1,2020-12-16
La Araucanía,9,Cunco,9103,1,2020-12-22
La Araucanía,9,Cunco,9103,1,2020-12-23
La Araucanía,9,Cunco,9103,1,2020-12-28
La Araucanía,9,Cunco,9103,2,2020-12-29
La Araucanía,9,Cunco,9103,1,2020-12-30
La Araucanía,9,Cunco,9103,1,2020-12-31
La Araucanía,9,Cunco,9103,3,2021-01-04
La Araucanía,9,Cunco,9103,1,2021-01-07
La Araucanía,9,Cunco,9103,1,2021-01-08
La Araucanía,9,Cunco,9103,2,2021-01-11
La Araucanía,9,Curarrehue,9104,1,2020-01-03
La Araucanía,9,Curarrehue,9104,1,2020-01-06
La Araucanía,9,Curarrehue,9104,1,2020-01-08
La Araucanía,9,Curarrehue,9104,1,2020-01-27
La Araucanía,9,Curarrehue,9104,1,2020-04-06
La Araucanía,9,Curarrehue,9104,1,2020-04-09
La Araucanía,9,Curarrehue,9104,1,2020-04-13
La Araucanía,9,Curarrehue,9104,1,2020-04-30
La Araucanía,9,Curarrehue,9104,1,2020-05-07
La Araucanía,9,Curarrehue,9104,1,2020-05-15
La Araucanía,9,Curarrehue,9104,1,2020-05-18
La Araucanía,9,Curarrehue,9104,1,2020-05-20
La Araucanía,9,Curarrehue,9104,1,2020-05-25
La Araucanía,9,Curarrehue,9104,2,2020-06-01
La Araucanía,9,Curarrehue,9104,1,2020-06-05
La Araucanía,9,Curarrehue,9104,1,2020-06-24
La Araucanía,9,Curarrehue,9104,1,2020-07-27
La Araucanía,9,Curarrehue,9104,1,2020-08-19
La Araucanía,9,Curarrehue,9104,1,2020-08-21
La Araucanía,9,Curarrehue,9104,1,2020-08-24
La Araucanía,9,Curarrehue,9104,1,2020-10-19
La Araucanía,9,Curarrehue,9104,1,2020-12-09
La Araucanía,9,Curarrehue,9104,1,2020-12-23
La Araucanía,9,Curarrehue,9104,1,2020-12-28
La Araucanía,9,Freire,9105,2,2020-01-02
La Araucanía,9,Freire,9105,1,2020-01-03
La Araucanía,9,Freire,9105,1,2020-01-08
La Araucanía,9,Freire,9105,1,2020-01-13
La Araucanía,9,Freire,9105,1,2020-01-14
La Araucanía,9,Freire,9105,2,2020-01-16
La Araucanía,9,Freire,9105,1,2020-01-24
La Araucanía,9,Freire,9105,1,2020-01-27
La Araucanía,9,Freire,9105,1,2020-01-29
La Araucanía,9,Freire,9105,2,2020-02-10
La Araucanía,9,Freire,9105,1,2020-02-11
La Araucanía,9,Freire,9105,1,2020-02-13
La Araucanía,9,Freire,9105,1,2020-02-24
La Araucanía,9,Freire,9105,1,2020-02-27
La Araucanía,9,Freire,9105,1,2020-02-28
La Araucanía,9,Freire,9105,1,2020-03-02
La Araucanía,9,Freire,9105,1,2020-03-09
La Araucanía,9,Freire,9105,1,2020-03-11
La Araucanía,9,Freire,9105,1,2020-03-20
La Araucanía,9,Freire,9105,1,2020-03-23
La Araucanía,9,Freire,9105,1,2020-03-25
La Araucanía,9,Freire,9105,1,2020-04-01
La Araucanía,9,Freire,9105,1,2020-04-09
La Araucanía,9,Freire,9105,2,2020-04-13
La Araucanía,9,Freire,9105,3,2020-04-16
La Araucanía,9,Freire,9105,1,2020-04-20
La Araucanía,9,Freire,9105,1,2020-04-21
La Araucanía,9,Freire,9105,1,2020-04-23
La Araucanía,9,Freire,9105,3,2020-04-27
La Araucanía,9,Freire,9105,1,2020-05-04
La Araucanía,9,Freire,9105,1,2020-05-06
La Araucanía,9,Freire,9105,3,2020-05-13
La Araucanía,9,Freire,9105,3,2020-05-18
La Araucanía,9,Freire,9105,2,2020-05-22
La Araucanía,9,Freire,9105,3,2020-05-25
La Araucanía,9,Freire,9105,1,2020-05-27
La Araucanía,9,Freire,9105,2,2020-06-01
La Araucanía,9,Freire,9105,2,2020-06-05
La Araucanía,9,Freire,9105,2,2020-06-08
La Araucanía,9,Freire,9105,1,2020-06-15
La Araucanía,9,Freire,9105,1,2020-06-17
La Araucanía,9,Freire,9105,1,2020-06-22
La Araucanía,9,Freire,9105,1,2020-06-26
La Araucanía,9,Freire,9105,5,2020-06-30
La Araucanía,9,Freire,9105,1,2020-07-01
La Araucanía,9,Freire,9105,1,2020-07-09
La Araucanía,9,Freire,9105,2,2020-07-10
La Araucanía,9,Freire,9105,1,2020-07-13
La Araucanía,9,Freire,9105,1,2020-07-15
La Araucanía,9,Freire,9105,3,2020-07-20
La Araucanía,9,Freire,9105,2,2020-07-21
La Araucanía,9,Freire,9105,1,2020-07-22
La Araucanía,9,Freire,9105,1,2020-07-24
La Araucanía,9,Freire,9105,3,2020-07-27
La Araucanía,9,Freire,9105,2,2020-07-30
La Araucanía,9,Freire,9105,1,2020-08-03
La Araucanía,9,Freire,9105,3,2020-08-05
La Araucanía,9,Freire,9105,1,2020-08-10
La Araucanía,9,Freire,9105,3,2020-08-17
La Araucanía,9,Freire,9105,1,2020-08-19
La Araucanía,9,Freire,9105,1,2020-08-24
La Araucanía,9,Freire,9105,1,2020-08-28
La Araucanía,9,Freire,9105,1,2020-08-31
La Araucanía,9,Freire,9105,1,2020-09-03
La Araucanía,9,Freire,9105,1,2020-09-07
La Araucanía,9,Freire,9105,2,2020-09-09
La Araucanía,9,Freire,9105,1,2020-09-14
La Araucanía,9,Freire,9105,2,2020-09-21
La Araucanía,9,Freire,9105,2,2020-09-22
La Araucanía,9,Freire,9105,1,2020-09-23
La Araucanía,9,Freire,9105,1,2020-09-29
La Araucanía,9,Freire,9105,0,2020-10-01
La Araucanía,9,Freire,9105,1,2020-10-05
La Araucanía,9,Freire,9105,1,2020-10-06
La Araucanía,9,Freire,9105,2,2020-10-07
La Araucanía,9,Freire,9105,3,2020-10-13
La Araucanía,9,Freire,9105,2,2020-10-14
La Araucanía,9,Freire,9105,1,2020-10-21
La Araucanía,9,Freire,9105,1,2020-10-26
La Araucanía,9,Freire,9105,1,2020-10-29
La Araucanía,9,Freire,9105,1,2020-11-02
La Araucanía,9,Freire,9105,1,2020-11-03
La Araucanía,9,Freire,9105,1,2020-11-04
La Araucanía,9,Freire,9105,1,2020-11-06
La Araucanía,9,Freire,9105,2,2020-11-09
La Araucanía,9,Freire,9105,1,2020-11-13
La Araucanía,9,Freire,9105,1,2020-11-17
La Araucanía,9,Freire,9105,2,2020-11-23
La Araucanía,9,Freire,9105,2,2020-11-25
La Araucanía,9,Freire,9105,1,2020-11-26
La Araucanía,9,Freire,9105,2,2020-11-30
La Araucanía,9,Freire,9105,1,2020-12-01
La Araucanía,9,Freire,9105,1,2020-12-09
La Araucanía,9,Freire,9105,1,2020-12-11
La Araucanía,9,Freire,9105,2,2020-12-14
La Araucanía,9,Freire,9105,1,2020-12-21
La Araucanía,9,Freire,9105,1,2020-12-23
La Araucanía,9,Freire,9105,1,2020-12-28
La Araucanía,9,Freire,9105,1,2020-12-30
La Araucanía,9,Freire,9105,2,2021-01-08
La Araucanía,9,Freire,9105,2,2021-01-11
La Araucanía,9,Freire,9105,1,2021-01-12
La Araucanía,9,Freire,9105,1,2021-01-13
La Araucanía,9,Galvarino,9106,1,2020-01-06
La Araucanía,9,Galvarino,9106,1,2020-01-24
La Araucanía,9,Galvarino,9106,1,2020-02-03
La Araucanía,9,Galvarino,9106,1,2020-02-10
La Araucanía,9,Galvarino,9106,3,2020-02-17
La Araucanía,9,Galvarino,9106,1,2020-02-19
La Araucanía,9,Galvarino,9106,2,2020-02-27
La Araucanía,9,Galvarino,9106,2,2020-03-03
La Araucanía,9,Galvarino,9106,1,2020-03-17
La Araucanía,9,Galvarino,9106,1,2020-03-30
La Araucanía,9,Galvarino,9106,1,2020-04-09
La Araucanía,9,Galvarino,9106,1,2020-04-14
La Araucanía,9,Galvarino,9106,1,2020-04-20
La Araucanía,9,Galvarino,9106,1,2020-04-21
La Araucanía,9,Galvarino,9106,1,2020-05-04
La Araucanía,9,Galvarino,9106,1,2020-05-07
La Araucanía,9,Galvarino,9106,1,2020-05-08
La Araucanía,9,Galvarino,9106,2,2020-05-11
La Araucanía,9,Galvarino,9106,1,2020-05-12
La Araucanía,9,Galvarino,9106,1,2020-05-13
La Araucanía,9,Galvarino,9106,1,2020-05-18
La Araucanía,9,Galvarino,9106,1,2020-05-19
La Araucanía,9,Galvarino,9106,2,2020-05-29
La Araucanía,9,Galvarino,9106,1,2020-06-05
La Araucanía,9,Galvarino,9106,1,2020-06-10
La Araucanía,9,Galvarino,9106,1,2020-06-12
La Araucanía,9,Galvarino,9106,1,2020-06-15
La Araucanía,9,Galvarino,9106,3,2020-06-23
La Araucanía,9,Galvarino,9106,1,2020-06-30
La Araucanía,9,Galvarino,9106,1,2020-07-03
La Araucanía,9,Galvarino,9106,1,2020-07-14
La Araucanía,9,Galvarino,9106,1,2020-07-28
La Araucanía,9,Galvarino,9106,2,2020-08-03
La Araucanía,9,Galvarino,9106,1,2020-08-05
La Araucanía,9,Galvarino,9106,1,2020-08-11
La Araucanía,9,Galvarino,9106,1,2020-08-12
La Araucanía,9,Galvarino,9106,2,2020-08-13
La Araucanía,9,Galvarino,9106,1,2020-08-19
La Araucanía,9,Galvarino,9106,1,2020-09-09
La Araucanía,9,Galvarino,9106,1,2020-09-15
La Araucanía,9,Galvarino,9106,1,2020-09-24
La Araucanía,9,Galvarino,9106,1,2020-09-28
La Araucanía,9,Galvarino,9106,2,2020-10-13
La Araucanía,9,Galvarino,9106,2,2020-10-14
La Araucanía,9,Galvarino,9106,1,2020-10-16
La Araucanía,9,Galvarino,9106,1,2020-10-19
La Araucanía,9,Galvarino,9106,1,2020-10-20
La Araucanía,9,Galvarino,9106,1,2020-10-22
La Araucanía,9,Galvarino,9106,1,2020-10-27
La Araucanía,9,Galvarino,9106,1,2020-10-28
La Araucanía,9,Galvarino,9106,2,2020-10-30
La Araucanía,9,Galvarino,9106,2,2020-11-02
La Araucanía,9,Galvarino,9106,1,2020-11-05
La Araucanía,9,Galvarino,9106,1,2020-11-09
La Araucanía,9,Galvarino,9106,1,2020-11-13
La Araucanía,9,Galvarino,9106,1,2020-11-16
La Araucanía,9,Galvarino,9106,1,2020-11-20
La Araucanía,9,Galvarino,9106,1,2020-11-23
La Araucanía,9,Galvarino,9106,1,2020-11-24
La Araucanía,9,Galvarino,9106,1,2020-11-27
La Araucanía,9,Galvarino,9106,1,2020-12-01
La Araucanía,9,Galvarino,9106,1,2020-12-04
La Araucanía,9,Galvarino,9106,1,2020-12-07
La Araucanía,9,Galvarino,9106,1,2020-12-14
La Araucanía,9,Galvarino,9106,1,2020-12-16
La Araucanía,9,Galvarino,9106,1,2020-12-21
La Araucanía,9,Galvarino,9106,1,2020-12-23
La Araucanía,9,Galvarino,9106,2,2020-12-28
La Araucanía,9,Galvarino,9106,1,2021-01-08
La Araucanía,9,Galvarino,9106,2,2021-01-11
La Araucanía,9,Gorbea,9107,1,2020-01-02
La Araucanía,9,Gorbea,9107,1,2020-01-10
La Araucanía,9,Gorbea,9107,3,2020-01-20
La Araucanía,9,Gorbea,9107,1,2020-01-22
La Araucanía,9,Gorbea,9107,1,2020-01-23
La Araucanía,9,Gorbea,9107,1,2020-01-29
La Araucanía,9,Gorbea,9107,2,2020-01-31
La Araucanía,9,Gorbea,9107,1,2020-02-03
La Araucanía,9,Gorbea,9107,1,2020-02-04
La Araucanía,9,Gorbea,9107,1,2020-02-07
La Araucanía,9,Gorbea,9107,2,2020-02-10
La Araucanía,9,Gorbea,9107,1,2020-02-11
La Araucanía,9,Gorbea,9107,1,2020-02-13
La Araucanía,9,Gorbea,9107,1,2020-02-17
La Araucanía,9,Gorbea,9107,1,2020-02-21
La Araucanía,9,Gorbea,9107,1,2020-02-26
La Araucanía,9,Gorbea,9107,2,2020-03-02
La Araucanía,9,Gorbea,9107,1,2020-03-03
La Araucanía,9,Gorbea,9107,1,2020-03-12
La Araucanía,9,Gorbea,9107,1,2020-03-23
La Araucanía,9,Gorbea,9107,1,2020-03-24
La Araucanía,9,Gorbea,9107,1,2020-03-25
La Araucanía,9,Gorbea,9107,1,2020-03-30
La Araucanía,9,Gorbea,9107,1,2020-04-12
La Araucanía,9,Gorbea,9107,2,2020-04-13
La Araucanía,9,Gorbea,9107,1,2020-04-15
La Araucanía,9,Gorbea,9107,1,2020-04-17
La Araucanía,9,Gorbea,9107,3,2020-04-20
La Araucanía,9,Gorbea,9107,1,2020-04-29
La Araucanía,9,Gorbea,9107,2,2020-04-30
La Araucanía,9,Gorbea,9107,1,2020-05-15
La Araucanía,9,Gorbea,9107,2,2020-05-22
La Araucanía,9,Gorbea,9107,3,2020-05-26
La Araucanía,9,Gorbea,9107,2,2020-06-05
La Araucanía,9,Gorbea,9107,2,2020-06-08
La Araucanía,9,Gorbea,9107,1,2020-06-10
La Araucanía,9,Gorbea,9107,2,2020-06-12
La Araucanía,9,Gorbea,9107,1,2020-06-17
La Araucanía,9,Gorbea,9107,1,2020-06-18
La Araucanía,9,Gorbea,9107,1,2020-06-19
La Araucanía,9,Gorbea,9107,1,2020-06-25
La Araucanía,9,Gorbea,9107,1,2020-06-26
La Araucanía,9,Gorbea,9107,1,2020-07-08
La Araucanía,9,Gorbea,9107,1,2020-07-10
La Araucanía,9,Gorbea,9107,1,2020-07-13
La Araucanía,9,Gorbea,9107,1,2020-07-15
La Araucanía,9,Gorbea,9107,1,2020-07-20
La Araucanía,9,Gorbea,9107,1,2020-07-22
La Araucanía,9,Gorbea,9107,1,2020-07-24
La Araucanía,9,Gorbea,9107,1,2020-08-10
La Araucanía,9,Gorbea,9107,1,2020-08-28
La Araucanía,9,Gorbea,9107,3,2020-08-31
La Araucanía,9,Gorbea,9107,1,2020-09-03
La Araucanía,9,Gorbea,9107,1,2020-09-05
La Araucanía,9,Gorbea,9107,1,2020-09-08
La Araucanía,9,Gorbea,9107,1,2020-09-09
La Araucanía,9,Gorbea,9107,1,2020-09-11
La Araucanía,9,Gorbea,9107,2,2020-09-14
La Araucanía,9,Gorbea,9107,2,2020-09-17
La Araucanía,9,Gorbea,9107,1,2020-09-21
La Araucanía,9,Gorbea,9107,1,2020-09-25
La Araucanía,9,Gorbea,9107,2,2020-09-28
La Araucanía,9,Gorbea,9107,1,2020-10-01
La Araucanía,9,Gorbea,9107,1,2020-10-05
La Araucanía,9,Gorbea,9107,2,2020-10-07
La Araucanía,9,Gorbea,9107,1,2020-10-16
La Araucanía,9,Gorbea,9107,1,2020-10-19
La Araucanía,9,Gorbea,9107,2,2020-10-26
La Araucanía,9,Gorbea,9107,1,2020-10-28
La Araucanía,9,Gorbea,9107,3,2020-11-02
La Araucanía,9,Gorbea,9107,1,2020-11-10
La Araucanía,9,Gorbea,9107,1,2020-11-11
La Araucanía,9,Gorbea,9107,1,2020-11-16
La Araucanía,9,Gorbea,9107,1,2020-11-17
La Araucanía,9,Gorbea,9107,1,2020-11-19
La Araucanía,9,Gorbea,9107,1,2020-11-30
La Araucanía,9,Gorbea,9107,1,2020-12-02
La Araucanía,9,Gorbea,9107,2,2020-12-17
La Araucanía,9,Gorbea,9107,3,2020-12-28
La Araucanía,9,Gorbea,9107,2,2020-12-30
La Araucanía,9,Gorbea,9107,1,2021-01-04
La Araucanía,9,Gorbea,9107,1,2021-01-11
La Araucanía,9,Lautaro,9108,1,2020-01-03
La Araucanía,9,Lautaro,9108,2,2020-01-07
La Araucanía,9,Lautaro,9108,2,2020-01-10
La Araucanía,9,Lautaro,9108,1,2020-01-13
La Araucanía,9,Lautaro,9108,1,2020-01-14
La Araucanía,9,Lautaro,9108,1,2020-01-15
La Araucanía,9,Lautaro,9108,2,2020-01-20
La Araucanía,9,Lautaro,9108,1,2020-01-24
La Araucanía,9,Lautaro,9108,2,2020-01-27
La Araucanía,9,Lautaro,9108,1,2020-01-28
La Araucanía,9,Lautaro,9108,2,2020-01-29
La Araucanía,9,Lautaro,9108,1,2020-01-30
La Araucanía,9,Lautaro,9108,1,2020-02-03
La Araucanía,9,Lautaro,9108,3,2020-02-04
La Araucanía,9,Lautaro,9108,1,2020-02-05
La Araucanía,9,Lautaro,9108,1,2020-02-06
La Araucanía,9,Lautaro,9108,1,2020-02-07
La Araucanía,9,Lautaro,9108,3,2020-02-10
La Araucanía,9,Lautaro,9108,1,2020-02-13
La Araucanía,9,Lautaro,9108,1,2020-02-14
La Araucanía,9,Lautaro,9108,4,2020-02-17
La Araucanía,9,Lautaro,9108,1,2020-02-18
La Araucanía,9,Lautaro,9108,2,2020-02-19
La Araucanía,9,Lautaro,9108,5,2020-02-24
La Araucanía,9,Lautaro,9108,1,2020-02-25
La Araucanía,9,Lautaro,9108,1,2020-02-26
La Araucanía,9,Lautaro,9108,2,2020-02-27
La Araucanía,9,Lautaro,9108,3,2020-03-02
La Araucanía,9,Lautaro,9108,2,2020-03-03
La Araucanía,9,Lautaro,9108,1,2020-03-05
La Araucanía,9,Lautaro,9108,1,2020-03-06
La Araucanía,9,Lautaro,9108,1,2020-03-09
La Araucanía,9,Lautaro,9108,2,2020-03-10
La Araucanía,9,Lautaro,9108,1,2020-03-13
La Araucanía,9,Lautaro,9108,6,2020-03-16
La Araucanía,9,Lautaro,9108,1,2020-03-17
La Araucanía,9,Lautaro,9108,1,2020-03-18
La Araucanía,9,Lautaro,9108,1,2020-03-19
La Araucanía,9,Lautaro,9108,3,2020-03-26
La Araucanía,9,Lautaro,9108,1,2020-03-27
La Araucanía,9,Lautaro,9108,3,2020-04-01
La Araucanía,9,Lautaro,9108,1,2020-04-06
La Araucanía,9,Lautaro,9108,1,2020-04-07
La Araucanía,9,Lautaro,9108,1,2020-04-08
La Araucanía,9,Lautaro,9108,2,2020-04-10
La Araucanía,9,Lautaro,9108,5,2020-04-13
La Araucanía,9,Lautaro,9108,2,2020-04-14
La Araucanía,9,Lautaro,9108,1,2020-04-16
La Araucanía,9,Lautaro,9108,3,2020-04-20
La Araucanía,9,Lautaro,9108,2,2020-04-21
La Araucanía,9,Lautaro,9108,2,2020-04-22
La Araucanía,9,Lautaro,9108,2,2020-04-23
La Araucanía,9,Lautaro,9108,1,2020-04-27
La Araucanía,9,Lautaro,9108,1,2020-04-28
La Araucanía,9,Lautaro,9108,2,2020-04-30
La Araucanía,9,Lautaro,9108,2,2020-05-04
La Araucanía,9,Lautaro,9108,1,2020-05-05
La Araucanía,9,Lautaro,9108,2,2020-05-06
La Araucanía,9,Lautaro,9108,2,2020-05-12
La Araucanía,9,Lautaro,9108,2,2020-05-15
La Araucanía,9,Lautaro,9108,2,2020-05-18
La Araucanía,9,Lautaro,9108,1,2020-05-19
La Araucanía,9,Lautaro,9108,6,2020-05-22
La Araucanía,9,Lautaro,9108,2,2020-05-25
La Araucanía,9,Lautaro,9108,1,2020-05-28
La Araucanía,9,Lautaro,9108,1,2020-05-29
La Araucanía,9,Lautaro,9108,1,2020-06-01
La Araucanía,9,Lautaro,9108,1,2020-06-02
La Araucanía,9,Lautaro,9108,4,2020-06-08
La Araucanía,9,Lautaro,9108,1,2020-06-09
La Araucanía,9,Lautaro,9108,1,2020-06-11
La Araucanía,9,Lautaro,9108,1,2020-06-12
La Araucanía,9,Lautaro,9108,2,2020-06-15
La Araucanía,9,Lautaro,9108,2,2020-06-17
La Araucanía,9,Lautaro,9108,1,2020-06-19
La Araucanía,9,Lautaro,9108,1,2020-06-22
La Araucanía,9,Lautaro,9108,2,2020-06-24
La Araucanía,9,Lautaro,9108,1,2020-06-26
La Araucanía,9,Lautaro,9108,2,2020-06-30
La Araucanía,9,Lautaro,9108,1,2020-07-02
La Araucanía,9,Lautaro,9108,3,2020-07-06
La Araucanía,9,Lautaro,9108,1,2020-07-14
La Araucanía,9,Lautaro,9108,1,2020-07-15
La Araucanía,9,Lautaro,9108,2,2020-07-17
La Araucanía,9,Lautaro,9108,5,2020-07-20
La Araucanía,9,Lautaro,9108,2,2020-07-21
La Araucanía,9,Lautaro,9108,2,2020-07-22
La Araucanía,9,Lautaro,9108,1,2020-07-23
La Araucanía,9,Lautaro,9108,1,2020-07-27
La Araucanía,9,Lautaro,9108,1,2020-07-28
La Araucanía,9,Lautaro,9108,3,2020-07-31
La Araucanía,9,Lautaro,9108,4,2020-08-03
La Araucanía,9,Lautaro,9108,3,2020-08-06
La Araucanía,9,Lautaro,9108,3,2020-08-10
La Araucanía,9,Lautaro,9108,3,2020-08-12
La Araucanía,9,Lautaro,9108,1,2020-08-18
La Araucanía,9,Lautaro,9108,1,2020-08-21
La Araucanía,9,Lautaro,9108,2,2020-08-24
La Araucanía,9,Lautaro,9108,1,2020-08-25
La Araucanía,9,Lautaro,9108,1,2020-08-26
La Araucanía,9,Lautaro,9108,1,2020-08-28
La Araucanía,9,Lautaro,9108,2,2020-08-31
La Araucanía,9,Lautaro,9108,1,2020-09-02
La Araucanía,9,Lautaro,9108,2,2020-09-07
La Araucanía,9,Lautaro,9108,1,2020-09-08
La Araucanía,9,Lautaro,9108,1,2020-09-11
La Araucanía,9,Lautaro,9108,1,2020-09-16
La Araucanía,9,Lautaro,9108,1,2020-09-20
La Araucanía,9,Lautaro,9108,1,2020-09-21
La Araucanía,9,Lautaro,9108,1,2020-09-23
La Araucanía,9,Lautaro,9108,1,2020-09-25
La Araucanía,9,Lautaro,9108,2,2020-09-28
La Araucanía,9,Lautaro,9108,1,2020-10-01
La Araucanía,9,Lautaro,9108,1,2020-10-02
La Araucanía,9,Lautaro,9108,2,2020-10-05
La Araucanía,9,Lautaro,9108,1,2020-10-06
La Araucanía,9,Lautaro,9108,1,2020-10-08
La Araucanía,9,Lautaro,9108,1,2020-10-09
La Araucanía,9,Lautaro,9108,3,2020-10-13
La Araucanía,9,Lautaro,9108,2,2020-10-14
La Araucanía,9,Lautaro,9108,1,2020-10-15
La Araucanía,9,Lautaro,9108,3,2020-10-19
La Araucanía,9,Lautaro,9108,1,2020-10-20
La Araucanía,9,Lautaro,9108,2,2020-10-26
La Araucanía,9,Lautaro,9108,2,2020-10-27
La Araucanía,9,Lautaro,9108,1,2020-10-29
La Araucanía,9,Lautaro,9108,4,2020-10-30
La Araucanía,9,Lautaro,9108,2,2020-11-02
La Araucanía,9,Lautaro,9108,2,2020-11-04
La Araucanía,9,Lautaro,9108,3,2020-11-05
La Araucanía,9,Lautaro,9108,3,2020-11-09
La Araucanía,9,Lautaro,9108,1,2020-11-10
La Araucanía,9,Lautaro,9108,1,2020-11-12
La Araucanía,9,Lautaro,9108,1,2020-11-13
La Araucanía,9,Lautaro,9108,1,2020-11-17
La Araucanía,9,Lautaro,9108,1,2020-11-19
La Araucanía,9,Lautaro,9108,1,2020-11-20
La Araucanía,9,Lautaro,9108,4,2020-11-23
La Araucanía,9,Lautaro,9108,1,2020-11-24
La Araucanía,9,Lautaro,9108,1,2020-11-27
La Araucanía,9,Lautaro,9108,5,2020-11-30
La Araucanía,9,Lautaro,9108,1,2020-12-01
La Araucanía,9,Lautaro,9108,3,2020-12-04
La Araucanía,9,Lautaro,9108,6,2020-12-07
La Araucanía,9,Lautaro,9108,2,2020-12-11
La Araucanía,9,Lautaro,9108,2,2020-12-14
La Araucanía,9,Lautaro,9108,1,2020-12-16
La Araucanía,9,Lautaro,9108,1,2020-12-17
La Araucanía,9,Lautaro,9108,2,2020-12-21
La Araucanía,9,Lautaro,9108,3,2020-12-28
La Araucanía,9,Lautaro,9108,1,2020-12-29
La Araucanía,9,Lautaro,9108,1,2020-12-30
La Araucanía,9,Lautaro,9108,1,2021-01-04
La Araucanía,9,Lautaro,9108,2,2021-01-07
La Araucanía,9,Lautaro,9108,1,2021-01-11
La Araucanía,9,Lautaro,9108,3,2021-01-12
La Araucanía,9,Loncoche,9109,4,2020-01-02
La Araucanía,9,Loncoche,9109,1,2020-01-03
La Araucanía,9,Loncoche,9109,1,2020-01-06
La Araucanía,9,Loncoche,9109,1,2020-01-07
La Araucanía,9,Loncoche,9109,1,2020-01-09
La Araucanía,9,Loncoche,9109,1,2020-01-13
La Araucanía,9,Loncoche,9109,1,2020-01-15
La Araucanía,9,Loncoche,9109,1,2020-01-17
La Araucanía,9,Loncoche,9109,1,2020-01-20
La Araucanía,9,Loncoche,9109,1,2020-01-21
La Araucanía,9,Loncoche,9109,1,2020-01-22
La Araucanía,9,Loncoche,9109,2,2020-01-27
La Araucanía,9,Loncoche,9109,1,2020-01-28
La Araucanía,9,Loncoche,9109,1,2020-01-30
La Araucanía,9,Loncoche,9109,1,2020-01-31
La Araucanía,9,Loncoche,9109,1,2020-02-03
La Araucanía,9,Loncoche,9109,1,2020-02-12
La Araucanía,9,Loncoche,9109,1,2020-02-13
La Araucanía,9,Loncoche,9109,1,2020-02-25
La Araucanía,9,Loncoche,9109,2,2020-03-02
La Araucanía,9,Loncoche,9109,1,2020-03-06
La Araucanía,9,Loncoche,9109,1,2020-03-10
La Araucanía,9,Loncoche,9109,2,2020-03-16
La Araucanía,9,Loncoche,9109,1,2020-03-23
La Araucanía,9,Loncoche,9109,1,2020-03-25
La Araucanía,9,Loncoche,9109,1,2020-03-27
La Araucanía,9,Loncoche,9109,1,2020-04-01
La Araucanía,9,Loncoche,9109,1,2020-04-03
La Araucanía,9,Loncoche,9109,3,2020-04-06
La Araucanía,9,Loncoche,9109,4,2020-04-14
La Araucanía,9,Loncoche,9109,2,2020-04-16
La Araucanía,9,Loncoche,9109,2,2020-04-21
La Araucanía,9,Loncoche,9109,1,2020-04-28
La Araucanía,9,Loncoche,9109,1,2020-05-05
La Araucanía,9,Loncoche,9109,3,2020-05-07
La Araucanía,9,Loncoche,9109,1,2020-05-14
La Araucanía,9,Loncoche,9109,1,2020-05-15
La Araucanía,9,Loncoche,9109,2,2020-05-19
La Araucanía,9,Loncoche,9109,1,2020-05-20
La Araucanía,9,Loncoche,9109,1,2020-05-22
La Araucanía,9,Loncoche,9109,3,2020-05-26
La Araucanía,9,Loncoche,9109,1,2020-06-02
La Araucanía,9,Loncoche,9109,1,2020-06-04
La Araucanía,9,Loncoche,9109,4,2020-06-09
La Araucanía,9,Loncoche,9109,2,2020-06-11
La Araucanía,9,Loncoche,9109,1,2020-06-14
La Araucanía,9,Loncoche,9109,3,2020-06-16
La Araucanía,9,Loncoche,9109,1,2020-06-18
La Araucanía,9,Loncoche,9109,3,2020-06-23
La Araucanía,9,Loncoche,9109,1,2020-06-24
La Araucanía,9,Loncoche,9109,1,2020-06-25
La Araucanía,9,Loncoche,9109,1,2020-06-26
La Araucanía,9,Loncoche,9109,1,2020-06-28
La Araucanía,9,Loncoche,9109,3,2020-06-30
La Araucanía,9,Loncoche,9109,2,2020-07-02
La Araucanía,9,Loncoche,9109,1,2020-07-07
La Araucanía,9,Loncoche,9109,1,2020-07-09
La Araucanía,9,Loncoche,9109,1,2020-07-11
La Araucanía,9,Loncoche,9109,2,2020-07-14
La Araucanía,9,Loncoche,9109,1,2020-07-15
La Araucanía,9,Loncoche,9109,1,2020-07-18
La Araucanía,9,Loncoche,9109,3,2020-07-21
La Araucanía,9,Loncoche,9109,2,2020-07-24
La Araucanía,9,Loncoche,9109,1,2020-07-30
La Araucanía,9,Loncoche,9109,2,2020-08-04
La Araucanía,9,Loncoche,9109,1,2020-08-07
La Araucanía,9,Loncoche,9109,1,2020-08-10
La Araucanía,9,Loncoche,9109,2,2020-08-11
La Araucanía,9,Loncoche,9109,1,2020-08-14
La Araucanía,9,Loncoche,9109,1,2020-08-17
La Araucanía,9,Loncoche,9109,2,2020-08-24
La Araucanía,9,Loncoche,9109,1,2020-08-25
La Araucanía,9,Loncoche,9109,1,2020-08-26
La Araucanía,9,Loncoche,9109,1,2020-08-31
La Araucanía,9,Loncoche,9109,1,2020-09-03
La Araucanía,9,Loncoche,9109,1,2020-09-04
La Araucanía,9,Loncoche,9109,2,2020-09-07
La Araucanía,9,Loncoche,9109,1,2020-09-09
La Araucanía,9,Loncoche,9109,2,2020-09-10
La Araucanía,9,Loncoche,9109,1,2020-09-11
La Araucanía,9,Loncoche,9109,1,2020-09-16
La Araucanía,9,Loncoche,9109,2,2020-09-21
La Araucanía,9,Loncoche,9109,1,2020-09-24
La Araucanía,9,Loncoche,9109,2,2020-09-28
La Araucanía,9,Loncoche,9109,1,2020-10-05
La Araucanía,9,Loncoche,9109,1,2020-10-09
La Araucanía,9,Loncoche,9109,1,2020-10-13
La Araucanía,9,Loncoche,9109,1,2020-10-15
La Araucanía,9,Loncoche,9109,2,2020-10-19
La Araucanía,9,Loncoche,9109,2,2020-10-21
La Araucanía,9,Loncoche,9109,1,2020-10-26
La Araucanía,9,Loncoche,9109,1,2020-10-27
La Araucanía,9,Loncoche,9109,1,2020-10-28
La Araucanía,9,Loncoche,9109,1,2020-11-03
La Araucanía,9,Loncoche,9109,2,2020-11-04
La Araucanía,9,Loncoche,9109,1,2020-11-05
La Araucanía,9,Loncoche,9109,2,2020-11-09
La Araucanía,9,Loncoche,9109,1,2020-11-11
La Araucanía,9,Loncoche,9109,1,2020-11-13
La Araucanía,9,Loncoche,9109,3,2020-11-16
La Araucanía,9,Loncoche,9109,1,2020-11-17
La Araucanía,9,Loncoche,9109,1,2020-11-23
La Araucanía,9,Loncoche,9109,1,2020-11-24
La Araucanía,9,Loncoche,9109,1,2020-11-26
La Araucanía,9,Loncoche,9109,1,2020-11-27
La Araucanía,9,Loncoche,9109,1,2020-11-30
La Araucanía,9,Loncoche,9109,2,2020-12-09
La Araucanía,9,Loncoche,9109,1,2020-12-10
La Araucanía,9,Loncoche,9109,1,2020-12-14
La Araucanía,9,Loncoche,9109,2,2020-12-17
La Araucanía,9,Loncoche,9109,1,2020-12-22
La Araucanía,9,Loncoche,9109,2,2020-12-28
La Araucanía,9,Loncoche,9109,1,2020-12-29
La Araucanía,9,Loncoche,9109,2,2020-12-31
La Araucanía,9,Loncoche,9109,1,2021-01-04
La Araucanía,9,Loncoche,9109,1,2021-01-06
La Araucanía,9,Loncoche,9109,2,2021-01-11
La Araucanía,9,Melipeuco,9110,1,2020-01-02
La Araucanía,9,Melipeuco,9110,1,2020-02-27
La Araucanía,9,Melipeuco,9110,1,2020-03-02
La Araucanía,9,Melipeuco,9110,1,2020-03-16
La Araucanía,9,Melipeuco,9110,1,2020-03-20
La Araucanía,9,Melipeuco,9110,1,2020-04-13
La Araucanía,9,Melipeuco,9110,1,2020-04-14
La Araucanía,9,Melipeuco,9110,1,2020-04-17
La Araucanía,9,Melipeuco,9110,1,2020-05-04
La Araucanía,9,Melipeuco,9110,1,2020-05-08
La Araucanía,9,Melipeuco,9110,1,2020-05-11
La Araucanía,9,Melipeuco,9110,1,2020-05-18
La Araucanía,9,Melipeuco,9110,1,2020-05-19
La Araucanía,9,Melipeuco,9110,1,2020-06-05
La Araucanía,9,Melipeuco,9110,1,2020-06-10
La Araucanía,9,Melipeuco,9110,1,2020-06-11
La Araucanía,9,Melipeuco,9110,2,2020-06-12
La Araucanía,9,Melipeuco,9110,1,2020-06-30
La Araucanía,9,Melipeuco,9110,1,2020-07-03
La Araucanía,9,Melipeuco,9110,1,2020-07-13
La Araucanía,9,Melipeuco,9110,1,2020-07-24
La Araucanía,9,Melipeuco,9110,2,2020-08-21
La Araucanía,9,Melipeuco,9110,1,2020-09-22
La Araucanía,9,Melipeuco,9110,1,2020-10-05
La Araucanía,9,Melipeuco,9110,1,2020-11-03
La Araucanía,9,Melipeuco,9110,1,2020-11-17
La Araucanía,9,Melipeuco,9110,1,2020-11-30
La Araucanía,9,Melipeuco,9110,1,2020-12-01
La Araucanía,9,Melipeuco,9110,2,2020-12-07
La Araucanía,9,Melipeuco,9110,1,2020-12-15
La Araucanía,9,Melipeuco,9110,1,2021-01-14
La Araucanía,9,Nueva Imperial,9111,3,2020-01-02
La Araucanía,9,Nueva Imperial,9111,4,2020-01-06
La Araucanía,9,Nueva Imperial,9111,3,2020-01-07
La Araucanía,9,Nueva Imperial,9111,1,2020-01-10
La Araucanía,9,Nueva Imperial,9111,3,2020-01-13
La Araucanía,9,Nueva Imperial,9111,4,2020-01-14
La Araucanía,9,Nueva Imperial,9111,1,2020-01-15
La Araucanía,9,Nueva Imperial,9111,1,2020-01-16
La Araucanía,9,Nueva Imperial,9111,1,2020-01-17
La Araucanía,9,Nueva Imperial,9111,1,2020-01-20
La Araucanía,9,Nueva Imperial,9111,1,2020-01-22
La Araucanía,9,Nueva Imperial,9111,2,2020-01-23
La Araucanía,9,Nueva Imperial,9111,1,2020-01-24
La Araucanía,9,Nueva Imperial,9111,1,2020-01-27
La Araucanía,9,Nueva Imperial,9111,1,2020-01-31
La Araucanía,9,Nueva Imperial,9111,1,2020-02-06
La Araucanía,9,Nueva Imperial,9111,1,2020-02-10
La Araucanía,9,Nueva Imperial,9111,1,2020-02-12
La Araucanía,9,Nueva Imperial,9111,1,2020-02-13
La Araucanía,9,Nueva Imperial,9111,2,2020-02-14
La Araucanía,9,Nueva Imperial,9111,1,2020-02-17
La Araucanía,9,Nueva Imperial,9111,4,2020-02-18
La Araucanía,9,Nueva Imperial,9111,2,2020-02-20
La Araucanía,9,Nueva Imperial,9111,2,2020-02-24
La Araucanía,9,Nueva Imperial,9111,1,2020-02-26
La Araucanía,9,Nueva Imperial,9111,2,2020-02-27
La Araucanía,9,Nueva Imperial,9111,5,2020-03-02
La Araucanía,9,Nueva Imperial,9111,2,2020-03-03
La Araucanía,9,Nueva Imperial,9111,4,2020-03-04
La Araucanía,9,Nueva Imperial,9111,1,2020-03-05
La Araucanía,9,Nueva Imperial,9111,3,2020-03-06
La Araucanía,9,Nueva Imperial,9111,2,2020-03-10
La Araucanía,9,Nueva Imperial,9111,1,2020-03-12
La Araucanía,9,Nueva Imperial,9111,1,2020-03-13
La Araucanía,9,Nueva Imperial,9111,2,2020-03-16
La Araucanía,9,Nueva Imperial,9111,2,2020-03-17
La Araucanía,9,Nueva Imperial,9111,3,2020-03-18
La Araucanía,9,Nueva Imperial,9111,4,2020-03-27
La Araucanía,9,Nueva Imperial,9111,3,2020-03-30
La Araucanía,9,Nueva Imperial,9111,1,2020-03-31
La Araucanía,9,Nueva Imperial,9111,2,2020-04-02
La Araucanía,9,Nueva Imperial,9111,1,2020-04-03
La Araucanía,9,Nueva Imperial,9111,3,2020-04-06
La Araucanía,9,Nueva Imperial,9111,2,2020-04-07
La Araucanía,9,Nueva Imperial,9111,2,2020-04-09
La Araucanía,9,Nueva Imperial,9111,3,2020-04-13
La Araucanía,9,Nueva Imperial,9111,1,2020-04-14
La Araucanía,9,Nueva Imperial,9111,3,2020-04-16
La Araucanía,9,Nueva Imperial,9111,3,2020-04-17
La Araucanía,9,Nueva Imperial,9111,4,2020-04-20
La Araucanía,9,Nueva Imperial,9111,3,2020-04-21
La Araucanía,9,Nueva Imperial,9111,1,2020-04-22
La Araucanía,9,Nueva Imperial,9111,2,2020-04-23
La Araucanía,9,Nueva Imperial,9111,2,2020-04-24
La Araucanía,9,Nueva Imperial,9111,1,2020-04-27
La Araucanía,9,Nueva Imperial,9111,1,2020-04-28
La Araucanía,9,Nueva Imperial,9111,1,2020-04-29
La Araucanía,9,Nueva Imperial,9111,1,2020-04-30
La Araucanía,9,Nueva Imperial,9111,4,2020-05-04
La Araucanía,9,Nueva Imperial,9111,2,2020-05-06
La Araucanía,9,Nueva Imperial,9111,1,2020-05-08
La Araucanía,9,Nueva Imperial,9111,1,2020-05-12
La Araucanía,9,Nueva Imperial,9111,4,2020-05-13
La Araucanía,9,Nueva Imperial,9111,1,2020-05-15
La Araucanía,9,Nueva Imperial,9111,2,2020-05-18
La Araucanía,9,Nueva Imperial,9111,2,2020-05-20
La Araucanía,9,Nueva Imperial,9111,1,2020-05-22
La Araucanía,9,Nueva Imperial,9111,2,2020-05-25
La Araucanía,9,Nueva Imperial,9111,1,2020-05-26
La Araucanía,9,Nueva Imperial,9111,1,2020-05-27
La Araucanía,9,Nueva Imperial,9111,1,2020-05-29
La Araucanía,9,Nueva Imperial,9111,5,2020-06-01
La Araucanía,9,Nueva Imperial,9111,1,2020-06-02
La Araucanía,9,Nueva Imperial,9111,4,2020-06-04
La Araucanía,9,Nueva Imperial,9111,2,2020-06-05
La Araucanía,9,Nueva Imperial,9111,1,2020-06-08
La Araucanía,9,Nueva Imperial,9111,2,2020-06-09
La Araucanía,9,Nueva Imperial,9111,2,2020-06-10
La Araucanía,9,Nueva Imperial,9111,2,2020-06-12
La Araucanía,9,Nueva Imperial,9111,3,2020-06-15
La Araucanía,9,Nueva Imperial,9111,2,2020-06-16
La Araucanía,9,Nueva Imperial,9111,1,2020-06-17
La Araucanía,9,Nueva Imperial,9111,1,2020-06-18
La Araucanía,9,Nueva Imperial,9111,2,2020-06-22
La Araucanía,9,Nueva Imperial,9111,1,2020-06-23
La Araucanía,9,Nueva Imperial,9111,1,2020-06-24
La Araucanía,9,Nueva Imperial,9111,3,2020-06-26
La Araucanía,9,Nueva Imperial,9111,4,2020-06-30
La Araucanía,9,Nueva Imperial,9111,3,2020-07-02
La Araucanía,9,Nueva Imperial,9111,2,2020-07-03
La Araucanía,9,Nueva Imperial,9111,3,2020-07-06
La Araucanía,9,Nueva Imperial,9111,2,2020-07-07
La Araucanía,9,Nueva Imperial,9111,1,2020-07-09
La Araucanía,9,Nueva Imperial,9111,2,2020-07-13
La Araucanía,9,Nueva Imperial,9111,1,2020-07-14
La Araucanía,9,Nueva Imperial,9111,1,2020-07-15
La Araucanía,9,Nueva Imperial,9111,4,2020-07-17
La Araucanía,9,Nueva Imperial,9111,4,2020-07-20
La Araucanía,9,Nueva Imperial,9111,1,2020-07-21
La Araucanía,9,Nueva Imperial,9111,1,2020-07-22
La Araucanía,9,Nueva Imperial,9111,1,2020-07-23
La Araucanía,9,Nueva Imperial,9111,4,2020-07-27
La Araucanía,9,Nueva Imperial,9111,1,2020-07-28
La Araucanía,9,Nueva Imperial,9111,1,2020-07-29
La Araucanía,9,Nueva Imperial,9111,2,2020-07-30
La Araucanía,9,Nueva Imperial,9111,2,2020-07-31
La Araucanía,9,Nueva Imperial,9111,3,2020-08-03
La Araucanía,9,Nueva Imperial,9111,1,2020-08-05
La Araucanía,9,Nueva Imperial,9111,2,2020-08-06
La Araucanía,9,Nueva Imperial,9111,3,2020-08-10
La Araucanía,9,Nueva Imperial,9111,1,2020-08-11
La Araucanía,9,Nueva Imperial,9111,2,2020-08-12
La Araucanía,9,Nueva Imperial,9111,2,2020-08-13
La Araucanía,9,Nueva Imperial,9111,1,2020-08-14
La Araucanía,9,Nueva Imperial,9111,3,2020-08-17
La Araucanía,9,Nueva Imperial,9111,3,2020-08-18
La Araucanía,9,Nueva Imperial,9111,2,2020-08-19
La Araucanía,9,Nueva Imperial,9111,3,2020-08-20
La Araucanía,9,Nueva Imperial,9111,1,2020-08-21
La Araucanía,9,Nueva Imperial,9111,3,2020-08-24
La Araucanía,9,Nueva Imperial,9111,1,2020-08-25
La Araucanía,9,Nueva Imperial,9111,1,2020-08-27
La Araucanía,9,Nueva Imperial,9111,1,2020-08-28
La Araucanía,9,Nueva Imperial,9111,1,2020-08-31
La Araucanía,9,Nueva Imperial,9111,1,2020-09-01
La Araucanía,9,Nueva Imperial,9111,1,2020-09-03
La Araucanía,9,Nueva Imperial,9111,1,2020-09-04
La Araucanía,9,Nueva Imperial,9111,1,2020-09-07
La Araucanía,9,Nueva Imperial,9111,1,2020-09-08
La Araucanía,9,Nueva Imperial,9111,2,2020-09-09
La Araucanía,9,Nueva Imperial,9111,1,2020-09-10
La Araucanía,9,Nueva Imperial,9111,1,2020-09-14
La Araucanía,9,Nueva Imperial,9111,1,2020-09-15
La Araucanía,9,Nueva Imperial,9111,2,2020-09-17
La Araucanía,9,Nueva Imperial,9111,1,2020-09-19
La Araucanía,9,Nueva Imperial,9111,4,2020-09-21
La Araucanía,9,Nueva Imperial,9111,2,2020-09-22
La Araucanía,9,Nueva Imperial,9111,1,2020-09-24
La Araucanía,9,Nueva Imperial,9111,1,2020-09-28
La Araucanía,9,Nueva Imperial,9111,2,2020-09-29
La Araucanía,9,Nueva Imperial,9111,4,2020-09-30
La Araucanía,9,Nueva Imperial,9111,1,2020-10-01
La Araucanía,9,Nueva Imperial,9111,2,2020-10-02
La Araucanía,9,Nueva Imperial,9111,5,2020-10-05
La Araucanía,9,Nueva Imperial,9111,3,2020-10-06
La Araucanía,9,Nueva Imperial,9111,1,2020-10-08
La Araucanía,9,Nueva Imperial,9111,1,2020-10-09
La Araucanía,9,Nueva Imperial,9111,6,2020-10-13
La Araucanía,9,Nueva Imperial,9111,6,2020-10-15
La Araucanía,9,Nueva Imperial,9111,2,2020-10-16
La Araucanía,9,Nueva Imperial,9111,3,2020-10-19
La Araucanía,9,Nueva Imperial,9111,6,2020-10-20
La Araucanía,9,Nueva Imperial,9111,2,2020-10-21
La Araucanía,9,Nueva Imperial,9111,1,2020-10-23
La Araucanía,9,Nueva Imperial,9111,1,2020-10-26
La Araucanía,9,Nueva Imperial,9111,3,2020-10-28
La Araucanía,9,Nueva Imperial,9111,2,2020-10-29
La Araucanía,9,Nueva Imperial,9111,3,2020-10-30
La Araucanía,9,Nueva Imperial,9111,4,2020-11-02
La Araucanía,9,Nueva Imperial,9111,1,2020-11-03
La Araucanía,9,Nueva Imperial,9111,1,2020-11-05
La Araucanía,9,Nueva Imperial,9111,2,2020-11-09
La Araucanía,9,Nueva Imperial,9111,2,2020-11-11
La Araucanía,9,Nueva Imperial,9111,2,2020-11-12
La Araucanía,9,Nueva Imperial,9111,2,2020-11-16
La Araucanía,9,Nueva Imperial,9111,1,2020-11-17
La Araucanía,9,Nueva Imperial,9111,3,2020-11-18
La Araucanía,9,Nueva Imperial,9111,1,2020-11-20
La Araucanía,9,Nueva Imperial,9111,1,2020-11-23
La Araucanía,9,Nueva Imperial,9111,2,2020-11-26
La Araucanía,9,Nueva Imperial,9111,1,2020-11-27
La Araucanía,9,Nueva Imperial,9111,1,2020-11-30
La Araucanía,9,Nueva Imperial,9111,2,2020-12-01
La Araucanía,9,Nueva Imperial,9111,3,2020-12-02
La Araucanía,9,Nueva Imperial,9111,1,2020-12-04
La Araucanía,9,Nueva Imperial,9111,3,2020-12-07
La Araucanía,9,Nueva Imperial,9111,2,2020-12-09
La Araucanía,9,Nueva Imperial,9111,1,2020-12-11
La Araucanía,9,Nueva Imperial,9111,3,2020-12-14
La Araucanía,9,Nueva Imperial,9111,2,2020-12-18
La Araucanía,9,Nueva Imperial,9111,1,2020-12-21
La Araucanía,9,Nueva Imperial,9111,1,2020-12-23
La Araucanía,9,Nueva Imperial,9111,1,2020-12-24
La Araucanía,9,Nueva Imperial,9111,5,2020-12-28
La Araucanía,9,Nueva Imperial,9111,1,2020-12-29
La Araucanía,9,Nueva Imperial,9111,2,2020-12-31
La Araucanía,9,Nueva Imperial,9111,6,2021-01-04
La Araucanía,9,Nueva Imperial,9111,2,2021-01-05
La Araucanía,9,Nueva Imperial,9111,2,2021-01-06
La Araucanía,9,Nueva Imperial,9111,1,2021-01-07
La Araucanía,9,Nueva Imperial,9111,1,2021-01-08
La Araucanía,9,Nueva Imperial,9111,5,2021-01-11
La Araucanía,9,Nueva Imperial,9111,1,2021-01-14
La Araucanía,9,Padre Las Casas,9112,3,2020-01-02
La Araucanía,9,Padre Las Casas,9112,2,2020-01-06
La Araucanía,9,Padre Las Casas,9112,1,2020-01-07
La Araucanía,9,Padre Las Casas,9112,2,2020-01-17
La Araucanía,9,Padre Las Casas,9112,1,2020-01-20
La Araucanía,9,Padre Las Casas,9112,2,2020-01-21
La Araucanía,9,Padre Las Casas,9112,1,2020-01-27
La Araucanía,9,Padre Las Casas,9112,5,2020-01-29
La Araucanía,9,Padre Las Casas,9112,2,2020-01-30
La Araucanía,9,Padre Las Casas,9112,1,2020-01-31
La Araucanía,9,Padre Las Casas,9112,2,2020-02-03
La Araucanía,9,Padre Las Casas,9112,2,2020-02-04
La Araucanía,9,Padre Las Casas,9112,3,2020-02-07
La Araucanía,9,Padre Las Casas,9112,1,2020-02-10
La Araucanía,9,Padre Las Casas,9112,3,2020-02-13
La Araucanía,9,Padre Las Casas,9112,3,2020-02-17
La Araucanía,9,Padre Las Casas,9112,1,2020-02-18
La Araucanía,9,Padre Las Casas,9112,1,2020-02-26
La Araucanía,9,Padre Las Casas,9112,2,2020-03-02
La Araucanía,9,Padre Las Casas,9112,1,2020-03-04
La Araucanía,9,Padre Las Casas,9112,1,2020-03-09
La Araucanía,9,Padre Las Casas,9112,1,2020-03-12
La Araucanía,9,Padre Las Casas,9112,1,2020-03-13
La Araucanía,9,Padre Las Casas,9112,1,2020-03-16
La Araucanía,9,Padre Las Casas,9112,2,2020-03-17
La Araucanía,9,Padre Las Casas,9112,1,2020-03-19
La Araucanía,9,Padre Las Casas,9112,2,2020-03-20
La Araucanía,9,Padre Las Casas,9112,3,2020-03-23
La Araucanía,9,Padre Las Casas,9112,1,2020-03-24
La Araucanía,9,Padre Las Casas,9112,1,2020-03-27
La Araucanía,9,Padre Las Casas,9112,2,2020-03-30
La Araucanía,9,Padre Las Casas,9112,1,2020-03-31
La Araucanía,9,Padre Las Casas,9112,1,2020-04-03
La Araucanía,9,Padre Las Casas,9112,4,2020-04-07
La Araucanía,9,Padre Las Casas,9112,3,2020-04-09
La Araucanía,9,Padre Las Casas,9112,1,2020-04-13
La Araucanía,9,Padre Las Casas,9112,5,2020-04-14
La Araucanía,9,Padre Las Casas,9112,4,2020-04-16
La Araucanía,9,Padre Las Casas,9112,1,2020-04-22
La Araucanía,9,Padre Las Casas,9112,1,2020-04-23
La Araucanía,9,Padre Las Casas,9112,1,2020-04-24
La Araucanía,9,Padre Las Casas,9112,1,2020-04-27
La Araucanía,9,Padre Las Casas,9112,2,2020-04-29
La Araucanía,9,Padre Las Casas,9112,1,2020-05-02
La Araucanía,9,Padre Las Casas,9112,3,2020-05-04
La Araucanía,9,Padre Las Casas,9112,4,2020-05-05
La Araucanía,9,Padre Las Casas,9112,1,2020-05-06
La Araucanía,9,Padre Las Casas,9112,2,2020-05-08
La Araucanía,9,Padre Las Casas,9112,4,2020-05-11
La Araucanía,9,Padre Las Casas,9112,1,2020-05-12
La Araucanía,9,Padre Las Casas,9112,1,2020-05-13
La Araucanía,9,Padre Las Casas,9112,3,2020-05-15
La Araucanía,9,Padre Las Casas,9112,4,2020-05-18
La Araucanía,9,Padre Las Casas,9112,5,2020-05-20
La Araucanía,9,Padre Las Casas,9112,1,2020-05-22
La Araucanía,9,Padre Las Casas,9112,3,2020-05-25
La Araucanía,9,Padre Las Casas,9112,3,2020-05-28
La Araucanía,9,Padre Las Casas,9112,2,2020-05-29
La Araucanía,9,Padre Las Casas,9112,4,2020-06-01
La Araucanía,9,Padre Las Casas,9112,2,2020-06-02
La Araucanía,9,Padre Las Casas,9112,2,2020-06-03
La Araucanía,9,Padre Las Casas,9112,2,2020-06-04
La Araucanía,9,Padre Las Casas,9112,1,2020-06-05
La Araucanía,9,Padre Las Casas,9112,2,2020-06-08
La Araucanía,9,Padre Las Casas,9112,4,2020-06-09
La Araucanía,9,Padre Las Casas,9112,1,2020-06-11
La Araucanía,9,Padre Las Casas,9112,1,2020-06-12
La Araucanía,9,Padre Las Casas,9112,4,2020-06-15
La Araucanía,9,Padre Las Casas,9112,1,2020-06-16
La Araucanía,9,Padre Las Casas,9112,2,2020-06-18
La Araucanía,9,Padre Las Casas,9112,1,2020-06-19
La Araucanía,9,Padre Las Casas,9112,4,2020-06-22
La Araucanía,9,Padre Las Casas,9112,2,2020-06-23
La Araucanía,9,Padre Las Casas,9112,1,2020-06-25
La Araucanía,9,Padre Las Casas,9112,7,2020-06-30
La Araucanía,9,Padre Las Casas,9112,1,2020-07-01
La Araucanía,9,Padre Las Casas,9112,3,2020-07-06
La Araucanía,9,Padre Las Casas,9112,2,2020-07-07
La Araucanía,9,Padre Las Casas,9112,3,2020-07-08
La Araucanía,9,Padre Las Casas,9112,3,2020-07-10
La Araucanía,9,Padre Las Casas,9112,3,2020-07-13
La Araucanía,9,Padre Las Casas,9112,1,2020-07-15
La Araucanía,9,Padre Las Casas,9112,2,2020-07-17
La Araucanía,9,Padre Las Casas,9112,2,2020-07-20
La Araucanía,9,Padre Las Casas,9112,1,2020-07-22
La Araucanía,9,Padre Las Casas,9112,3,2020-07-23
La Araucanía,9,Padre Las Casas,9112,1,2020-07-24
La Araucanía,9,Padre Las Casas,9112,4,2020-07-27
La Araucanía,9,Padre Las Casas,9112,3,2020-07-31
La Araucanía,9,Padre Las Casas,9112,3,2020-08-03
La Araucanía,9,Padre Las Casas,9112,1,2020-08-05
La Araucanía,9,Padre Las Casas,9112,2,2020-08-07
La Araucanía,9,Padre Las Casas,9112,4,2020-08-10
La Araucanía,9,Padre Las Casas,9112,2,2020-08-11
La Araucanía,9,Padre Las Casas,9112,1,2020-08-12
La Araucanía,9,Padre Las Casas,9112,1,2020-08-13
La Araucanía,9,Padre Las Casas,9112,2,2020-08-14
La Araucanía,9,Padre Las Casas,9112,2,2020-08-17
La Araucanía,9,Padre Las Casas,9112,2,2020-08-18
La Araucanía,9,Padre Las Casas,9112,3,2020-08-19
La Araucanía,9,Padre Las Casas,9112,2,2020-08-20
La Araucanía,9,Padre Las Casas,9112,1,2020-08-21
La Araucanía,9,Padre Las Casas,9112,5,2020-08-24
La Araucanía,9,Padre Las Casas,9112,2,2020-08-25
La Araucanía,9,Padre Las Casas,9112,1,2020-08-26
La Araucanía,9,Padre Las Casas,9112,2,2020-08-28
La Araucanía,9,Padre Las Casas,9112,7,2020-08-31
La Araucanía,9,Padre Las Casas,9112,2,2020-09-01
La Araucanía,9,Padre Las Casas,9112,5,2020-09-02
La Araucanía,9,Padre Las Casas,9112,2,2020-09-10
La Araucanía,9,Padre Las Casas,9112,1,2020-09-11
La Araucanía,9,Padre Las Casas,9112,2,2020-09-14
La Araucanía,9,Padre Las Casas,9112,1,2020-09-15
La Araucanía,9,Padre Las Casas,9112,3,2020-09-16
La Araucanía,9,Padre Las Casas,9112,1,2020-09-17
La Araucanía,9,Padre Las Casas,9112,5,2020-09-21
La Araucanía,9,Padre Las Casas,9112,2,2020-09-22
La Araucanía,9,Padre Las Casas,9112,2,2020-09-23
La Araucanía,9,Padre Las Casas,9112,2,2020-09-24
La Araucanía,9,Padre Las Casas,9112,2,2020-09-25
La Araucanía,9,Padre Las Casas,9112,2,2020-09-28
La Araucanía,9,Padre Las Casas,9112,1,2020-09-30
La Araucanía,9,Padre Las Casas,9112,2,2020-10-02
La Araucanía,9,Padre Las Casas,9112,2,2020-10-05
La Araucanía,9,Padre Las Casas,9112,2,2020-10-09
La Araucanía,9,Padre Las Casas,9112,3,2020-10-13
La Araucanía,9,Padre Las Casas,9112,3,2020-10-15
La Araucanía,9,Padre Las Casas,9112,1,2020-10-16
La Araucanía,9,Padre Las Casas,9112,4,2020-10-19
La Araucanía,9,Padre Las Casas,9112,1,2020-10-20
La Araucanía,9,Padre Las Casas,9112,2,2020-10-21
La Araucanía,9,Padre Las Casas,9112,2,2020-10-22
La Araucanía,9,Padre Las Casas,9112,4,2020-10-23
La Araucanía,9,Padre Las Casas,9112,3,2020-10-26
La Araucanía,9,Padre Las Casas,9112,1,2020-10-27
La Araucanía,9,Padre Las Casas,9112,3,2020-10-28
La Araucanía,9,Padre Las Casas,9112,1,2020-10-30
La Araucanía,9,Padre Las Casas,9112,2,2020-11-03
La Araucanía,9,Padre Las Casas,9112,2,2020-11-04
La Araucanía,9,Padre Las Casas,9112,5,2020-11-09
La Araucanía,9,Padre Las Casas,9112,1,2020-11-10
La Araucanía,9,Padre Las Casas,9112,1,2020-11-11
La Araucanía,9,Padre Las Casas,9112,1,2020-11-13
La Araucanía,9,Padre Las Casas,9112,3,2020-11-16
La Araucanía,9,Padre Las Casas,9112,1,2020-11-17
La Araucanía,9,Padre Las Casas,9112,2,2020-11-18
La Araucanía,9,Padre Las Casas,9112,3,2020-11-19
La Araucanía,9,Padre Las Casas,9112,2,2020-11-23
La Araucanía,9,Padre Las Casas,9112,2,2020-11-24
La Araucanía,9,Padre Las Casas,9112,3,2020-11-25
La Araucanía,9,Padre Las Casas,9112,3,2020-11-26
La Araucanía,9,Padre Las Casas,9112,1,2020-11-27
La Araucanía,9,Padre Las Casas,9112,6,2020-11-30
La Araucanía,9,Padre Las Casas,9112,2,2020-12-01
La Araucanía,9,Padre Las Casas,9112,1,2020-12-02
La Araucanía,9,Padre Las Casas,9112,1,2020-12-03
La Araucanía,9,Padre Las Casas,9112,1,2020-12-04
La Araucanía,9,Padre Las Casas,9112,1,2020-12-07
La Araucanía,9,Padre Las Casas,9112,1,2020-12-09
La Araucanía,9,Padre Las Casas,9112,3,2020-12-10
La Araucanía,9,Padre Las Casas,9112,2,2020-12-14
La Araucanía,9,Padre Las Casas,9112,1,2020-12-15
La Araucanía,9,Padre Las Casas,9112,2,2020-12-16
La Araucanía,9,Padre Las Casas,9112,1,2020-12-17
La Araucanía,9,Padre Las Casas,9112,4,2020-12-21
La Araucanía,9,Padre Las Casas,9112,2,2020-12-23
La Araucanía,9,Padre Las Casas,9112,2,2020-12-28
La Araucanía,9,Padre Las Casas,9112,5,2020-12-29
La Araucanía,9,Padre Las Casas,9112,1,2020-12-30
La Araucanía,9,Padre Las Casas,9112,1,2020-12-31
La Araucanía,9,Padre Las Casas,9112,2,2021-01-04
La Araucanía,9,Padre Las Casas,9112,1,2021-01-07
La Araucanía,9,Padre Las Casas,9112,1,2021-01-11
La Araucanía,9,Padre Las Casas,9112,1,2021-01-12
La Araucanía,9,Padre Las Casas,9112,1,2021-01-13
La Araucanía,9,Padre Las Casas,9112,4,2021-01-14
La Araucanía,9,Perquenco,9113,1,2020-01-17
La Araucanía,9,Perquenco,9113,1,2020-01-20
La Araucanía,9,Perquenco,9113,1,2020-02-11
La Araucanía,9,Perquenco,9113,1,2020-03-19
La Araucanía,9,Perquenco,9113,1,2020-04-13
La Araucanía,9,Perquenco,9113,1,2020-06-01
La Araucanía,9,Perquenco,9113,1,2020-06-15
La Araucanía,9,Perquenco,9113,1,2020-07-08
La Araucanía,9,Perquenco,9113,1,2020-07-29
La Araucanía,9,Perquenco,9113,1,2020-08-06
La Araucanía,9,Perquenco,9113,1,2020-08-17
La Araucanía,9,Perquenco,9113,1,2020-09-08
La Araucanía,9,Perquenco,9113,1,2020-09-15
La Araucanía,9,Perquenco,9113,1,2020-10-06
La Araucanía,9,Perquenco,9113,1,2020-10-20
La Araucanía,9,Perquenco,9113,1,2020-10-27
La Araucanía,9,Perquenco,9113,1,2020-10-30
La Araucanía,9,Perquenco,9113,1,2020-11-06
La Araucanía,9,Perquenco,9113,1,2020-11-10
La Araucanía,9,Perquenco,9113,1,2020-12-22
La Araucanía,9,Perquenco,9113,1,2020-12-24
La Araucanía,9,Perquenco,9113,1,2021-01-11
La Araucanía,9,Pitrufquén,9114,1,2020-01-02
La Araucanía,9,Pitrufquén,9114,3,2020-01-03
La Araucanía,9,Pitrufquén,9114,1,2020-01-06
La Araucanía,9,Pitrufquén,9114,1,2020-01-07
La Araucanía,9,Pitrufquén,9114,1,2020-01-08
La Araucanía,9,Pitrufquén,9114,1,2020-01-09
La Araucanía,9,Pitrufquén,9114,2,2020-01-13
La Araucanía,9,Pitrufquén,9114,1,2020-01-17
La Araucanía,9,Pitrufquén,9114,2,2020-01-20
La Araucanía,9,Pitrufquén,9114,3,2020-01-22
La Araucanía,9,Pitrufquén,9114,3,2020-01-24
La Araucanía,9,Pitrufquén,9114,2,2020-01-27
La Araucanía,9,Pitrufquén,9114,1,2020-01-29
La Araucanía,9,Pitrufquén,9114,2,2020-01-31
La Araucanía,9,Pitrufquén,9114,1,2020-02-07
La Araucanía,9,Pitrufquén,9114,3,2020-02-10
La Araucanía,9,Pitrufquén,9114,1,2020-02-12
La Araucanía,9,Pitrufquén,9114,2,2020-02-17
La Araucanía,9,Pitrufquén,9114,2,2020-02-20
La Araucanía,9,Pitrufquén,9114,2,2020-02-24
La Araucanía,9,Pitrufquén,9114,2,2020-02-25
La Araucanía,9,Pitrufquén,9114,1,2020-02-27
La Araucanía,9,Pitrufquén,9114,1,2020-03-02
La Araucanía,9,Pitrufquén,9114,1,2020-03-10
La Araucanía,9,Pitrufquén,9114,2,2020-03-11
La Araucanía,9,Pitrufquén,9114,2,2020-03-12
La Araucanía,9,Pitrufquén,9114,2,2020-03-13
La Araucanía,9,Pitrufquén,9114,1,2020-03-16
La Araucanía,9,Pitrufquén,9114,2,2020-03-18
La Araucanía,9,Pitrufquén,9114,2,2020-03-23
La Araucanía,9,Pitrufquén,9114,1,2020-03-26
La Araucanía,9,Pitrufquén,9114,1,2020-03-27
La Araucanía,9,Pitrufquén,9114,2,2020-03-30
La Araucanía,9,Pitrufquén,9114,1,2020-04-01
La Araucanía,9,Pitrufquén,9114,3,2020-04-09
La Araucanía,9,Pitrufquén,9114,1,2020-04-11
La Araucanía,9,Pitrufquén,9114,1,2020-04-13
La Araucanía,9,Pitrufquén,9114,2,2020-04-16
La Araucanía,9,Pitrufquén,9114,3,2020-04-21
La Araucanía,9,Pitrufquén,9114,4,2020-04-23
La Araucanía,9,Pitrufquén,9114,2,2020-04-27
La Araucanía,9,Pitrufquén,9114,5,2020-04-29
La Araucanía,9,Pitrufquén,9114,2,2020-04-30
La Araucanía,9,Pitrufquén,9114,2,2020-05-04
La Araucanía,9,Pitrufquén,9114,2,2020-05-08
La Araucanía,9,Pitrufquén,9114,3,2020-05-12
La Araucanía,9,Pitrufquén,9114,1,2020-05-14
La Araucanía,9,Pitrufquén,9114,1,2020-05-19
La Araucanía,9,Pitrufquén,9114,1,2020-05-22
La Araucanía,9,Pitrufquén,9114,1,2020-05-25
La Araucanía,9,Pitrufquén,9114,1,2020-05-26
La Araucanía,9,Pitrufquén,9114,1,2020-05-27
La Araucanía,9,Pitrufquén,9114,2,2020-05-28
La Araucanía,9,Pitrufquén,9114,1,2020-05-29
La Araucanía,9,Pitrufquén,9114,1,2020-06-01
La Araucanía,9,Pitrufquén,9114,3,2020-06-04
La Araucanía,9,Pitrufquén,9114,1,2020-06-08
La Araucanía,9,Pitrufquén,9114,3,2020-06-11
La Araucanía,9,Pitrufquén,9114,3,2020-06-15
La Araucanía,9,Pitrufquén,9114,6,2020-06-18
La Araucanía,9,Pitrufquén,9114,1,2020-06-22
La Araucanía,9,Pitrufquén,9114,2,2020-06-23
La Araucanía,9,Pitrufquén,9114,1,2020-06-24
La Araucanía,9,Pitrufquén,9114,2,2020-06-25
La Araucanía,9,Pitrufquén,9114,5,2020-06-30
La Araucanía,9,Pitrufquén,9114,2,2020-07-02
La Araucanía,9,Pitrufquén,9114,2,2020-07-06
La Araucanía,9,Pitrufquén,9114,2,2020-07-07
La Araucanía,9,Pitrufquén,9114,1,2020-07-08
La Araucanía,9,Pitrufquén,9114,1,2020-07-09
La Araucanía,9,Pitrufquén,9114,1,2020-07-13
La Araucanía,9,Pitrufquén,9114,1,2020-07-15
La Araucanía,9,Pitrufquén,9114,2,2020-07-20
La Araucanía,9,Pitrufquén,9114,1,2020-07-21
La Araucanía,9,Pitrufquén,9114,1,2020-07-22
La Araucanía,9,Pitrufquén,9114,1,2020-07-24
La Araucanía,9,Pitrufquén,9114,2,2020-07-27
La Araucanía,9,Pitrufquén,9114,1,2020-07-29
La Araucanía,9,Pitrufquén,9114,1,2020-07-31
La Araucanía,9,Pitrufquén,9114,1,2020-08-11
La Araucanía,9,Pitrufquén,9114,1,2020-08-12
La Araucanía,9,Pitrufquén,9114,3,2020-08-19
La Araucanía,9,Pitrufquén,9114,1,2020-08-20
La Araucanía,9,Pitrufquén,9114,3,2020-08-24
La Araucanía,9,Pitrufquén,9114,1,2020-08-26
La Araucanía,9,Pitrufquén,9114,1,2020-08-27
La Araucanía,9,Pitrufquén,9114,2,2020-08-31
La Araucanía,9,Pitrufquén,9114,2,2020-09-03
La Araucanía,9,Pitrufquén,9114,2,2020-09-04
La Araucanía,9,Pitrufquén,9114,2,2020-09-07
La Araucanía,9,Pitrufquén,9114,2,2020-09-08
La Araucanía,9,Pitrufquén,9114,2,2020-09-09
La Araucanía,9,Pitrufquén,9114,1,2020-09-10
La Araucanía,9,Pitrufquén,9114,2,2020-09-11
La Araucanía,9,Pitrufquén,9114,2,2020-09-15
La Araucanía,9,Pitrufquén,9114,1,2020-09-16
La Araucanía,9,Pitrufquén,9114,2,2020-09-17
La Araucanía,9,Pitrufquén,9114,1,2020-09-18
La Araucanía,9,Pitrufquén,9114,2,2020-09-21
La Araucanía,9,Pitrufquén,9114,3,2020-09-23
La Araucanía,9,Pitrufquén,9114,2,2020-09-24
La Araucanía,9,Pitrufquén,9114,1,2020-09-25
La Araucanía,9,Pitrufquén,9114,1,2020-09-28
La Araucanía,9,Pitrufquén,9114,2,2020-09-29
La Araucanía,9,Pitrufquén,9114,1,2020-10-01
La Araucanía,9,Pitrufquén,9114,1,2020-10-02
La Araucanía,9,Pitrufquén,9114,1,2020-10-05
La Araucanía,9,Pitrufquén,9114,1,2020-10-07
La Araucanía,9,Pitrufquén,9114,3,2020-10-13
La Araucanía,9,Pitrufquén,9114,1,2020-10-16
La Araucanía,9,Pitrufquén,9114,4,2020-10-19
La Araucanía,9,Pitrufquén,9114,1,2020-10-21
La Araucanía,9,Pitrufquén,9114,1,2020-10-23
La Araucanía,9,Pitrufquén,9114,2,2020-10-26
La Araucanía,9,Pitrufquén,9114,2,2020-10-29
La Araucanía,9,Pitrufquén,9114,3,2020-11-02
La Araucanía,9,Pitrufquén,9114,1,2020-11-06
La Araucanía,9,Pitrufquén,9114,1,2020-11-09
La Araucanía,9,Pitrufquén,9114,1,2020-11-10
La Araucanía,9,Pitrufquén,9114,3,2020-11-11
La Araucanía,9,Pitrufquén,9114,2,2020-11-12
La Araucanía,9,Pitrufquén,9114,1,2020-11-13
La Araucanía,9,Pitrufquén,9114,1,2020-11-16
La Araucanía,9,Pitrufquén,9114,1,2020-11-17
La Araucanía,9,Pitrufquén,9114,1,2020-11-19
La Araucanía,9,Pitrufquén,9114,1,2020-11-20
La Araucanía,9,Pitrufquén,9114,3,2020-11-23
La Araucanía,9,Pitrufquén,9114,1,2020-11-25
La Araucanía,9,Pitrufquén,9114,1,2020-11-26
La Araucanía,9,Pitrufquén,9114,3,2020-11-27
La Araucanía,9,Pitrufquén,9114,2,2020-12-03
La Araucanía,9,Pitrufquén,9114,1,2020-12-07
La Araucanía,9,Pitrufquén,9114,2,2020-12-09
La Araucanía,9,Pitrufquén,9114,1,2020-12-10
La Araucanía,9,Pitrufquén,9114,1,2020-12-15
La Araucanía,9,Pitrufquén,9114,1,2020-12-16
La Araucanía,9,Pitrufquén,9114,2,2020-12-21
La Araucanía,9,Pitrufquén,9114,2,2020-12-23
La Araucanía,9,Pitrufquén,9114,3,2020-12-24
La Araucanía,9,Pitrufquén,9114,1,2020-12-28
La Araucanía,9,Pitrufquén,9114,1,2020-12-29
La Araucanía,9,Pitrufquén,9114,1,2020-12-30
La Araucanía,9,Pitrufquén,9114,1,2020-12-31
La Araucanía,9,Pitrufquén,9114,1,2021-01-02
La Araucanía,9,Pitrufquén,9114,1,2021-01-04
La Araucanía,9,Pitrufquén,9114,1,2021-01-06
La Araucanía,9,Pitrufquén,9114,2,2021-01-07
La Araucanía,9,Pitrufquén,9114,1,2021-01-08
La Araucanía,9,Pitrufquén,9114,2,2021-01-11
La Araucanía,9,Pitrufquén,9114,1,2021-01-12
La Araucanía,9,Pitrufquén,9114,1,2021-01-13
La Araucanía,9,Pucón,9115,1,2020-01-02
La Araucanía,9,Pucón,9115,2,2020-01-06
La Araucanía,9,Pucón,9115,2,2020-01-09
La Araucanía,9,Pucón,9115,3,2020-01-20
La Araucanía,9,Pucón,9115,1,2020-01-21
La Araucanía,9,Pucón,9115,1,2020-01-22
La Araucanía,9,Pucón,9115,1,2020-01-24
La Araucanía,9,Pucón,9115,1,2020-01-27
La Araucanía,9,Pucón,9115,1,2020-02-06
La Araucanía,9,Pucón,9115,1,2020-02-07
La Araucanía,9,Pucón,9115,2,2020-02-18
La Araucanía,9,Pucón,9115,1,2020-02-20
La Araucanía,9,Pucón,9115,2,2020-03-02
La Araucanía,9,Pucón,9115,1,2020-03-04
La Araucanía,9,Pucón,9115,1,2020-03-05
La Araucanía,9,Pucón,9115,1,2020-03-06
La Araucanía,9,Pucón,9115,1,2020-03-10
La Araucanía,9,Pucón,9115,1,2020-03-11
La Araucanía,9,Pucón,9115,1,2020-03-16
La Araucanía,9,Pucón,9115,1,2020-03-17
La Araucanía,9,Pucón,9115,1,2020-03-23
La Araucanía,9,Pucón,9115,1,2020-03-25
La Araucanía,9,Pucón,9115,2,2020-03-27
La Araucanía,9,Pucón,9115,1,2020-03-30
La Araucanía,9,Pucón,9115,1,2020-03-31
La Araucanía,9,Pucón,9115,1,2020-04-01
La Araucanía,9,Pucón,9115,1,2020-04-06
La Araucanía,9,Pucón,9115,1,2020-04-07
La Araucanía,9,Pucón,9115,1,2020-04-09
La Araucanía,9,Pucón,9115,1,2020-04-11
La Araucanía,9,Pucón,9115,1,2020-04-13
La Araucanía,9,Pucón,9115,1,2020-04-14
La Araucanía,9,Pucón,9115,1,2020-04-23
La Araucanía,9,Pucón,9115,1,2020-04-27
La Araucanía,9,Pucón,9115,1,2020-05-04
La Araucanía,9,Pucón,9115,1,2020-05-06
La Araucanía,9,Pucón,9115,1,2020-05-08
La Araucanía,9,Pucón,9115,3,2020-05-14
La Araucanía,9,Pucón,9115,1,2020-05-15
La Araucanía,9,Pucón,9115,1,2020-05-18
La Araucanía,9,Pucón,9115,1,2020-05-22
La Araucanía,9,Pucón,9115,1,2020-05-25
La Araucanía,9,Pucón,9115,1,2020-05-26
La Araucanía,9,Pucón,9115,1,2020-05-27
La Araucanía,9,Pucón,9115,2,2020-06-02
La Araucanía,9,Pucón,9115,1,2020-06-05
La Araucanía,9,Pucón,9115,2,2020-06-09
La Araucanía,9,Pucón,9115,2,2020-06-15
La Araucanía,9,Pucón,9115,3,2020-06-17
La Araucanía,9,Pucón,9115,2,2020-06-22
La Araucanía,9,Pucón,9115,1,2020-06-24
La Araucanía,9,Pucón,9115,2,2020-06-25
La Araucanía,9,Pucón,9115,1,2020-06-26
La Araucanía,9,Pucón,9115,1,2020-06-30
La Araucanía,9,Pucón,9115,2,2020-07-03
La Araucanía,9,Pucón,9115,3,2020-07-06
La Araucanía,9,Pucón,9115,3,2020-07-07
La Araucanía,9,Pucón,9115,6,2020-07-13
La Araucanía,9,Pucón,9115,2,2020-07-22
La Araucanía,9,Pucón,9115,1,2020-07-27
La Araucanía,9,Pucón,9115,1,2020-07-28
La Araucanía,9,Pucón,9115,1,2020-07-31
La Araucanía,9,Pucón,9115,1,2020-08-03
La Araucanía,9,Pucón,9115,1,2020-08-06
La Araucanía,9,Pucón,9115,1,2020-08-10
La Araucanía,9,Pucón,9115,1,2020-08-14
La Araucanía,9,Pucón,9115,1,2020-08-17
La Araucanía,9,Pucón,9115,2,2020-08-19
La Araucanía,9,Pucón,9115,3,2020-08-24
La Araucanía,9,Pucón,9115,1,2020-08-26
La Araucanía,9,Pucón,9115,1,2020-09-01
La Araucanía,9,Pucón,9115,1,2020-09-02
La Araucanía,9,Pucón,9115,1,2020-09-04
La Araucanía,9,Pucón,9115,2,2020-09-07
La Araucanía,9,Pucón,9115,1,2020-09-10
La Araucanía,9,Pucón,9115,2,2020-09-11
La Araucanía,9,Pucón,9115,2,2020-09-14
La Araucanía,9,Pucón,9115,2,2020-09-21
La Araucanía,9,Pucón,9115,1,2020-09-22
La Araucanía,9,Pucón,9115,1,2020-09-24
La Araucanía,9,Pucón,9115,1,2020-09-25
La Araucanía,9,Pucón,9115,1,2020-09-27
La Araucanía,9,Pucón,9115,2,2020-09-28
La Araucanía,9,Pucón,9115,1,2020-09-29
La Araucanía,9,Pucón,9115,1,2020-09-30
La Araucanía,9,Pucón,9115,2,2020-10-02
La Araucanía,9,Pucón,9115,0,2020-10-05
La Araucanía,9,Pucón,9115,1,2020-10-06
La Araucanía,9,Pucón,9115,3,2020-10-13
La Araucanía,9,Pucón,9115,3,2020-10-19
La Araucanía,9,Pucón,9115,1,2020-10-20
La Araucanía,9,Pucón,9115,1,2020-10-21
La Araucanía,9,Pucón,9115,1,2020-10-26
La Araucanía,9,Pucón,9115,1,2020-10-27
La Araucanía,9,Pucón,9115,3,2020-10-28
La Araucanía,9,Pucón,9115,2,2020-11-02
La Araucanía,9,Pucón,9115,1,2020-11-03
La Araucanía,9,Pucón,9115,1,2020-11-09
La Araucanía,9,Pucón,9115,1,2020-11-11
La Araucanía,9,Pucón,9115,1,2020-11-24
La Araucanía,9,Pucón,9115,1,2020-11-30
La Araucanía,9,Pucón,9115,1,2020-12-02
La Araucanía,9,Pucón,9115,1,2020-12-07
La Araucanía,9,Pucón,9115,1,2020-12-09
La Araucanía,9,Pucón,9115,1,2020-12-14
La Araucanía,9,Pucón,9115,1,2020-12-16
La Araucanía,9,Pucón,9115,1,2020-12-21
La Araucanía,9,Pucón,9115,1,2020-12-22
La Araucanía,9,Pucón,9115,1,2020-12-23
La Araucanía,9,Pucón,9115,1,2020-12-29
La Araucanía,9,Pucón,9115,1,2020-12-30
La Araucanía,9,Pucón,9115,1,2021-01-02
La Araucanía,9,Pucón,9115,1,2021-01-04
La Araucanía,9,Pucón,9115,1,2021-01-08
La Araucanía,9,Pucón,9115,2,2021-01-14
La Araucanía,9,Saavedra,9116,1,2020-01-09
La Araucanía,9,Saavedra,9116,1,2020-01-13
La Araucanía,9,Saavedra,9116,1,2020-01-17
La Araucanía,9,Saavedra,9116,1,2020-01-22
La Araucanía,9,Saavedra,9116,1,2020-02-03
La Araucanía,9,Saavedra,9116,1,2020-02-04
La Araucanía,9,Saavedra,9116,1,2020-02-05
La Araucanía,9,Saavedra,9116,2,2020-02-10
La Araucanía,9,Saavedra,9116,1,2020-02-19
La Araucanía,9,Saavedra,9116,1,2020-02-24
La Araucanía,9,Saavedra,9116,2,2020-02-27
La Araucanía,9,Saavedra,9116,1,2020-03-02
La Araucanía,9,Saavedra,9116,1,2020-03-09
La Araucanía,9,Saavedra,9116,1,2020-03-16
La Araucanía,9,Saavedra,9116,1,2020-03-18
La Araucanía,9,Saavedra,9116,1,2020-03-27
La Araucanía,9,Saavedra,9116,1,2020-03-31
La Araucanía,9,Saavedra,9116,2,2020-04-03
La Araucanía,9,Saavedra,9116,2,2020-04-08
La Araucanía,9,Saavedra,9116,2,2020-04-15
La Araucanía,9,Saavedra,9116,1,2020-04-17
La Araucanía,9,Saavedra,9116,2,2020-04-20
La Araucanía,9,Saavedra,9116,2,2020-04-24
La Araucanía,9,Saavedra,9116,1,2020-05-08
La Araucanía,9,Saavedra,9116,1,2020-05-18
La Araucanía,9,Saavedra,9116,1,2020-05-22
La Araucanía,9,Saavedra,9116,1,2020-05-25
La Araucanía,9,Saavedra,9116,1,2020-05-27
La Araucanía,9,Saavedra,9116,1,2020-06-05
La Araucanía,9,Saavedra,9116,1,2020-06-15
La Araucanía,9,Saavedra,9116,1,2020-06-22
La Araucanía,9,Saavedra,9116,1,2020-06-24
La Araucanía,9,Saavedra,9116,2,2020-06-30
La Araucanía,9,Saavedra,9116,1,2020-07-01
La Araucanía,9,Saavedra,9116,3,2020-07-13
La Araucanía,9,Saavedra,9116,2,2020-07-20
La Araucanía,9,Saavedra,9116,1,2020-07-27
La Araucanía,9,Saavedra,9116,1,2020-08-03
La Araucanía,9,Saavedra,9116,1,2020-08-05
La Araucanía,9,Saavedra,9116,1,2020-08-17
La Araucanía,9,Saavedra,9116,1,2020-08-26
La Araucanía,9,Saavedra,9116,1,2020-09-10
La Araucanía,9,Saavedra,9116,3,2020-09-21
La Araucanía,9,Saavedra,9116,1,2020-09-22
La Araucanía,9,Saavedra,9116,0,2020-09-25
La Araucanía,9,Saavedra,9116,1,2020-09-28
La Araucanía,9,Saavedra,9116,2,2020-09-30
La Araucanía,9,Saavedra,9116,1,2020-10-02
La Araucanía,9,Saavedra,9116,1,2020-10-05
La Araucanía,9,Saavedra,9116,1,2020-10-07
La Araucanía,9,Saavedra,9116,1,2020-10-09
La Araucanía,9,Saavedra,9116,1,2020-10-14
La Araucanía,9,Saavedra,9116,3,2020-10-30
La Araucanía,9,Saavedra,9116,1,2020-11-04
La Araucanía,9,Saavedra,9116,1,2020-11-06
La Araucanía,9,Saavedra,9116,1,2020-11-09
La Araucanía,9,Saavedra,9116,1,2020-11-11
La Araucanía,9,Saavedra,9116,1,2020-11-13
La Araucanía,9,Saavedra,9116,1,2020-12-04
La Araucanía,9,Saavedra,9116,1,2020-12-07
La Araucanía,9,Saavedra,9116,1,2020-12-09
La Araucanía,9,Saavedra,9116,1,2020-12-14
La Araucanía,9,Saavedra,9116,1,2020-12-17
La Araucanía,9,Saavedra,9116,1,2020-12-18
La Araucanía,9,Saavedra,9116,1,2020-12-28
La Araucanía,9,Saavedra,9116,1,2021-01-06
La Araucanía,9,Saavedra,9116,1,2021-01-08
La Araucanía,9,Saavedra,9116,2,2021-01-11
La Araucanía,9,Saavedra,9116,1,2021-01-13
La Araucanía,9,Teodoro Schmidt,9117,1,2020-01-07
La Araucanía,9,Teodoro Schmidt,9117,1,2020-01-08
La Araucanía,9,Teodoro Schmidt,9117,1,2020-01-10
La Araucanía,9,Teodoro Schmidt,9117,1,2020-01-13
La Araucanía,9,Teodoro Schmidt,9117,1,2020-01-15
La Araucanía,9,Teodoro Schmidt,9117,1,2020-01-31
La Araucanía,9,Teodoro Schmidt,9117,1,2020-02-05
La Araucanía,9,Teodoro Schmidt,9117,1,2020-02-10
La Araucanía,9,Teodoro Schmidt,9117,1,2020-02-17
La Araucanía,9,Teodoro Schmidt,9117,1,2020-02-19
La Araucanía,9,Teodoro Schmidt,9117,1,2020-02-24
La Araucanía,9,Teodoro Schmidt,9117,1,2020-03-16
La Araucanía,9,Teodoro Schmidt,9117,2,2020-03-17
La Araucanía,9,Teodoro Schmidt,9117,1,2020-03-19
La Araucanía,9,Teodoro Schmidt,9117,3,2020-03-23
La Araucanía,9,Teodoro Schmidt,9117,1,2020-03-24
La Araucanía,9,Teodoro Schmidt,9117,1,2020-03-31
La Araucanía,9,Teodoro Schmidt,9117,1,2020-04-02
La Araucanía,9,Teodoro Schmidt,9117,1,2020-04-06
La Araucanía,9,Teodoro Schmidt,9117,1,2020-04-07
La Araucanía,9,Teodoro Schmidt,9117,1,2020-04-09
La Araucanía,9,Teodoro Schmidt,9117,1,2020-04-13
La Araucanía,9,Teodoro Schmidt,9117,1,2020-04-24
La Araucanía,9,Teodoro Schmidt,9117,2,2020-04-27
La Araucanía,9,Teodoro Schmidt,9117,1,2020-04-29
La Araucanía,9,Teodoro Schmidt,9117,2,2020-05-04
La Araucanía,9,Teodoro Schmidt,9117,3,2020-05-18
La Araucanía,9,Teodoro Schmidt,9117,1,2020-05-20
La Araucanía,9,Teodoro Schmidt,9117,1,2020-05-22
La Araucanía,9,Teodoro Schmidt,9117,2,2020-05-27
La Araucanía,9,Teodoro Schmidt,9117,1,2020-06-01
La Araucanía,9,Teodoro Schmidt,9117,1,2020-06-03
La Araucanía,9,Teodoro Schmidt,9117,1,2020-06-12
La Araucanía,9,Teodoro Schmidt,9117,1,2020-06-15
La Araucanía,9,Teodoro Schmidt,9117,1,2020-06-17
La Araucanía,9,Teodoro Schmidt,9117,1,2020-06-22
La Araucanía,9,Teodoro Schmidt,9117,1,2020-06-24
La Araucanía,9,Teodoro Schmidt,9117,1,2020-06-30
La Araucanía,9,Teodoro Schmidt,9117,1,2020-07-01
La Araucanía,9,Teodoro Schmidt,9117,2,2020-07-08
La Araucanía,9,Teodoro Schmidt,9117,1,2020-07-13
La Araucanía,9,Teodoro Schmidt,9117,1,2020-07-20
La Araucanía,9,Teodoro Schmidt,9117,1,2020-07-24
La Araucanía,9,Teodoro Schmidt,9117,2,2020-07-31
La Araucanía,9,Teodoro Schmidt,9117,1,2020-08-10
La Araucanía,9,Teodoro Schmidt,9117,1,2020-08-19
La Araucanía,9,Teodoro Schmidt,9117,1,2020-08-28
La Araucanía,9,Teodoro Schmidt,9117,2,2020-09-02
La Araucanía,9,Teodoro Schmidt,9117,1,2020-09-04
La Araucanía,9,Teodoro Schmidt,9117,1,2020-09-07
La Araucanía,9,Teodoro Schmidt,9117,1,2020-09-11
La Araucanía,9,Teodoro Schmidt,9117,1,2020-09-16
La Araucanía,9,Teodoro Schmidt,9117,1,2020-09-17
La Araucanía,9,Teodoro Schmidt,9117,1,2020-09-23
La Araucanía,9,Teodoro Schmidt,9117,2,2020-09-25
La Araucanía,9,Teodoro Schmidt,9117,1,2020-09-28
La Araucanía,9,Teodoro Schmidt,9117,2,2020-09-29
La Araucanía,9,Teodoro Schmidt,9117,1,2020-10-01
La Araucanía,9,Teodoro Schmidt,9117,1,2020-10-13
La Araucanía,9,Teodoro Schmidt,9117,1,2020-10-20
La Araucanía,9,Teodoro Schmidt,9117,1,2020-10-27
La Araucanía,9,Teodoro Schmidt,9117,1,2020-11-02
La Araucanía,9,Teodoro Schmidt,9117,1,2020-11-12
La Araucanía,9,Teodoro Schmidt,9117,1,2020-11-19
La Araucanía,9,Teodoro Schmidt,9117,1,2020-11-20
La Araucanía,9,Teodoro Schmidt,9117,1,2020-11-23
La Araucanía,9,Teodoro Schmidt,9117,1,2020-11-26
La Araucanía,9,Teodoro Schmidt,9117,1,2020-11-27
La Araucanía,9,Teodoro Schmidt,9117,2,2020-11-30
La Araucanía,9,Teodoro Schmidt,9117,1,2020-12-01
La Araucanía,9,Teodoro Schmidt,9117,1,2020-12-07
La Araucanía,9,Teodoro Schmidt,9117,1,2020-12-11
La Araucanía,9,Teodoro Schmidt,9117,1,2020-12-25
La Araucanía,9,Teodoro Schmidt,9117,1,2020-12-27
La Araucanía,9,Teodoro Schmidt,9117,1,2020-12-29
La Araucanía,9,Teodoro Schmidt,9117,1,2021-01-05
La Araucanía,9,Teodoro Schmidt,9117,1,2021-01-08
La Araucanía,9,Teodoro Schmidt,9117,2,2021-01-12
La Araucanía,9,Teodoro Schmidt,9117,1,2021-01-13
La Araucanía,9,Toltén,9118,1,2020-01-06
La Araucanía,9,Toltén,9118,2,2020-01-28
La Araucanía,9,Toltén,9118,1,2020-02-03
La Araucanía,9,Toltén,9118,2,2020-02-04
La Araucanía,9,Toltén,9118,1,2020-02-06
La Araucanía,9,Toltén,9118,1,2020-02-13
La Araucanía,9,Toltén,9118,1,2020-02-17
La Araucanía,9,Toltén,9118,1,2020-02-18
La Araucanía,9,Toltén,9118,2,2020-02-21
La Araucanía,9,Toltén,9118,1,2020-02-24
La Araucanía,9,Toltén,9118,1,2020-02-27
La Araucanía,9,Toltén,9118,1,2020-03-02
La Araucanía,9,Toltén,9118,1,2020-03-06
La Araucanía,9,Toltén,9118,1,2020-03-10
La Araucanía,9,Toltén,9118,1,2020-03-16
La Araucanía,9,Toltén,9118,1,2020-03-19
La Araucanía,9,Toltén,9118,1,2020-03-23
La Araucanía,9,Toltén,9118,1,2020-03-31
La Araucanía,9,Toltén,9118,1,2020-04-01
La Araucanía,9,Toltén,9118,1,2020-04-03
La Araucanía,9,Toltén,9118,4,2020-04-06
La Araucanía,9,Toltén,9118,1,2020-05-06
La Araucanía,9,Toltén,9118,2,2020-05-11
La Araucanía,9,Toltén,9118,1,2020-05-13
La Araucanía,9,Toltén,9118,1,2020-05-18
La Araucanía,9,Toltén,9118,1,2020-05-25
La Araucanía,9,Toltén,9118,1,2020-05-26
La Araucanía,9,Toltén,9118,1,2020-06-17
La Araucanía,9,Toltén,9118,1,2020-06-22
La Araucanía,9,Toltén,9118,1,2020-06-23
La Araucanía,9,Toltén,9118,1,2020-06-24
La Araucanía,9,Toltén,9118,1,2020-06-30
La Araucanía,9,Toltén,9118,1,2020-07-01
La Araucanía,9,Toltén,9118,1,2020-07-03
La Araucanía,9,Toltén,9118,1,2020-07-10
La Araucanía,9,Toltén,9118,1,2020-07-14
La Araucanía,9,Toltén,9118,1,2020-07-15
La Araucanía,9,Toltén,9118,2,2020-07-22
La Araucanía,9,Toltén,9118,1,2020-07-24
La Araucanía,9,Toltén,9118,1,2020-07-29
La Araucanía,9,Toltén,9118,2,2020-08-03
La Araucanía,9,Toltén,9118,1,2020-08-06
La Araucanía,9,Toltén,9118,2,2020-08-17
La Araucanía,9,Toltén,9118,1,2020-08-18
La Araucanía,9,Toltén,9118,1,2020-08-21
La Araucanía,9,Toltén,9118,1,2020-08-24
La Araucanía,9,Toltén,9118,1,2020-09-07
La Araucanía,9,Toltén,9118,1,2020-09-11
La Araucanía,9,Toltén,9118,1,2020-09-15
La Araucanía,9,Toltén,9118,1,2020-09-16
La Araucanía,9,Toltén,9118,1,2020-09-22
La Araucanía,9,Toltén,9118,2,2020-09-28
La Araucanía,9,Toltén,9118,1,2020-10-01
La Araucanía,9,Toltén,9118,1,2020-10-16
La Araucanía,9,Toltén,9118,1,2020-10-19
La Araucanía,9,Toltén,9118,1,2020-10-21
La Araucanía,9,Toltén,9118,1,2020-10-23
La Araucanía,9,Toltén,9118,1,2020-10-26
La Araucanía,9,Toltén,9118,1,2020-11-02
La Araucanía,9,Toltén,9118,1,2020-11-04
La Araucanía,9,Toltén,9118,1,2020-11-06
La Araucanía,9,Toltén,9118,1,2020-11-09
La Araucanía,9,Toltén,9118,1,2020-11-10
La Araucanía,9,Toltén,9118,1,2020-11-17
La Araucanía,9,Toltén,9118,1,2020-11-24
La Araucanía,9,Toltén,9118,2,2020-11-26
La Araucanía,9,Toltén,9118,1,2020-12-01
La Araucanía,9,Toltén,9118,1,2020-12-07
La Araucanía,9,Toltén,9118,1,2020-12-09
La Araucanía,9,Toltén,9118,1,2020-12-15
La Araucanía,9,Toltén,9118,1,2020-12-17
La Araucanía,9,Toltén,9118,2,2020-12-21
La Araucanía,9,Toltén,9118,1,2020-12-26
La Araucanía,9,Toltén,9118,1,2020-12-28
La Araucanía,9,Toltén,9118,2,2020-12-31
La Araucanía,9,Toltén,9118,1,2021-01-07
La Araucanía,9,Toltén,9118,2,2021-01-11
La Araucanía,9,Vilcún,9119,1,2020-01-03
La Araucanía,9,Vilcún,9119,2,2020-01-07
La Araucanía,9,Vilcún,9119,1,2020-01-10
La Araucanía,9,Vilcún,9119,2,2020-01-13
La Araucanía,9,Vilcún,9119,1,2020-01-15
La Araucanía,9,Vilcún,9119,1,2020-01-16
La Araucanía,9,Vilcún,9119,1,2020-01-21
La Araucanía,9,Vilcún,9119,1,2020-01-22
La Araucanía,9,Vilcún,9119,1,2020-01-24
La Araucanía,9,Vilcún,9119,2,2020-01-27
La Araucanía,9,Vilcún,9119,3,2020-02-03
La Araucanía,9,Vilcún,9119,1,2020-02-05
La Araucanía,9,Vilcún,9119,1,2020-02-10
La Araucanía,9,Vilcún,9119,2,2020-02-14
La Araucanía,9,Vilcún,9119,1,2020-02-17
La Araucanía,9,Vilcún,9119,1,2020-02-18
La Araucanía,9,Vilcún,9119,1,2020-02-20
La Araucanía,9,Vilcún,9119,2,2020-02-24
La Araucanía,9,Vilcún,9119,1,2020-02-26
La Araucanía,9,Vilcún,9119,1,2020-02-28
La Araucanía,9,Vilcún,9119,1,2020-03-02
La Araucanía,9,Vilcún,9119,1,2020-03-03
La Araucanía,9,Vilcún,9119,1,2020-03-05
La Araucanía,9,Vilcún,9119,1,2020-03-09
La Araucanía,9,Vilcún,9119,1,2020-03-11
La Araucanía,9,Vilcún,9119,1,2020-03-12
La Araucanía,9,Vilcún,9119,1,2020-03-16
La Araucanía,9,Vilcún,9119,3,2020-03-18
La Araucanía,9,Vilcún,9119,1,2020-03-19
La Araucanía,9,Vilcún,9119,1,2020-03-23
La Araucanía,9,Vilcún,9119,1,2020-03-27
La Araucanía,9,Vilcún,9119,3,2020-03-30
La Araucanía,9,Vilcún,9119,1,2020-04-01
La Araucanía,9,Vilcún,9119,1,2020-04-03
La Araucanía,9,Vilcún,9119,1,2020-04-06
La Araucanía,9,Vilcún,9119,1,2020-04-07
La Araucanía,9,Vilcún,9119,1,2020-04-08
La Araucanía,9,Vilcún,9119,1,2020-04-13
La Araucanía,9,Vilcún,9119,1,2020-04-17
La Araucanía,9,Vilcún,9119,1,2020-04-20
La Araucanía,9,Vilcún,9119,1,2020-04-21
La Araucanía,9,Vilcún,9119,3,2020-04-23
La Araucanía,9,Vilcún,9119,3,2020-04-24
La Araucanía,9,Vilcún,9119,3,2020-04-27
La Araucanía,9,Vilcún,9119,3,2020-04-29
La Araucanía,9,Vilcún,9119,1,2020-05-04
La Araucanía,9,Vilcún,9119,1,2020-05-08
La Araucanía,9,Vilcún,9119,2,2020-05-11
La Araucanía,9,Vilcún,9119,1,2020-05-22
La Araucanía,9,Vilcún,9119,1,2020-05-25
La Araucanía,9,Vilcún,9119,1,2020-05-26
La Araucanía,9,Vilcún,9119,1,2020-05-29
La Araucanía,9,Vilcún,9119,1,2020-06-01
La Araucanía,9,Vilcún,9119,1,2020-06-02
La Araucanía,9,Vilcún,9119,1,2020-06-08
La Araucanía,9,Vilcún,9119,1,2020-06-16
La Araucanía,9,Vilcún,9119,1,2020-06-17
La Araucanía,9,Vilcún,9119,2,2020-06-19
La Araucanía,9,Vilcún,9119,2,2020-06-22
La Araucanía,9,Vilcún,9119,1,2020-06-28
La Araucanía,9,Vilcún,9119,1,2020-07-01
La Araucanía,9,Vilcún,9119,1,2020-07-06
La Araucanía,9,Vilcún,9119,1,2020-07-09
La Araucanía,9,Vilcún,9119,1,2020-07-13
La Araucanía,9,Vilcún,9119,1,2020-07-14
La Araucanía,9,Vilcún,9119,3,2020-07-15
La Araucanía,9,Vilcún,9119,1,2020-07-20
La Araucanía,9,Vilcún,9119,1,2020-07-23
La Araucanía,9,Vilcún,9119,1,2020-07-24
La Araucanía,9,Vilcún,9119,1,2020-07-27
La Araucanía,9,Vilcún,9119,1,2020-07-31
La Araucanía,9,Vilcún,9119,2,2020-08-03
La Araucanía,9,Vilcún,9119,1,2020-08-04
La Araucanía,9,Vilcún,9119,1,2020-08-05
La Araucanía,9,Vilcún,9119,1,2020-08-07
La Araucanía,9,Vilcún,9119,1,2020-08-14
La Araucanía,9,Vilcún,9119,1,2020-08-17
La Araucanía,9,Vilcún,9119,1,2020-08-19
La Araucanía,9,Vilcún,9119,1,2020-08-24
La Araucanía,9,Vilcún,9119,2,2020-08-25
La Araucanía,9,Vilcún,9119,1,2020-08-26
La Araucanía,9,Vilcún,9119,1,2020-08-31
La Araucanía,9,Vilcún,9119,1,2020-09-01
La Araucanía,9,Vilcún,9119,1,2020-09-04
La Araucanía,9,Vilcún,9119,1,2020-09-11
La Araucanía,9,Vilcún,9119,2,2020-09-14
La Araucanía,9,Vilcún,9119,1,2020-09-17
La Araucanía,9,Vilcún,9119,1,2020-09-21
La Araucanía,9,Vilcún,9119,1,2020-09-23
La Araucanía,9,Vilcún,9119,1,2020-09-25
La Araucanía,9,Vilcún,9119,3,2020-09-28
La Araucanía,9,Vilcún,9119,1,2020-09-29
La Araucanía,9,Vilcún,9119,1,2020-10-01
La Araucanía,9,Vilcún,9119,1,2020-10-05
La Araucanía,9,Vilcún,9119,1,2020-10-06
La Araucanía,9,Vilcún,9119,1,2020-10-07
La Araucanía,9,Vilcún,9119,1,2020-10-08
La Araucanía,9,Vilcún,9119,1,2020-10-09
La Araucanía,9,Vilcún,9119,3,2020-10-13
La Araucanía,9,Vilcún,9119,1,2020-10-15
La Araucanía,9,Vilcún,9119,1,2020-10-19
La Araucanía,9,Vilcún,9119,1,2020-10-21
La Araucanía,9,Vilcún,9119,2,2020-10-26
La Araucanía,9,Vilcún,9119,1,2020-10-29
La Araucanía,9,Vilcún,9119,1,2020-11-02
La Araucanía,9,Vilcún,9119,1,2020-11-10
La Araucanía,9,Vilcún,9119,1,2020-11-12
La Araucanía,9,Vilcún,9119,1,2020-11-13
La Araucanía,9,Vilcún,9119,1,2020-11-16
La Araucanía,9,Vilcún,9119,4,2020-11-18
La Araucanía,9,Vilcún,9119,1,2020-11-20
La Araucanía,9,Vilcún,9119,2,2020-11-23
La Araucanía,9,Vilcún,9119,1,2020-11-25
La Araucanía,9,Vilcún,9119,2,2020-11-30
La Araucanía,9,Vilcún,9119,2,2020-12-02
La Araucanía,9,Vilcún,9119,1,2020-12-04
La Araucanía,9,Vilcún,9119,1,2020-12-07
La Araucanía,9,Vilcún,9119,3,2020-12-09
La Araucanía,9,Vilcún,9119,1,2020-12-15
La Araucanía,9,Vilcún,9119,1,2020-12-16
La Araucanía,9,Vilcún,9119,1,2020-12-17
La Araucanía,9,Vilcún,9119,1,2020-12-18
La Araucanía,9,Vilcún,9119,1,2020-12-21
La Araucanía,9,Vilcún,9119,1,2020-12-28
La Araucanía,9,Vilcún,9119,1,2020-12-29
La Araucanía,9,Vilcún,9119,1,2020-12-31
La Araucanía,9,Vilcún,9119,6,2021-01-04
La Araucanía,9,Vilcún,9119,1,2021-01-11
La Araucanía,9,Vilcún,9119,2,2021-01-13
La Araucanía,9,Vilcún,9119,2,2021-01-14
La Araucanía,9,Villarrica,9120,1,2020-01-02
La Araucanía,9,Villarrica,9120,1,2020-01-03
La Araucanía,9,Villarrica,9120,3,2020-01-06
La Araucanía,9,Villarrica,9120,2,2020-01-09
La Araucanía,9,Villarrica,9120,1,2020-01-10
La Araucanía,9,Villarrica,9120,1,2020-01-13
La Araucanía,9,Villarrica,9120,1,2020-01-14
La Araucanía,9,Villarrica,9120,3,2020-01-15
La Araucanía,9,Villarrica,9120,2,2020-01-17
La Araucanía,9,Villarrica,9120,3,2020-01-20
La Araucanía,9,Villarrica,9120,1,2020-01-24
La Araucanía,9,Villarrica,9120,1,2020-01-27
La Araucanía,9,Villarrica,9120,1,2020-01-28
La Araucanía,9,Villarrica,9120,1,2020-02-02
La Araucanía,9,Villarrica,9120,1,2020-02-07
La Araucanía,9,Villarrica,9120,5,2020-02-10
La Araucanía,9,Villarrica,9120,1,2020-02-11
La Araucanía,9,Villarrica,9120,1,2020-02-12
La Araucanía,9,Villarrica,9120,1,2020-02-14
La Araucanía,9,Villarrica,9120,1,2020-02-17
La Araucanía,9,Villarrica,9120,2,2020-02-19
La Araucanía,9,Villarrica,9120,1,2020-02-20
La Araucanía,9,Villarrica,9120,1,2020-02-21
La Araucanía,9,Villarrica,9120,2,2020-02-24
La Araucanía,9,Villarrica,9120,2,2020-02-25
La Araucanía,9,Villarrica,9120,1,2020-02-26
La Araucanía,9,Villarrica,9120,2,2020-02-27
La Araucanía,9,Villarrica,9120,2,2020-02-28
La Araucanía,9,Villarrica,9120,1,2020-03-02
La Araucanía,9,Villarrica,9120,1,2020-03-06
La Araucanía,9,Villarrica,9120,1,2020-03-09
La Araucanía,9,Villarrica,9120,1,2020-03-11
La Araucanía,9,Villarrica,9120,1,2020-03-16
La Araucanía,9,Villarrica,9120,1,2020-03-17
La Araucanía,9,Villarrica,9120,2,2020-03-23
La Araucanía,9,Villarrica,9120,1,2020-03-26
La Araucanía,9,Villarrica,9120,1,2020-03-27
La Araucanía,9,Villarrica,9120,1,2020-03-30
La Araucanía,9,Villarrica,9120,1,2020-04-03
La Araucanía,9,Villarrica,9120,1,2020-04-06
La Araucanía,9,Villarrica,9120,3,2020-04-09
La Araucanía,9,Villarrica,9120,1,2020-04-10
La Araucanía,9,Villarrica,9120,1,2020-04-13
La Araucanía,9,Villarrica,9120,3,2020-04-14
La Araucanía,9,Villarrica,9120,1,2020-04-16
La Araucanía,9,Villarrica,9120,2,2020-04-17
La Araucanía,9,Villarrica,9120,3,2020-04-20
La Araucanía,9,Villarrica,9120,4,2020-04-23
La Araucanía,9,Villarrica,9120,1,2020-04-24
La Araucanía,9,Villarrica,9120,4,2020-04-27
La Araucanía,9,Villarrica,9120,2,2020-04-28
La Araucanía,9,Villarrica,9120,1,2020-04-29
La Araucanía,9,Villarrica,9120,1,2020-04-30
La Araucanía,9,Villarrica,9120,3,2020-05-04
La Araucanía,9,Villarrica,9120,1,2020-05-05
La Araucanía,9,Villarrica,9120,1,2020-05-06
La Araucanía,9,Villarrica,9120,1,2020-05-11
La Araucanía,9,Villarrica,9120,1,2020-05-12
La Araucanía,9,Villarrica,9120,1,2020-05-13
La Araucanía,9,Villarrica,9120,1,2020-05-14
La Araucanía,9,Villarrica,9120,2,2020-05-15
La Araucanía,9,Villarrica,9120,2,2020-05-18
La Araucanía,9,Villarrica,9120,1,2020-05-22
La Araucanía,9,Villarrica,9120,1,2020-05-24
La Araucanía,9,Villarrica,9120,1,2020-05-25
La Araucanía,9,Villarrica,9120,2,2020-05-28
La Araucanía,9,Villarrica,9120,1,2020-05-29
La Araucanía,9,Villarrica,9120,2,2020-06-01
La Araucanía,9,Villarrica,9120,2,2020-06-02
La Araucanía,9,Villarrica,9120,3,2020-06-05
La Araucanía,9,Villarrica,9120,3,2020-06-08
La Araucanía,9,Villarrica,9120,2,2020-06-11
La Araucanía,9,Villarrica,9120,1,2020-06-12
La Araucanía,9,Villarrica,9120,3,2020-06-15
La Araucanía,9,Villarrica,9120,1,2020-06-17
La Araucanía,9,Villarrica,9120,2,2020-06-18
La Araucanía,9,Villarrica,9120,3,2020-06-19
La Araucanía,9,Villarrica,9120,1,2020-06-22
La Araucanía,9,Villarrica,9120,1,2020-06-23
La Araucanía,9,Villarrica,9120,1,2020-06-24
La Araucanía,9,Villarrica,9120,1,2020-06-27
La Araucanía,9,Villarrica,9120,3,2020-06-29
La Araucanía,9,Villarrica,9120,3,2020-06-30
La Araucanía,9,Villarrica,9120,2,2020-07-01
La Araucanía,9,Villarrica,9120,1,2020-07-04
La Araucanía,9,Villarrica,9120,4,2020-07-06
La Araucanía,9,Villarrica,9120,1,2020-07-07
La Araucanía,9,Villarrica,9120,2,2020-07-08
La Araucanía,9,Villarrica,9120,1,2020-07-10
La Araucanía,9,Villarrica,9120,3,2020-07-13
La Araucanía,9,Villarrica,9120,1,2020-07-15
La Araucanía,9,Villarrica,9120,1,2020-07-20
La Araucanía,9,Villarrica,9120,1,2020-07-21
La Araucanía,9,Villarrica,9120,3,2020-07-23
La Araucanía,9,Villarrica,9120,1,2020-07-24
La Araucanía,9,Villarrica,9120,2,2020-07-27
La Araucanía,9,Villarrica,9120,2,2020-07-29
La Araucanía,9,Villarrica,9120,1,2020-08-01
La Araucanía,9,Villarrica,9120,1,2020-08-03
La Araucanía,9,Villarrica,9120,1,2020-08-05
La Araucanía,9,Villarrica,9120,1,2020-08-06
La Araucanía,9,Villarrica,9120,1,2020-08-10
La Araucanía,9,Villarrica,9120,1,2020-08-14
La Araucanía,9,Villarrica,9120,2,2020-08-17
La Araucanía,9,Villarrica,9120,1,2020-08-20
La Araucanía,9,Villarrica,9120,2,2020-08-21
La Araucanía,9,Villarrica,9120,1,2020-08-24
La Araucanía,9,Villarrica,9120,1,2020-08-25
La Araucanía,9,Villarrica,9120,1,2020-08-29
La Araucanía,9,Villarrica,9120,2,2020-08-31
La Araucanía,9,Villarrica,9120,1,2020-09-05
La Araucanía,9,Villarrica,9120,1,2020-09-07
La Araucanía,9,Villarrica,9120,1,2020-09-08
La Araucanía,9,Villarrica,9120,1,2020-09-12
La Araucanía,9,Villarrica,9120,2,2020-09-14
La Araucanía,9,Villarrica,9120,6,2020-09-21
La Araucanía,9,Villarrica,9120,2,2020-09-22
La Araucanía,9,Villarrica,9120,1,2020-09-24
La Araucanía,9,Villarrica,9120,1,2020-09-27
La Araucanía,9,Villarrica,9120,2,2020-09-28
La Araucanía,9,Villarrica,9120,3,2020-09-29
La Araucanía,9,Villarrica,9120,2,2020-09-30
La Araucanía,9,Villarrica,9120,3,2020-10-02
La Araucanía,9,Villarrica,9120,3,2020-10-05
La Araucanía,9,Villarrica,9120,4,2020-10-07
La Araucanía,9,Villarrica,9120,1,2020-10-08
La Araucanía,9,Villarrica,9120,1,2020-10-13
La Araucanía,9,Villarrica,9120,3,2020-10-14
La Araucanía,9,Villarrica,9120,2,2020-10-16
La Araucanía,9,Villarrica,9120,1,2020-10-19
La Araucanía,9,Villarrica,9120,1,2020-10-20
La Araucanía,9,Villarrica,9120,1,2020-10-21
La Araucanía,9,Villarrica,9120,1,2020-10-22
La Araucanía,9,Villarrica,9120,2,2020-10-23
La Araucanía,9,Villarrica,9120,2,2020-10-26
La Araucanía,9,Villarrica,9120,4,2020-11-02
La Araucanía,9,Villarrica,9120,1,2020-11-03
La Araucanía,9,Villarrica,9120,4,2020-11-06
La Araucanía,9,Villarrica,9120,1,2020-11-09
La Araucanía,9,Villarrica,9120,2,2020-11-11
La Araucanía,9,Villarrica,9120,2,2020-11-13
La Araucanía,9,Villarrica,9120,4,2020-11-16
La Araucanía,9,Villarrica,9120,3,2020-11-18
La Araucanía,9,Villarrica,9120,1,2020-11-21
La Araucanía,9,Villarrica,9120,2,2020-11-23
La Araucanía,9,Villarrica,9120,3,2020-11-25
La Araucanía,9,Villarrica,9120,3,2020-11-27
La Araucanía,9,Villarrica,9120,1,2020-12-01
La Araucanía,9,Villarrica,9120,1,2020-12-02
La Araucanía,9,Villarrica,9120,3,2020-12-03
La Araucanía,9,Villarrica,9120,3,2020-12-04
La Araucanía,9,Villarrica,9120,3,2020-12-07
La Araucanía,9,Villarrica,9120,3,2020-12-09
La Araucanía,9,Villarrica,9120,2,2020-12-14
La Araucanía,9,Villarrica,9120,1,2020-12-16
La Araucanía,9,Villarrica,9120,1,2020-12-18
La Araucanía,9,Villarrica,9120,2,2020-12-19
La Araucanía,9,Villarrica,9120,1,2020-12-21
La Araucanía,9,Villarrica,9120,1,2020-12-22
La Araucanía,9,Villarrica,9120,3,2020-12-23
La Araucanía,9,Villarrica,9120,2,2020-12-26
La Araucanía,9,Villarrica,9120,4,2020-12-28
La Araucanía,9,Villarrica,9120,2,2020-12-29
La Araucanía,9,Villarrica,9120,2,2020-12-30
La Araucanía,9,Villarrica,9120,1,2020-12-31
La Araucanía,9,Villarrica,9120,1,2021-01-02
La Araucanía,9,Villarrica,9120,5,2021-01-04
La Araucanía,9,Villarrica,9120,2,2021-01-05
La Araucanía,9,Villarrica,9120,1,2021-01-07
La Araucanía,9,Villarrica,9120,2,2021-01-08
La Araucanía,9,Villarrica,9120,2,2021-01-11
La Araucanía,9,Villarrica,9120,1,2021-01-13
La Araucanía,9,Cholchol,9121,1,2020-01-02
La Araucanía,9,Cholchol,9121,1,2020-01-06
La Araucanía,9,Cholchol,9121,1,2020-01-07
La Araucanía,9,Cholchol,9121,1,2020-01-15
La Araucanía,9,Cholchol,9121,1,2020-01-23
La Araucanía,9,Cholchol,9121,1,2020-01-31
La Araucanía,9,Cholchol,9121,1,2020-02-04
La Araucanía,9,Cholchol,9121,2,2020-02-07
La Araucanía,9,Cholchol,9121,1,2020-02-11
La Araucanía,9,Cholchol,9121,1,2020-02-14
La Araucanía,9,Cholchol,9121,1,2020-02-24
La Araucanía,9,Cholchol,9121,1,2020-02-28
La Araucanía,9,Cholchol,9121,1,2020-03-23
La Araucanía,9,Cholchol,9121,1,2020-03-30
La Araucanía,9,Cholchol,9121,1,2020-04-03
La Araucanía,9,Cholchol,9121,1,2020-04-20
La Araucanía,9,Cholchol,9121,1,2020-04-23
La Araucanía,9,Cholchol,9121,1,2020-04-27
La Araucanía,9,Cholchol,9121,1,2020-04-28
La Araucanía,9,Cholchol,9121,1,2020-05-04
La Araucanía,9,Cholchol,9121,1,2020-05-15
La Araucanía,9,Cholchol,9121,1,2020-06-10
La Araucanía,9,Cholchol,9121,1,2020-06-16
La Araucanía,9,Cholchol,9121,1,2020-07-22
La Araucanía,9,Cholchol,9121,0,2020-07-27
La Araucanía,9,Cholchol,9121,1,2020-08-07
La Araucanía,9,Cholchol,9121,1,2020-08-10
La Araucanía,9,Cholchol,9121,1,2020-08-12
La Araucanía,9,Cholchol,9121,1,2020-08-13
La Araucanía,9,Cholchol,9121,1,2020-08-14
La Araucanía,9,Cholchol,9121,1,2020-08-24
La Araucanía,9,Cholchol,9121,1,2020-09-04
La Araucanía,9,Cholchol,9121,2,2020-09-09
La Araucanía,9,Cholchol,9121,1,2020-09-11
La Araucanía,9,Cholchol,9121,1,2020-09-16
La Araucanía,9,Cholchol,9121,2,2020-09-23
La Araucanía,9,Cholchol,9121,1,2020-10-05
La Araucanía,9,Cholchol,9121,1,2020-10-14
La Araucanía,9,Cholchol,9121,1,2020-10-16
La Araucanía,9,Cholchol,9121,1,2020-10-19
La Araucanía,9,Cholchol,9121,2,2020-10-21
La Araucanía,9,Cholchol,9121,1,2020-10-23
La Araucanía,9,Cholchol,9121,1,2020-10-26
La Araucanía,9,Cholchol,9121,1,2020-10-28
La Araucanía,9,Cholchol,9121,1,2020-10-30
La Araucanía,9,Cholchol,9121,1,2020-11-04
La Araucanía,9,Cholchol,9121,1,2020-11-06
La Araucanía,9,Cholchol,9121,1,2020-12-02
La Araucanía,9,Cholchol,9121,2,2020-12-04
La Araucanía,9,Cholchol,9121,1,2020-12-14
La Araucanía,9,Cholchol,9121,1,2020-12-21
La Araucanía,9,Cholchol,9121,1,2020-12-23
La Araucanía,9,Cholchol,9121,2,2020-12-28
La Araucanía,9,Angol,9201,3,2020-01-02
La Araucanía,9,Angol,9201,3,2020-01-06
La Araucanía,9,Angol,9201,1,2020-01-09
La Araucanía,9,Angol,9201,1,2020-01-10
La Araucanía,9,Angol,9201,1,2020-01-13
La Araucanía,9,Angol,9201,1,2020-01-14
La Araucanía,9,Angol,9201,1,2020-01-15
La Araucanía,9,Angol,9201,2,2020-01-17
La Araucanía,9,Angol,9201,8,2020-01-20
La Araucanía,9,Angol,9201,3,2020-01-21
La Araucanía,9,Angol,9201,1,2020-01-22
La Araucanía,9,Angol,9201,1,2020-01-23
La Araucanía,9,Angol,9201,2,2020-01-24
La Araucanía,9,Angol,9201,3,2020-01-27
La Araucanía,9,Angol,9201,1,2020-01-28
La Araucanía,9,Angol,9201,4,2020-01-30
La Araucanía,9,Angol,9201,2,2020-01-31
La Araucanía,9,Angol,9201,1,2020-02-03
La Araucanía,9,Angol,9201,1,2020-02-04
La Araucanía,9,Angol,9201,1,2020-02-05
La Araucanía,9,Angol,9201,1,2020-02-06
La Araucanía,9,Angol,9201,3,2020-02-07
La Araucanía,9,Angol,9201,4,2020-02-10
La Araucanía,9,Angol,9201,2,2020-02-11
La Araucanía,9,Angol,9201,1,2020-02-12
La Araucanía,9,Angol,9201,2,2020-02-14
La Araucanía,9,Angol,9201,3,2020-02-17
La Araucanía,9,Angol,9201,2,2020-02-19
La Araucanía,9,Angol,9201,2,2020-02-21
La Araucanía,9,Angol,9201,2,2020-02-24
La Araucanía,9,Angol,9201,1,2020-02-26
La Araucanía,9,Angol,9201,1,2020-02-28
La Araucanía,9,Angol,9201,2,2020-03-02
La Araucanía,9,Angol,9201,1,2020-03-06
La Araucanía,9,Angol,9201,6,2020-03-09
La Araucanía,9,Angol,9201,1,2020-03-10
La Araucanía,9,Angol,9201,1,2020-03-11
La Araucanía,9,Angol,9201,1,2020-03-12
La Araucanía,9,Angol,9201,4,2020-03-16
La Araucanía,9,Angol,9201,3,2020-03-17
La Araucanía,9,Angol,9201,1,2020-03-19
La Araucanía,9,Angol,9201,2,2020-03-23
La Araucanía,9,Angol,9201,2,2020-03-26
La Araucanía,9,Angol,9201,1,2020-03-27
La Araucanía,9,Angol,9201,4,2020-03-30
La Araucanía,9,Angol,9201,1,2020-03-31
La Araucanía,9,Angol,9201,1,2020-04-02
La Araucanía,9,Angol,9201,4,2020-04-06
La Araucanía,9,Angol,9201,1,2020-04-07
La Araucanía,9,Angol,9201,2,2020-04-08
La Araucanía,9,Angol,9201,3,2020-04-09
La Araucanía,9,Angol,9201,2,2020-04-14
La Araucanía,9,Angol,9201,1,2020-04-15
La Araucanía,9,Angol,9201,1,2020-04-17
La Araucanía,9,Angol,9201,2,2020-04-20
La Araucanía,9,Angol,9201,1,2020-04-21
La Araucanía,9,Angol,9201,2,2020-04-22
La Araucanía,9,Angol,9201,2,2020-04-23
La Araucanía,9,Angol,9201,2,2020-04-24
La Araucanía,9,Angol,9201,4,2020-04-27
La Araucanía,9,Angol,9201,2,2020-04-28
La Araucanía,9,Angol,9201,2,2020-04-29
La Araucanía,9,Angol,9201,4,2020-05-04
La Araucanía,9,Angol,9201,3,2020-05-05
La Araucanía,9,Angol,9201,1,2020-05-08
La Araucanía,9,Angol,9201,3,2020-05-11
La Araucanía,9,Angol,9201,2,2020-05-13
La Araucanía,9,Angol,9201,2,2020-05-14
La Araucanía,9,Angol,9201,3,2020-05-15
La Araucanía,9,Angol,9201,1,2020-05-18
La Araucanía,9,Angol,9201,2,2020-05-19
La Araucanía,9,Angol,9201,2,2020-05-22
La Araucanía,9,Angol,9201,6,2020-05-25
La Araucanía,9,Angol,9201,2,2020-05-26
La Araucanía,9,Angol,9201,2,2020-05-27
La Araucanía,9,Angol,9201,1,2020-05-28
La Araucanía,9,Angol,9201,1,2020-05-29
La Araucanía,9,Angol,9201,2,2020-06-01
La Araucanía,9,Angol,9201,3,2020-06-03
La Araucanía,9,Angol,9201,1,2020-06-04
La Araucanía,9,Angol,9201,2,2020-06-05
La Araucanía,9,Angol,9201,5,2020-06-08
La Araucanía,9,Angol,9201,2,2020-06-09
La Araucanía,9,Angol,9201,1,2020-06-10
La Araucanía,9,Angol,9201,3,2020-06-12
La Araucanía,9,Angol,9201,5,2020-06-15
La Araucanía,9,Angol,9201,2,2020-06-16
La Araucanía,9,Angol,9201,3,2020-06-17
La Araucanía,9,Angol,9201,4,2020-06-22
La Araucanía,9,Angol,9201,2,2020-06-23
La Araucanía,9,Angol,9201,4,2020-06-24
La Araucanía,9,Angol,9201,2,2020-06-25
La Araucanía,9,Angol,9201,2,2020-06-26
La Araucanía,9,Angol,9201,4,2020-06-30
La Araucanía,9,Angol,9201,5,2020-07-01
La Araucanía,9,Angol,9201,2,2020-07-06
La Araucanía,9,Angol,9201,1,2020-07-07
La Araucanía,9,Angol,9201,1,2020-07-09
La Araucanía,9,Angol,9201,3,2020-07-10
La Araucanía,9,Angol,9201,4,2020-07-13
La Araucanía,9,Angol,9201,2,2020-07-14
La Araucanía,9,Angol,9201,1,2020-07-15
La Araucanía,9,Angol,9201,3,2020-07-17
La Araucanía,9,Angol,9201,5,2020-07-20
La Araucanía,9,Angol,9201,1,2020-07-21
La Araucanía,9,Angol,9201,1,2020-07-22
La Araucanía,9,Angol,9201,4,2020-07-27
La Araucanía,9,Angol,9201,3,2020-07-28
La Araucanía,9,Angol,9201,3,2020-07-29
La Araucanía,9,Angol,9201,2,2020-08-03
La Araucanía,9,Angol,9201,1,2020-08-04
La Araucanía,9,Angol,9201,1,2020-08-05
La Araucanía,9,Angol,9201,2,2020-08-06
La Araucanía,9,Angol,9201,2,2020-08-10
La Araucanía,9,Angol,9201,1,2020-08-11
La Araucanía,9,Angol,9201,1,2020-08-14
La Araucanía,9,Angol,9201,1,2020-08-17
La Araucanía,9,Angol,9201,5,2020-08-18
La Araucanía,9,Angol,9201,5,2020-08-19
La Araucanía,9,Angol,9201,2,2020-08-20
La Araucanía,9,Angol,9201,2,2020-08-21
La Araucanía,9,Angol,9201,4,2020-08-24
La Araucanía,9,Angol,9201,2,2020-08-25
La Araucanía,9,Angol,9201,1,2020-08-26
La Araucanía,9,Angol,9201,2,2020-08-27
La Araucanía,9,Angol,9201,1,2020-08-28
La Araucanía,9,Angol,9201,2,2020-08-31
La Araucanía,9,Angol,9201,2,2020-09-01
La Araucanía,9,Angol,9201,1,2020-09-03
La Araucanía,9,Angol,9201,3,2020-09-04
La Araucanía,9,Angol,9201,5,2020-09-07
La Araucanía,9,Angol,9201,3,2020-09-08
La Araucanía,9,Angol,9201,1,2020-09-09
La Araucanía,9,Angol,9201,1,2020-09-10
La Araucanía,9,Angol,9201,2,2020-09-11
La Araucanía,9,Angol,9201,1,2020-09-14
La Araucanía,9,Angol,9201,4,2020-09-15
La Araucanía,9,Angol,9201,2,2020-09-16
La Araucanía,9,Angol,9201,6,2020-09-21
La Araucanía,9,Angol,9201,2,2020-09-22
La Araucanía,9,Angol,9201,1,2020-09-23
La Araucanía,9,Angol,9201,2,2020-09-24
La Araucanía,9,Angol,9201,3,2020-09-25
La Araucanía,9,Angol,9201,3,2020-09-28
La Araucanía,9,Angol,9201,2,2020-09-29
La Araucanía,9,Angol,9201,2,2020-09-30
La Araucanía,9,Angol,9201,2,2020-10-01
La Araucanía,9,Angol,9201,4,2020-10-05
La Araucanía,9,Angol,9201,1,2020-10-06
La Araucanía,9,Angol,9201,3,2020-10-07
La Araucanía,9,Angol,9201,2,2020-10-08
La Araucanía,9,Angol,9201,1,2020-10-09
La Araucanía,9,Angol,9201,6,2020-10-13
La Araucanía,9,Angol,9201,1,2020-10-14
La Araucanía,9,Angol,9201,1,2020-10-15
La Araucanía,9,Angol,9201,5,2020-10-16
La Araucanía,9,Angol,9201,2,2020-10-19
La Araucanía,9,Angol,9201,1,2020-10-20
La Araucanía,9,Angol,9201,2,2020-10-23
La Araucanía,9,Angol,9201,1,2020-10-26
La Araucanía,9,Angol,9201,1,2020-10-28
La Araucanía,9,Angol,9201,1,2020-10-29
La Araucanía,9,Angol,9201,3,2020-10-30
La Araucanía,9,Angol,9201,4,2020-11-02
La Araucanía,9,Angol,9201,1,2020-11-03
La Araucanía,9,Angol,9201,3,2020-11-04
La Araucanía,9,Angol,9201,3,2020-11-05
La Araucanía,9,Angol,9201,5,2020-11-09
La Araucanía,9,Angol,9201,1,2020-11-10
La Araucanía,9,Angol,9201,1,2020-11-11
La Araucanía,9,Angol,9201,3,2020-11-16
La Araucanía,9,Angol,9201,1,2020-11-17
La Araucanía,9,Angol,9201,1,2020-11-18
La Araucanía,9,Angol,9201,3,2020-11-19
La Araucanía,9,Angol,9201,3,2020-11-20
La Araucanía,9,Angol,9201,2,2020-11-23
La Araucanía,9,Angol,9201,3,2020-11-24
La Araucanía,9,Angol,9201,1,2020-11-25
La Araucanía,9,Angol,9201,1,2020-11-26
La Araucanía,9,Angol,9201,4,2020-11-30
La Araucanía,9,Angol,9201,2,2020-12-01
La Araucanía,9,Angol,9201,1,2020-12-02
La Araucanía,9,Angol,9201,1,2020-12-03
La Araucanía,9,Angol,9201,2,2020-12-04
La Araucanía,9,Angol,9201,6,2020-12-07
La Araucanía,9,Angol,9201,2,2020-12-09
La Araucanía,9,Angol,9201,2,2020-12-10
La Araucanía,9,Angol,9201,1,2020-12-14
La Araucanía,9,Angol,9201,1,2020-12-15
La Araucanía,9,Angol,9201,2,2020-12-16
La Araucanía,9,Angol,9201,2,2020-12-17
La Araucanía,9,Angol,9201,2,2020-12-18
La Araucanía,9,Angol,9201,7,2020-12-21
La Araucanía,9,Angol,9201,2,2020-12-23
La Araucanía,9,Angol,9201,5,2020-12-24
La Araucanía,9,Angol,9201,12,2020-12-28
La Araucanía,9,Angol,9201,3,2020-12-29
La Araucanía,9,Angol,9201,1,2020-12-30
La Araucanía,9,Angol,9201,1,2020-12-31
La Araucanía,9,Angol,9201,4,2021-01-04
La Araucanía,9,Angol,9201,2,2021-01-05
La Araucanía,9,Angol,9201,1,2021-01-06
La Araucanía,9,Angol,9201,1,2021-01-07
La Araucanía,9,Angol,9201,3,2021-01-11
La Araucanía,9,Angol,9201,1,2021-01-12
La Araucanía,9,Angol,9201,4,2021-01-13
La Araucanía,9,Angol,9201,3,2021-01-14
La Araucanía,9,Collipulli,9202,3,2020-01-02
La Araucanía,9,Collipulli,9202,1,2020-01-07
La Araucanía,9,Collipulli,9202,1,2020-01-08
La Araucanía,9,Collipulli,9202,1,2020-01-13
La Araucanía,9,Collipulli,9202,1,2020-01-20
La Araucanía,9,Collipulli,9202,2,2020-01-22
La Araucanía,9,Collipulli,9202,1,2020-01-27
La Araucanía,9,Collipulli,9202,1,2020-01-30
La Araucanía,9,Collipulli,9202,1,2020-02-05
La Araucanía,9,Collipulli,9202,2,2020-02-18
La Araucanía,9,Collipulli,9202,1,2020-02-20
La Araucanía,9,Collipulli,9202,2,2020-02-24
La Araucanía,9,Collipulli,9202,1,2020-03-12
La Araucanía,9,Collipulli,9202,1,2020-03-16
La Araucanía,9,Collipulli,9202,1,2020-03-19
La Araucanía,9,Collipulli,9202,1,2020-03-23
La Araucanía,9,Collipulli,9202,1,2020-03-24
La Araucanía,9,Collipulli,9202,1,2020-03-26
La Araucanía,9,Collipulli,9202,1,2020-03-31
La Araucanía,9,Collipulli,9202,1,2020-04-01
La Araucanía,9,Collipulli,9202,1,2020-04-06
La Araucanía,9,Collipulli,9202,1,2020-04-08
La Araucanía,9,Collipulli,9202,1,2020-04-09
La Araucanía,9,Collipulli,9202,1,2020-04-13
La Araucanía,9,Collipulli,9202,1,2020-04-15
La Araucanía,9,Collipulli,9202,4,2020-04-20
La Araucanía,9,Collipulli,9202,1,2020-04-22
La Araucanía,9,Collipulli,9202,1,2020-05-04
La Araucanía,9,Collipulli,9202,1,2020-05-05
La Araucanía,9,Collipulli,9202,1,2020-05-06
La Araucanía,9,Collipulli,9202,2,2020-05-11
La Araucanía,9,Collipulli,9202,1,2020-05-13
La Araucanía,9,Collipulli,9202,1,2020-05-14
La Araucanía,9,Collipulli,9202,1,2020-05-15
La Araucanía,9,Collipulli,9202,1,2020-05-18
La Araucanía,9,Collipulli,9202,1,2020-05-19
La Araucanía,9,Collipulli,9202,1,2020-05-20
La Araucanía,9,Collipulli,9202,1,2020-05-28
La Araucanía,9,Collipulli,9202,1,2020-06-03
La Araucanía,9,Collipulli,9202,1,2020-06-05
La Araucanía,9,Collipulli,9202,1,2020-06-08
La Araucanía,9,Collipulli,9202,2,2020-06-15
La Araucanía,9,Collipulli,9202,1,2020-06-18
La Araucanía,9,Collipulli,9202,1,2020-06-25
La Araucanía,9,Collipulli,9202,1,2020-06-30
La Araucanía,9,Collipulli,9202,2,2020-07-06
La Araucanía,9,Collipulli,9202,1,2020-07-13
La Araucanía,9,Collipulli,9202,1,2020-07-14
La Araucanía,9,Collipulli,9202,0,2020-07-20
La Araucanía,9,Collipulli,9202,1,2020-07-28
La Araucanía,9,Collipulli,9202,1,2020-07-29
La Araucanía,9,Collipulli,9202,1,2020-07-31
La Araucanía,9,Collipulli,9202,4,2020-08-10
La Araucanía,9,Collipulli,9202,1,2020-08-12
La Araucanía,9,Collipulli,9202,1,2020-08-14
La Araucanía,9,Collipulli,9202,1,2020-08-17
La Araucanía,9,Collipulli,9202,2,2020-08-18
La Araucanía,9,Collipulli,9202,1,2020-08-20
La Araucanía,9,Collipulli,9202,1,2020-08-25
La Araucanía,9,Collipulli,9202,1,2020-08-27
La Araucanía,9,Collipulli,9202,1,2020-08-31
La Araucanía,9,Collipulli,9202,1,2020-09-01
La Araucanía,9,Collipulli,9202,2,2020-09-07
La Araucanía,9,Collipulli,9202,1,2020-09-10
La Araucanía,9,Collipulli,9202,3,2020-09-14
La Araucanía,9,Collipulli,9202,1,2020-09-15
La Araucanía,9,Collipulli,9202,1,2020-09-16
La Araucanía,9,Collipulli,9202,1,2020-09-24
La Araucanía,9,Collipulli,9202,2,2020-09-25
La Araucanía,9,Collipulli,9202,1,2020-10-01
La Araucanía,9,Collipulli,9202,1,2020-10-07
La Araucanía,9,Collipulli,9202,1,2020-10-08
La Araucanía,9,Collipulli,9202,2,2020-10-13
La Araucanía,9,Collipulli,9202,1,2020-10-19
La Araucanía,9,Collipulli,9202,1,2020-10-22
La Araucanía,9,Collipulli,9202,1,2020-10-23
La Araucanía,9,Collipulli,9202,1,2020-10-27
La Araucanía,9,Collipulli,9202,1,2020-10-28
La Araucanía,9,Collipulli,9202,1,2020-10-29
La Araucanía,9,Collipulli,9202,1,2020-11-03
La Araucanía,9,Collipulli,9202,1,2020-11-04
La Araucanía,9,Collipulli,9202,1,2020-11-05
La Araucanía,9,Collipulli,9202,1,2020-11-12
La Araucanía,9,Collipulli,9202,1,2020-11-13
La Araucanía,9,Collipulli,9202,2,2020-11-16
La Araucanía,9,Collipulli,9202,1,2020-11-19
La Araucanía,9,Collipulli,9202,2,2020-11-23
La Araucanía,9,Collipulli,9202,1,2020-11-24
La Araucanía,9,Collipulli,9202,0,2020-11-26
La Araucanía,9,Collipulli,9202,2,2020-11-30
La Araucanía,9,Collipulli,9202,2,2020-12-01
La Araucanía,9,Collipulli,9202,1,2020-12-02
La Araucanía,9,Collipulli,9202,1,2020-12-10
La Araucanía,9,Collipulli,9202,1,2020-12-11
La Araucanía,9,Collipulli,9202,3,2020-12-14
La Araucanía,9,Collipulli,9202,1,2020-12-15
La Araucanía,9,Collipulli,9202,1,2020-12-17
La Araucanía,9,Collipulli,9202,0,2020-12-22
La Araucanía,9,Collipulli,9202,1,2020-12-23
La Araucanía,9,Collipulli,9202,1,2020-12-28
La Araucanía,9,Collipulli,9202,1,2020-12-29
La Araucanía,9,Collipulli,9202,2,2020-12-30
La Araucanía,9,Collipulli,9202,1,2021-01-05
La Araucanía,9,Collipulli,9202,1,2021-01-11
La Araucanía,9,Collipulli,9202,1,2021-01-14
La Araucanía,9,Curacautín,9203,2,2020-01-06
La Araucanía,9,Curacautín,9203,1,2020-01-10
La Araucanía,9,Curacautín,9203,1,2020-01-13
La Araucanía,9,Curacautín,9203,1,2020-01-14
La Araucanía,9,Curacautín,9203,1,2020-01-20
La Araucanía,9,Curacautín,9203,1,2020-01-21
La Araucanía,9,Curacautín,9203,1,2020-01-22
La Araucanía,9,Curacautín,9203,1,2020-01-28
La Araucanía,9,Curacautín,9203,1,2020-01-30
La Araucanía,9,Curacautín,9203,1,2020-02-04
La Araucanía,9,Curacautín,9203,1,2020-02-07
La Araucanía,9,Curacautín,9203,1,2020-02-10
La Araucanía,9,Curacautín,9203,1,2020-02-21
La Araucanía,9,Curacautín,9203,3,2020-03-02
La Araucanía,9,Curacautín,9203,1,2020-03-05
La Araucanía,9,Curacautín,9203,3,2020-03-09
La Araucanía,9,Curacautín,9203,4,2020-03-16
La Araucanía,9,Curacautín,9203,4,2020-03-23
La Araucanía,9,Curacautín,9203,1,2020-03-24
La Araucanía,9,Curacautín,9203,2,2020-03-26
La Araucanía,9,Curacautín,9203,1,2020-04-02
La Araucanía,9,Curacautín,9203,2,2020-04-06
La Araucanía,9,Curacautín,9203,2,2020-04-08
La Araucanía,9,Curacautín,9203,2,2020-04-09
La Araucanía,9,Curacautín,9203,2,2020-04-13
La Araucanía,9,Curacautín,9203,1,2020-04-17
La Araucanía,9,Curacautín,9203,1,2020-04-27
La Araucanía,9,Curacautín,9203,1,2020-05-04
La Araucanía,9,Curacautín,9203,2,2020-05-05
La Araucanía,9,Curacautín,9203,1,2020-05-06
La Araucanía,9,Curacautín,9203,1,2020-05-08
La Araucanía,9,Curacautín,9203,1,2020-05-12
La Araucanía,9,Curacautín,9203,1,2020-05-14
La Araucanía,9,Curacautín,9203,1,2020-05-22
La Araucanía,9,Curacautín,9203,1,2020-05-25
La Araucanía,9,Curacautín,9203,1,2020-05-26
La Araucanía,9,Curacautín,9203,1,2020-06-01
La Araucanía,9,Curacautín,9203,1,2020-06-08
La Araucanía,9,Curacautín,9203,3,2020-06-15
La Araucanía,9,Curacautín,9203,1,2020-06-25
La Araucanía,9,Curacautín,9203,1,2020-06-30
La Araucanía,9,Curacautín,9203,1,2020-07-03
La Araucanía,9,Curacautín,9203,1,2020-07-09
La Araucanía,9,Curacautín,9203,2,2020-07-15
La Araucanía,9,Curacautín,9203,1,2020-07-27
La Araucanía,9,Curacautín,9203,1,2020-07-30
La Araucanía,9,Curacautín,9203,1,2020-07-31
La Araucanía,9,Curacautín,9203,1,2020-08-14
La Araucanía,9,Curacautín,9203,1,2020-08-17
La Araucanía,9,Curacautín,9203,1,2020-08-19
La Araucanía,9,Curacautín,9203,1,2020-08-20
La Araucanía,9,Curacautín,9203,1,2020-08-24
La Araucanía,9,Curacautín,9203,1,2020-08-26
La Araucanía,9,Curacautín,9203,2,2020-08-31
La Araucanía,9,Curacautín,9203,2,2020-09-01
La Araucanía,9,Curacautín,9203,1,2020-09-02
La Araucanía,9,Curacautín,9203,1,2020-09-03
La Araucanía,9,Curacautín,9203,1,2020-09-16
La Araucanía,9,Curacautín,9203,1,2020-09-21
La Araucanía,9,Curacautín,9203,1,2020-09-25
La Araucanía,9,Curacautín,9203,1,2020-09-28
La Araucanía,9,Curacautín,9203,1,2020-10-01
La Araucanía,9,Curacautín,9203,1,2020-10-05
La Araucanía,9,Curacautín,9203,1,2020-10-07
La Araucanía,9,Curacautín,9203,2,2020-10-13
La Araucanía,9,Curacautín,9203,2,2020-10-14
La Araucanía,9,Curacautín,9203,1,2020-10-15
La Araucanía,9,Curacautín,9203,1,2020-10-19
La Araucanía,9,Curacautín,9203,1,2020-10-28
La Araucanía,9,Curacautín,9203,2,2020-10-30
La Araucanía,9,Curacautín,9203,2,2020-11-02
La Araucanía,9,Curacautín,9203,1,2020-11-03
La Araucanía,9,Curacautín,9203,2,2020-11-05
La Araucanía,9,Curacautín,9203,2,2020-11-06
La Araucanía,9,Curacautín,9203,3,2020-11-09
La Araucanía,9,Curacautín,9203,1,2020-11-18
La Araucanía,9,Curacautín,9203,1,2020-11-23
La Araucanía,9,Curacautín,9203,1,2020-11-25
La Araucanía,9,Curacautín,9203,1,2020-11-30
La Araucanía,9,Curacautín,9203,1,2020-12-03
La Araucanía,9,Curacautín,9203,2,2020-12-04
La Araucanía,9,Curacautín,9203,1,2020-12-07
La Araucanía,9,Curacautín,9203,1,2020-12-09
La Araucanía,9,Curacautín,9203,2,2020-12-11
La Araucanía,9,Curacautín,9203,1,2020-12-15
La Araucanía,9,Curacautín,9203,1,2020-12-16
La Araucanía,9,Curacautín,9203,2,2020-12-18
La Araucanía,9,Curacautín,9203,2,2020-12-21
La Araucanía,9,Curacautín,9203,1,2020-12-23
La Araucanía,9,Curacautín,9203,1,2020-12-28
La Araucanía,9,Curacautín,9203,1,2020-12-30
La Araucanía,9,Curacautín,9203,1,2021-01-14
La Araucanía,9,Ercilla,9204,1,2020-01-06
La Araucanía,9,Ercilla,9204,1,2020-01-07
La Araucanía,9,Ercilla,9204,1,2020-01-16
La Araucanía,9,Ercilla,9204,1,2020-01-20
La Araucanía,9,Ercilla,9204,1,2020-01-23
La Araucanía,9,Ercilla,9204,1,2020-03-23
La Araucanía,9,Ercilla,9204,1,2020-03-27
La Araucanía,9,Ercilla,9204,1,2020-03-30
La Araucanía,9,Ercilla,9204,1,2020-04-01
La Araucanía,9,Ercilla,9204,1,2020-04-06
La Araucanía,9,Ercilla,9204,1,2020-04-22
La Araucanía,9,Ercilla,9204,1,2020-05-11
La Araucanía,9,Ercilla,9204,1,2020-05-20
La Araucanía,9,Ercilla,9204,1,2020-06-03
La Araucanía,9,Ercilla,9204,1,2020-06-10
La Araucanía,9,Ercilla,9204,2,2020-06-30
La Araucanía,9,Ercilla,9204,1,2020-07-20
La Araucanía,9,Ercilla,9204,1,2020-07-28
La Araucanía,9,Ercilla,9204,1,2020-07-30
La Araucanía,9,Ercilla,9204,1,2020-08-10
La Araucanía,9,Ercilla,9204,1,2020-08-11
La Araucanía,9,Ercilla,9204,1,2020-09-10
La Araucanía,9,Ercilla,9204,2,2020-09-14
La Araucanía,9,Ercilla,9204,2,2020-09-22
La Araucanía,9,Ercilla,9204,1,2020-09-29
La Araucanía,9,Ercilla,9204,1,2020-09-30
La Araucanía,9,Ercilla,9204,1,2020-10-09
La Araucanía,9,Ercilla,9204,1,2020-10-30
La Araucanía,9,Ercilla,9204,1,2020-11-06
La Araucanía,9,Ercilla,9204,1,2020-11-18
La Araucanía,9,Ercilla,9204,1,2020-11-23
La Araucanía,9,Ercilla,9204,1,2020-12-02
La Araucanía,9,Ercilla,9204,2,2020-12-07
La Araucanía,9,Ercilla,9204,1,2020-12-10
La Araucanía,9,Ercilla,9204,1,2020-12-15
La Araucanía,9,Ercilla,9204,1,2020-12-29
La Araucanía,9,Ercilla,9204,1,2021-01-06
La Araucanía,9,Lonquimay,9205,1,2020-01-13
La Araucanía,9,Lonquimay,9205,1,2020-01-31
La Araucanía,9,Lonquimay,9205,1,2020-02-10
La Araucanía,9,Lonquimay,9205,2,2020-02-24
La Araucanía,9,Lonquimay,9205,1,2020-03-13
La Araucanía,9,Lonquimay,9205,1,2020-03-26
La Araucanía,9,Lonquimay,9205,1,2020-03-30
La Araucanía,9,Lonquimay,9205,1,2020-05-04
La Araucanía,9,Lonquimay,9205,1,2020-05-22
La Araucanía,9,Lonquimay,9205,1,2020-05-25
La Araucanía,9,Lonquimay,9205,1,2020-05-27
La Araucanía,9,Lonquimay,9205,1,2020-05-28
La Araucanía,9,Lonquimay,9205,1,2020-06-09
La Araucanía,9,Lonquimay,9205,1,2020-06-16
La Araucanía,9,Lonquimay,9205,1,2020-06-19
La Araucanía,9,Lonquimay,9205,1,2020-06-22
La Araucanía,9,Lonquimay,9205,1,2020-06-23
La Araucanía,9,Lonquimay,9205,2,2020-06-26
La Araucanía,9,Lonquimay,9205,1,2020-06-30
La Araucanía,9,Lonquimay,9205,1,2020-07-10
La Araucanía,9,Lonquimay,9205,2,2020-07-13
La Araucanía,9,Lonquimay,9205,1,2020-07-20
La Araucanía,9,Lonquimay,9205,1,2020-07-22
La Araucanía,9,Lonquimay,9205,1,2020-07-27
La Araucanía,9,Lonquimay,9205,1,2020-08-06
La Araucanía,9,Lonquimay,9205,2,2020-08-11
La Araucanía,9,Lonquimay,9205,2,2020-08-18
La Araucanía,9,Lonquimay,9205,1,2020-09-04
La Araucanía,9,Lonquimay,9205,1,2020-09-10
La Araucanía,9,Lonquimay,9205,2,2020-09-17
La Araucanía,9,Lonquimay,9205,1,2020-09-24
La Araucanía,9,Lonquimay,9205,1,2020-09-25
La Araucanía,9,Lonquimay,9205,1,2020-10-05
La Araucanía,9,Lonquimay,9205,1,2020-10-10
La Araucanía,9,Lonquimay,9205,1,2020-10-13
La Araucanía,9,Lonquimay,9205,2,2020-10-16
La Araucanía,9,Lonquimay,9205,1,2020-10-19
La Araucanía,9,Lonquimay,9205,1,2020-10-26
La Araucanía,9,Lonquimay,9205,1,2020-10-29
La Araucanía,9,Lonquimay,9205,1,2020-11-10
La Araucanía,9,Lonquimay,9205,1,2020-11-12
La Araucanía,9,Lonquimay,9205,1,2020-11-24
La Araucanía,9,Lonquimay,9205,1,2020-12-01
La Araucanía,9,Lonquimay,9205,1,2020-12-02
La Araucanía,9,Lonquimay,9205,1,2020-12-07
La Araucanía,9,Lonquimay,9205,1,2020-12-11
La Araucanía,9,Lonquimay,9205,1,2020-12-21
La Araucanía,9,Lonquimay,9205,1,2021-01-14
La Araucanía,9,Los Sauces,9206,1,2020-01-13
La Araucanía,9,Los Sauces,9206,1,2020-01-30
La Araucanía,9,Los Sauces,9206,1,2020-02-03
La Araucanía,9,Los Sauces,9206,1,2020-02-05
La Araucanía,9,Los Sauces,9206,1,2020-02-11
La Araucanía,9,Los Sauces,9206,1,2020-02-18
La Araucanía,9,Los Sauces,9206,1,2020-03-02
La Araucanía,9,Los Sauces,9206,1,2020-03-09
La Araucanía,9,Los Sauces,9206,1,2020-03-12
La Araucanía,9,Los Sauces,9206,1,2020-03-20
La Araucanía,9,Los Sauces,9206,1,2020-04-24
La Araucanía,9,Los Sauces,9206,1,2020-04-28
La Araucanía,9,Los Sauces,9206,1,2020-05-22
La Araucanía,9,Los Sauces,9206,1,2020-06-03
La Araucanía,9,Los Sauces,9206,1,2020-06-08
La Araucanía,9,Los Sauces,9206,1,2020-06-19
La Araucanía,9,Los Sauces,9206,1,2020-06-24
La Araucanía,9,Los Sauces,9206,1,2020-06-26
La Araucanía,9,Los Sauces,9206,1,2020-07-10
La Araucanía,9,Los Sauces,9206,1,2020-07-20
La Araucanía,9,Los Sauces,9206,1,2020-07-23
La Araucanía,9,Los Sauces,9206,1,2020-08-01
La Araucanía,9,Los Sauces,9206,1,2020-08-10
La Araucanía,9,Los Sauces,9206,1,2020-08-12
La Araucanía,9,Los Sauces,9206,1,2020-08-31
La Araucanía,9,Los Sauces,9206,2,2020-09-07
La Araucanía,9,Los Sauces,9206,1,2020-09-10
La Araucanía,9,Los Sauces,9206,1,2020-09-18
La Araucanía,9,Los Sauces,9206,1,2020-09-21
La Araucanía,9,Los Sauces,9206,1,2020-09-28
La Araucanía,9,Los Sauces,9206,1,2020-09-29
La Araucanía,9,Los Sauces,9206,1,2020-10-05
La Araucanía,9,Los Sauces,9206,1,2020-10-16
La Araucanía,9,Los Sauces,9206,1,2020-11-16
La Araucanía,9,Los Sauces,9206,1,2020-11-20
La Araucanía,9,Los Sauces,9206,1,2020-11-27
La Araucanía,9,Los Sauces,9206,2,2020-11-30
La Araucanía,9,Los Sauces,9206,1,2020-12-03
La Araucanía,9,Los Sauces,9206,1,2020-12-07
La Araucanía,9,Los Sauces,9206,1,2020-12-15
La Araucanía,9,Los Sauces,9206,1,2020-12-28
La Araucanía,9,Los Sauces,9206,1,2020-12-29
La Araucanía,9,Los Sauces,9206,1,2021-01-04
La Araucanía,9,Los Sauces,9206,2,2021-01-11
La Araucanía,9,Lumaco,9207,1,2020-01-06
La Araucanía,9,Lumaco,9207,1,2020-01-17
La Araucanía,9,Lumaco,9207,2,2020-01-20
La Araucanía,9,Lumaco,9207,1,2020-01-24
La Araucanía,9,Lumaco,9207,1,2020-01-30
La Araucanía,9,Lumaco,9207,1,2020-02-05
La Araucanía,9,Lumaco,9207,1,2020-02-17
La Araucanía,9,Lumaco,9207,1,2020-03-31
La Araucanía,9,Lumaco,9207,1,2020-04-02
La Araucanía,9,Lumaco,9207,1,2020-04-06
La Araucanía,9,Lumaco,9207,1,2020-04-20
La Araucanía,9,Lumaco,9207,1,2020-04-24
La Araucanía,9,Lumaco,9207,1,2020-05-29
La Araucanía,9,Lumaco,9207,1,2020-06-15
La Araucanía,9,Lumaco,9207,1,2020-06-23
La Araucanía,9,Lumaco,9207,1,2020-06-30
La Araucanía,9,Lumaco,9207,1,2020-07-02
La Araucanía,9,Lumaco,9207,2,2020-07-13
La Araucanía,9,Lumaco,9207,1,2020-07-14
La Araucanía,9,Lumaco,9207,1,2020-07-21
La Araucanía,9,Lumaco,9207,1,2020-08-06
La Araucanía,9,Lumaco,9207,1,2020-09-17
La Araucanía,9,Lumaco,9207,1,2020-10-26
La Araucanía,9,Lumaco,9207,2,2020-11-04
La Araucanía,9,Lumaco,9207,1,2020-11-20
La Araucanía,9,Lumaco,9207,1,2020-11-30
La Araucanía,9,Lumaco,9207,1,2020-12-02
La Araucanía,9,Lumaco,9207,1,2020-12-09
La Araucanía,9,Lumaco,9207,1,2020-12-11
La Araucanía,9,Lumaco,9207,1,2020-12-21
La Araucanía,9,Lumaco,9207,1,2021-01-11
La Araucanía,9,Purén,9208,1,2020-01-02
La Araucanía,9,Purén,9208,1,2020-01-07
La Araucanía,9,Purén,9208,1,2020-01-08
La Araucanía,9,Purén,9208,1,2020-01-09
La Araucanía,9,Purén,9208,1,2020-01-17
La Araucanía,9,Purén,9208,1,2020-01-20
La Araucanía,9,Purén,9208,1,2020-01-21
La Araucanía,9,Purén,9208,2,2020-01-28
La Araucanía,9,Purén,9208,1,2020-01-30
La Araucanía,9,Purén,9208,1,2020-02-04
La Araucanía,9,Purén,9208,1,2020-02-05
La Araucanía,9,Purén,9208,1,2020-02-06
La Araucanía,9,Purén,9208,1,2020-02-07
La Araucanía,9,Purén,9208,1,2020-02-14
La Araucanía,9,Purén,9208,1,2020-02-19
La Araucanía,9,Purén,9208,1,2020-02-24
La Araucanía,9,Purén,9208,1,2020-02-28
La Araucanía,9,Purén,9208,1,2020-04-06
La Araucanía,9,Purén,9208,1,2020-04-09
La Araucanía,9,Purén,9208,1,2020-04-13
La Araucanía,9,Purén,9208,1,2020-04-15
La Araucanía,9,Purén,9208,1,2020-04-29
La Araucanía,9,Purén,9208,1,2020-05-11
La Araucanía,9,Purén,9208,2,2020-05-12
La Araucanía,9,Purén,9208,1,2020-05-20
La Araucanía,9,Purén,9208,1,2020-05-22
La Araucanía,9,Purén,9208,2,2020-05-25
La Araucanía,9,Purén,9208,2,2020-05-29
La Araucanía,9,Purén,9208,1,2020-06-05
La Araucanía,9,Purén,9208,1,2020-06-08
La Araucanía,9,Purén,9208,1,2020-06-30
La Araucanía,9,Purén,9208,1,2020-07-02
La Araucanía,9,Purén,9208,1,2020-07-08
La Araucanía,9,Purén,9208,1,2020-07-10
La Araucanía,9,Purén,9208,1,2020-07-13
La Araucanía,9,Purén,9208,1,2020-07-15
La Araucanía,9,Purén,9208,1,2020-07-17
La Araucanía,9,Purén,9208,3,2020-07-20
La Araucanía,9,Purén,9208,1,2020-07-27
La Araucanía,9,Purén,9208,1,2020-07-29
La Araucanía,9,Purén,9208,1,2020-08-17
La Araucanía,9,Purén,9208,1,2020-08-20
La Araucanía,9,Purén,9208,1,2020-08-28
La Araucanía,9,Purén,9208,1,2020-08-31
La Araucanía,9,Purén,9208,1,2020-09-02
La Araucanía,9,Purén,9208,1,2020-09-17
La Araucanía,9,Purén,9208,1,2020-10-05
La Araucanía,9,Purén,9208,4,2020-10-19
La Araucanía,9,Purén,9208,1,2020-10-20
La Araucanía,9,Purén,9208,1,2020-10-23
La Araucanía,9,Purén,9208,1,2020-10-26
La Araucanía,9,Purén,9208,3,2020-10-27
La Araucanía,9,Purén,9208,1,2020-10-28
La Araucanía,9,Purén,9208,2,2020-11-09
La Araucanía,9,Purén,9208,1,2020-11-16
La Araucanía,9,Purén,9208,1,2020-11-17
La Araucanía,9,Purén,9208,1,2020-11-24
La Araucanía,9,Purén,9208,1,2020-11-26
La Araucanía,9,Purén,9208,1,2020-12-04
La Araucanía,9,Purén,9208,1,2020-12-07
La Araucanía,9,Purén,9208,1,2020-12-14
La Araucanía,9,Purén,9208,2,2020-12-21
La Araucanía,9,Purén,9208,1,2020-12-28
La Araucanía,9,Purén,9208,1,2020-12-29
La Araucanía,9,Purén,9208,2,2020-12-31
La Araucanía,9,Purén,9208,2,2021-01-11
La Araucanía,9,Renaico,9209,1,2020-01-24
La Araucanía,9,Renaico,9209,1,2020-02-19
La Araucanía,9,Renaico,9209,2,2020-03-03
La Araucanía,9,Renaico,9209,1,2020-03-20
La Araucanía,9,Renaico,9209,1,2020-03-30
La Araucanía,9,Renaico,9209,2,2020-04-24
La Araucanía,9,Renaico,9209,1,2020-04-30
La Araucanía,9,Renaico,9209,1,2020-05-12
La Araucanía,9,Renaico,9209,1,2020-05-14
La Araucanía,9,Renaico,9209,1,2020-05-22
La Araucanía,9,Renaico,9209,1,2020-05-28
La Araucanía,9,Renaico,9209,1,2020-06-02
La Araucanía,9,Renaico,9209,1,2020-06-16
La Araucanía,9,Renaico,9209,4,2020-06-23
La Araucanía,9,Renaico,9209,1,2020-06-25
La Araucanía,9,Renaico,9209,1,2020-07-10
La Araucanía,9,Renaico,9209,1,2020-07-14
La Araucanía,9,Renaico,9209,1,2020-08-07
La Araucanía,9,Renaico,9209,2,2020-08-10
La Araucanía,9,Renaico,9209,1,2020-08-14
La Araucanía,9,Renaico,9209,1,2020-08-24
La Araucanía,9,Renaico,9209,1,2020-08-26
La Araucanía,9,Renaico,9209,1,2020-09-04
La Araucanía,9,Renaico,9209,2,2020-09-07
La Araucanía,9,Renaico,9209,2,2020-09-21
La Araucanía,9,Renaico,9209,1,2020-09-28
La Araucanía,9,Renaico,9209,1,2020-10-26
La Araucanía,9,Renaico,9209,2,2020-11-02
La Araucanía,9,Renaico,9209,1,2020-11-04
La Araucanía,9,Renaico,9209,1,2020-11-09
La Araucanía,9,Renaico,9209,1,2020-11-23
La Araucanía,9,Renaico,9209,1,2020-12-01
La Araucanía,9,Renaico,9209,1,2020-12-04
La Araucanía,9,Renaico,9209,1,2020-12-07
La Araucanía,9,Renaico,9209,1,2020-12-09
La Araucanía,9,Renaico,9209,1,2020-12-10
La Araucanía,9,Renaico,9209,1,2020-12-17
La Araucanía,9,Renaico,9209,1,2020-12-21
La Araucanía,9,Renaico,9209,1,2020-12-29
La Araucanía,9,Renaico,9209,1,2020-12-30
La Araucanía,9,Renaico,9209,1,2021-01-04
La Araucanía,9,Renaico,9209,1,2021-01-11
La Araucanía,9,Traiguén,9210,1,2020-01-03
La Araucanía,9,Traiguén,9210,1,2020-01-08
La Araucanía,9,Traiguén,9210,1,2020-01-15
La Araucanía,9,Traiguén,9210,1,2020-01-17
La Araucanía,9,Traiguén,9210,1,2020-01-20
La Araucanía,9,Traiguén,9210,1,2020-01-24
La Araucanía,9,Traiguén,9210,1,2020-01-27
La Araucanía,9,Traiguén,9210,2,2020-01-28
La Araucanía,9,Traiguén,9210,1,2020-01-29
La Araucanía,9,Traiguén,9210,1,2020-02-03
La Araucanía,9,Traiguén,9210,2,2020-02-04
La Araucanía,9,Traiguén,9210,3,2020-02-10
La Araucanía,9,Traiguén,9210,1,2020-02-11
La Araucanía,9,Traiguén,9210,3,2020-02-12
La Araucanía,9,Traiguén,9210,1,2020-02-20
La Araucanía,9,Traiguén,9210,1,2020-02-21
La Araucanía,9,Traiguén,9210,2,2020-02-24
La Araucanía,9,Traiguén,9210,1,2020-03-02
La Araucanía,9,Traiguén,9210,1,2020-03-05
La Araucanía,9,Traiguén,9210,1,2020-03-06
La Araucanía,9,Traiguén,9210,3,2020-03-09
La Araucanía,9,Traiguén,9210,1,2020-03-12
La Araucanía,9,Traiguén,9210,2,2020-03-16
La Araucanía,9,Traiguén,9210,2,2020-03-18
La Araucanía,9,Traiguén,9210,5,2020-03-25
La Araucanía,9,Traiguén,9210,2,2020-03-27
La Araucanía,9,Traiguén,9210,1,2020-04-03
La Araucanía,9,Traiguén,9210,1,2020-04-06
La Araucanía,9,Traiguén,9210,2,2020-04-07
La Araucanía,9,Traiguén,9210,1,2020-04-13
La Araucanía,9,Traiguén,9210,1,2020-04-20
La Araucanía,9,Traiguén,9210,1,2020-04-24
La Araucanía,9,Traiguén,9210,2,2020-04-27
La Araucanía,9,Traiguén,9210,3,2020-04-29
La Araucanía,9,Traiguén,9210,1,2020-05-08
La Araucanía,9,Traiguén,9210,1,2020-05-11
La Araucanía,9,Traiguén,9210,1,2020-05-15
La Araucanía,9,Traiguén,9210,1,2020-05-18
La Araucanía,9,Traiguén,9210,2,2020-05-20
La Araucanía,9,Traiguén,9210,1,2020-05-29
La Araucanía,9,Traiguén,9210,4,2020-06-01
La Araucanía,9,Traiguén,9210,5,2020-06-05
La Araucanía,9,Traiguén,9210,3,2020-06-08
La Araucanía,9,Traiguén,9210,6,2020-06-12
La Araucanía,9,Traiguén,9210,1,2020-06-19
La Araucanía,9,Traiguén,9210,2,2020-06-22
La Araucanía,9,Traiguén,9210,2,2020-06-26
La Araucanía,9,Traiguén,9210,6,2020-06-30
La Araucanía,9,Traiguén,9210,3,2020-07-03
La Araucanía,9,Traiguén,9210,1,2020-07-06
La Araucanía,9,Traiguén,9210,1,2020-07-10
La Araucanía,9,Traiguén,9210,3,2020-07-13
La Araucanía,9,Traiguén,9210,1,2020-07-15
La Araucanía,9,Traiguén,9210,3,2020-07-17
La Araucanía,9,Traiguén,9210,1,2020-07-20
La Araucanía,9,Traiguén,9210,1,2020-07-24
La Araucanía,9,Traiguén,9210,1,2020-07-31
La Araucanía,9,Traiguén,9210,5,2020-08-06
La Araucanía,9,Traiguén,9210,1,2020-08-13
La Araucanía,9,Traiguén,9210,1,2020-08-20
La Araucanía,9,Traiguén,9210,1,2020-08-21
La Araucanía,9,Traiguén,9210,2,2020-08-26
La Araucanía,9,Traiguén,9210,1,2020-08-28
La Araucanía,9,Traiguén,9210,1,2020-08-31
La Araucanía,9,Traiguén,9210,1,2020-09-04
La Araucanía,9,Traiguén,9210,3,2020-09-07
La Araucanía,9,Traiguén,9210,1,2020-09-08
La Araucanía,9,Traiguén,9210,1,2020-09-15
La Araucanía,9,Traiguén,9210,6,2020-09-16
La Araucanía,9,Traiguén,9210,3,2020-09-21
La Araucanía,9,Traiguén,9210,1,2020-09-23
La Araucanía,9,Traiguén,9210,1,2020-09-24
La Araucanía,9,Traiguén,9210,1,2020-09-25
La Araucanía,9,Traiguén,9210,1,2020-09-30
La Araucanía,9,Traiguén,9210,2,2020-10-05
La Araucanía,9,Traiguén,9210,1,2020-10-07
La Araucanía,9,Traiguén,9210,1,2020-10-14
La Araucanía,9,Traiguén,9210,2,2020-10-16
La Araucanía,9,Traiguén,9210,1,2020-10-19
La Araucanía,9,Traiguén,9210,2,2020-10-21
La Araucanía,9,Traiguén,9210,2,2020-10-27
La Araucanía,9,Traiguén,9210,1,2020-10-30
La Araucanía,9,Traiguén,9210,2,2020-11-06
La Araucanía,9,Traiguén,9210,1,2020-11-09
La Araucanía,9,Traiguén,9210,1,2020-11-11
La Araucanía,9,Traiguén,9210,1,2020-11-13
La Araucanía,9,Traiguén,9210,1,2020-11-16
La Araucanía,9,Traiguén,9210,1,2020-11-17
La Araucanía,9,Traiguén,9210,1,2020-11-18
La Araucanía,9,Traiguén,9210,1,2020-11-25
La Araucanía,9,Traiguén,9210,2,2020-11-27
La Araucanía,9,Traiguén,9210,1,2020-12-04
La Araucanía,9,Traiguén,9210,1,2020-12-07
La Araucanía,9,Traiguén,9210,1,2020-12-09
La Araucanía,9,Traiguén,9210,1,2020-12-11
La Araucanía,9,Traiguén,9210,2,2020-12-18
La Araucanía,9,Traiguén,9210,4,2020-12-21
La Araucanía,9,Traiguén,9210,1,2021-01-04
La Araucanía,9,Traiguén,9210,7,2021-01-05
La Araucanía,9,Traiguén,9210,1,2021-01-06
La Araucanía,9,Traiguén,9210,1,2021-01-08
La Araucanía,9,Traiguén,9210,2,2021-01-11
La Araucanía,9,Traiguén,9210,1,2021-01-13
La Araucanía,9,Victoria,9211,4,2020-01-02
La Araucanía,9,Victoria,9211,3,2020-01-03
La Araucanía,9,Victoria,9211,5,2020-01-06
La Araucanía,9,Victoria,9211,2,2020-01-07
La Araucanía,9,Victoria,9211,1,2020-01-08
La Araucanía,9,Victoria,9211,4,2020-01-13
La Araucanía,9,Victoria,9211,1,2020-01-14
La Araucanía,9,Victoria,9211,2,2020-01-15
La Araucanía,9,Victoria,9211,1,2020-01-16
La Araucanía,9,Victoria,9211,3,2020-01-20
La Araucanía,9,Victoria,9211,1,2020-01-22
La Araucanía,9,Victoria,9211,3,2020-01-27
La Araucanía,9,Victoria,9211,1,2020-01-29
La Araucanía,9,Victoria,9211,1,2020-01-30
La Araucanía,9,Victoria,9211,1,2020-01-31
La Araucanía,9,Victoria,9211,1,2020-02-02
La Araucanía,9,Victoria,9211,3,2020-02-03
La Araucanía,9,Victoria,9211,1,2020-02-05
La Araucanía,9,Victoria,9211,1,2020-02-06
La Araucanía,9,Victoria,9211,1,2020-02-07
La Araucanía,9,Victoria,9211,7,2020-02-10
La Araucanía,9,Victoria,9211,2,2020-02-11
La Araucanía,9,Victoria,9211,2,2020-02-12
La Araucanía,9,Victoria,9211,1,2020-02-13
La Araucanía,9,Victoria,9211,1,2020-02-14
La Araucanía,9,Victoria,9211,1,2020-02-17
La Araucanía,9,Victoria,9211,3,2020-02-18
La Araucanía,9,Victoria,9211,1,2020-02-20
La Araucanía,9,Victoria,9211,2,2020-02-21
La Araucanía,9,Victoria,9211,2,2020-02-24
La Araucanía,9,Victoria,9211,2,2020-02-25
La Araucanía,9,Victoria,9211,1,2020-02-26
La Araucanía,9,Victoria,9211,2,2020-03-02
La Araucanía,9,Victoria,9211,3,2020-03-03
La Araucanía,9,Victoria,9211,2,2020-03-06
La Araucanía,9,Victoria,9211,2,2020-03-09
La Araucanía,9,Victoria,9211,1,2020-03-10
La Araucanía,9,Victoria,9211,1,2020-03-12
La Araucanía,9,Victoria,9211,1,2020-03-13
La Araucanía,9,Victoria,9211,2,2020-03-16
La Araucanía,9,Victoria,9211,1,2020-03-17
La Araucanía,9,Victoria,9211,2,2020-03-24
La Araucanía,9,Victoria,9211,2,2020-03-25
La Araucanía,9,Victoria,9211,1,2020-03-26
La Araucanía,9,Victoria,9211,1,2020-03-28
La Araucanía,9,Victoria,9211,1,2020-03-30
La Araucanía,9,Victoria,9211,1,2020-03-31
La Araucanía,9,Victoria,9211,2,2020-04-01
La Araucanía,9,Victoria,9211,1,2020-04-03
La Araucanía,9,Victoria,9211,3,2020-04-06
La Araucanía,9,Victoria,9211,2,2020-04-08
La Araucanía,9,Victoria,9211,5,2020-04-13
La Araucanía,9,Victoria,9211,3,2020-04-17
La Araucanía,9,Victoria,9211,1,2020-04-18
La Araucanía,9,Victoria,9211,1,2020-04-20
La Araucanía,9,Victoria,9211,1,2020-04-22
La Araucanía,9,Victoria,9211,3,2020-04-24
La Araucanía,9,Victoria,9211,3,2020-04-27
La Araucanía,9,Victoria,9211,1,2020-04-28
La Araucanía,9,Victoria,9211,2,2020-04-29
La Araucanía,9,Victoria,9211,1,2020-05-01
La Araucanía,9,Victoria,9211,3,2020-05-04
La Araucanía,9,Victoria,9211,1,2020-05-07
La Araucanía,9,Victoria,9211,2,2020-05-08
La Araucanía,9,Victoria,9211,4,2020-05-11
La Araucanía,9,Victoria,9211,2,2020-05-13
La Araucanía,9,Victoria,9211,2,2020-05-15
La Araucanía,9,Victoria,9211,2,2020-05-18
La Araucanía,9,Victoria,9211,2,2020-05-20
La Araucanía,9,Victoria,9211,1,2020-05-22
La Araucanía,9,Victoria,9211,1,2020-05-25
La Araucanía,9,Victoria,9211,1,2020-05-27
La Araucanía,9,Victoria,9211,2,2020-05-29
La Araucanía,9,Victoria,9211,1,2020-05-30
La Araucanía,9,Victoria,9211,1,2020-06-01
La Araucanía,9,Victoria,9211,3,2020-06-03
La Araucanía,9,Victoria,9211,1,2020-06-05
La Araucanía,9,Victoria,9211,1,2020-06-08
La Araucanía,9,Victoria,9211,1,2020-06-10
La Araucanía,9,Victoria,9211,1,2020-06-11
La Araucanía,9,Victoria,9211,4,2020-06-12
La Araucanía,9,Victoria,9211,3,2020-06-15
La Araucanía,9,Victoria,9211,1,2020-06-17
La Araucanía,9,Victoria,9211,2,2020-06-19
La Araucanía,9,Victoria,9211,3,2020-06-22
La Araucanía,9,Victoria,9211,4,2020-06-24
La Araucanía,9,Victoria,9211,1,2020-06-26
La Araucanía,9,Victoria,9211,1,2020-06-27
La Araucanía,9,Victoria,9211,1,2020-06-28
La Araucanía,9,Victoria,9211,2,2020-07-01
La Araucanía,9,Victoria,9211,1,2020-07-02
La Araucanía,9,Victoria,9211,1,2020-07-03
La Araucanía,9,Victoria,9211,4,2020-07-06
La Araucanía,9,Victoria,9211,3,2020-07-10
La Araucanía,9,Victoria,9211,5,2020-07-13
La Araucanía,9,Victoria,9211,2,2020-07-15
La Araucanía,9,Victoria,9211,3,2020-07-20
La Araucanía,9,Victoria,9211,2,2020-07-22
La Araucanía,9,Victoria,9211,3,2020-07-24
La Araucanía,9,Victoria,9211,2,2020-07-27
La Araucanía,9,Victoria,9211,1,2020-07-29
La Araucanía,9,Victoria,9211,1,2020-08-03
La Araucanía,9,Victoria,9211,2,2020-08-06
La Araucanía,9,Victoria,9211,2,2020-08-10
La Araucanía,9,Victoria,9211,2,2020-08-11
La Araucanía,9,Victoria,9211,3,2020-08-14
La Araucanía,9,Victoria,9211,2,2020-08-17
La Araucanía,9,Victoria,9211,1,2020-08-18
La Araucanía,9,Victoria,9211,2,2020-08-20
La Araucanía,9,Victoria,9211,4,2020-08-21
La Araucanía,9,Victoria,9211,2,2020-08-24
La Araucanía,9,Victoria,9211,2,2020-08-25
La Araucanía,9,Victoria,9211,1,2020-08-26
La Araucanía,9,Victoria,9211,4,2020-08-28
La Araucanía,9,Victoria,9211,1,2020-08-31
La Araucanía,9,Victoria,9211,3,2020-09-02
La Araucanía,9,Victoria,9211,1,2020-09-04
La Araucanía,9,Victoria,9211,1,2020-09-07
La Araucanía,9,Victoria,9211,1,2020-09-10
La Araucanía,9,Victoria,9211,3,2020-09-12
La Araucanía,9,Victoria,9211,4,2020-09-16
La Araucanía,9,Victoria,9211,1,2020-09-17
La Araucanía,9,Victoria,9211,2,2020-09-18
La Araucanía,9,Victoria,9211,2,2020-09-21
La Araucanía,9,Victoria,9211,3,2020-09-22
La Araucanía,9,Victoria,9211,2,2020-09-23
La Araucanía,9,Victoria,9211,5,2020-09-29
La Araucanía,9,Victoria,9211,1,2020-10-01
La Araucanía,9,Victoria,9211,1,2020-10-02
La Araucanía,9,Victoria,9211,1,2020-10-05
La Araucanía,9,Victoria,9211,3,2020-10-07
La Araucanía,9,Victoria,9211,3,2020-10-08
La Araucanía,9,Victoria,9211,4,2020-10-13
La Araucanía,9,Victoria,9211,2,2020-10-14
La Araucanía,9,Victoria,9211,2,2020-10-15
La Araucanía,9,Victoria,9211,6,2020-10-16
La Araucanía,9,Victoria,9211,1,2020-10-19
La Araucanía,9,Victoria,9211,2,2020-10-21
La Araucanía,9,Victoria,9211,2,2020-10-22
La Araucanía,9,Victoria,9211,3,2020-10-23
La Araucanía,9,Victoria,9211,4,2020-10-26
La Araucanía,9,Victoria,9211,3,2020-10-28
La Araucanía,9,Victoria,9211,2,2020-10-30
La Araucanía,9,Victoria,9211,2,2020-11-02
La Araucanía,9,Victoria,9211,1,2020-11-04
La Araucanía,9,Victoria,9211,1,2020-11-06
La Araucanía,9,Victoria,9211,5,2020-11-09
La Araucanía,9,Victoria,9211,2,2020-11-11
La Araucanía,9,Victoria,9211,2,2020-11-12
La Araucanía,9,Victoria,9211,1,2020-11-13
La Araucanía,9,Victoria,9211,1,2020-11-16
La Araucanía,9,Victoria,9211,1,2020-11-17
La Araucanía,9,Victoria,9211,1,2020-11-18
La Araucanía,9,Victoria,9211,2,2020-11-20
La Araucanía,9,Victoria,9211,2,2020-11-23
La Araucanía,9,Victoria,9211,2,2020-11-24
La Araucanía,9,Victoria,9211,1,2020-11-25
La Araucanía,9,Victoria,9211,3,2020-11-26
La Araucanía,9,Victoria,9211,2,2020-11-30
La Araucanía,9,Victoria,9211,2,2020-12-02
La Araucanía,9,Victoria,9211,1,2020-12-04
La Araucanía,9,Victoria,9211,2,2020-12-07
La Araucanía,9,Victoria,9211,5,2020-12-09
La Araucanía,9,Victoria,9211,1,2020-12-10
La Araucanía,9,Victoria,9211,1,2020-12-11
La Araucanía,9,Victoria,9211,1,2020-12-14
La Araucanía,9,Victoria,9211,4,2020-12-15
La Araucanía,9,Victoria,9211,1,2020-12-16
La Araucanía,9,Victoria,9211,1,2020-12-17
La Araucanía,9,Victoria,9211,2,2020-12-21
La Araucanía,9,Victoria,9211,3,2020-12-23
La Araucanía,9,Victoria,9211,1,2020-12-24
La Araucanía,9,Victoria,9211,1,2020-12-25
La Araucanía,9,Victoria,9211,1,2020-12-26
La Araucanía,9,Victoria,9211,2,2020-12-28
La Araucanía,9,Victoria,9211,1,2020-12-29
La Araucanía,9,Victoria,9211,2,2021-01-01
La Araucanía,9,Victoria,9211,2,2021-01-04
La Araucanía,9,Victoria,9211,1,2021-01-07
La Araucanía,9,Victoria,9211,2,2021-01-08
La Araucanía,9,Victoria,9211,1,2021-01-11
La Araucanía,9,Victoria,9211,2,2021-01-12
La Araucanía,9,Victoria,9211,1,2021-01-13
La Araucanía,9,Victoria,9211,1,2021-01-14
